-1.110000000000000014e-01,1.360000000000000098e-01,4.100000000000000172e-02
-1.079999999999999988e-01,1.360000000000000098e-01,4.700000000000000011e-02
-1.049999999999999961e-01,1.360000000000000098e-01,5.199999999999999761e-02
-1.019999999999999934e-01,1.360000000000000098e-01,5.600000000000000117e-02
-1.089999999999999997e-01,1.360000000000000098e-01,2.400000000000000050e-02
-1.069999999999999979e-01,1.360000000000000098e-01,1.799999999999999864e-02
-1.059999999999999970e-01,1.360000000000000098e-01,1.400000000000000029e-02
-1.029999999999999943e-01,1.360000000000000098e-01,8.999999999999999320e-03
-8.599999999999999312e-02,1.360000000000000098e-01,7.000000000000000666e-02
-7.799999999999999989e-02,1.360000000000000098e-01,7.399999999999999634e-02
-7.099999999999999367e-02,1.360000000000000098e-01,7.599999999999999811e-02
-6.800000000000000488e-02,1.360000000000000098e-01,7.699999999999999900e-02
-6.199999999999999956e-02,1.360000000000000098e-01,7.699999999999999900e-02
-6.099999999999999867e-02,1.360000000000000098e-01,7.599999999999999811e-02
-5.700000000000000205e-02,1.360000000000000098e-01,7.699999999999999900e-02
-5.399999999999999939e-02,1.360000000000000098e-01,7.599999999999999811e-02
-4.599999999999999922e-02,1.360000000000000098e-01,7.299999999999999545e-02
-3.899999999999999994e-02,1.360000000000000098e-01,7.000000000000000666e-02
-8.799999999999999489e-02,1.360000000000000098e-01,-3.000000000000000062e-03
-8.500000000000000611e-02,1.360000000000000098e-01,-4.000000000000000083e-03
-4.599999999999999922e-02,1.360000000000000098e-01,-6.000000000000000125e-03
-4.200000000000000261e-02,1.360000000000000098e-01,-4.000000000000000083e-03
-3.799999999999999906e-02,1.360000000000000098e-01,-2.000000000000000042e-03
-3.099999999999999978e-02,1.360000000000000098e-01,2.000000000000000042e-03
-2.699999999999999969e-02,1.360000000000000098e-01,6.000000000000000125e-03
-3.200000000000000067e-02,1.360000000000000098e-01,6.400000000000000133e-02
-2.800000000000000058e-02,1.360000000000000098e-01,5.800000000000000294e-02
-2.500000000000000139e-02,1.360000000000000098e-01,5.399999999999999939e-02
1.299999999999999940e-02,1.360000000000000098e-01,5.399999999999999939e-02
1.499999999999999944e-02,1.360000000000000098e-01,5.800000000000000294e-02
1.700000000000000122e-02,1.360000000000000098e-01,6.500000000000000222e-02
-2.100000000000000130e-02,1.360000000000000098e-01,2.400000000000000050e-02
-2.000000000000000042e-02,1.360000000000000098e-01,3.200000000000000067e-02
1.200000000000000025e-02,1.360000000000000098e-01,3.200000000000000067e-02
1.299999999999999940e-02,1.360000000000000098e-01,2.599999999999999881e-02
1.400000000000000029e-02,1.360000000000000098e-01,2.199999999999999872e-02
1.899999999999999953e-02,1.360000000000000098e-01,8.000000000000000167e-03
2.199999999999999872e-02,1.360000000000000098e-01,4.000000000000000083e-03
2.500000000000000139e-02,1.360000000000000098e-01,1.000000000000000021e-03
3.300000000000000155e-02,1.360000000000000098e-01,-2.000000000000000042e-03
3.699999999999999817e-02,1.360000000000000098e-01,-4.000000000000000083e-03
4.200000000000000261e-02,1.360000000000000098e-01,-5.000000000000000104e-03
7.199999999999999456e-02,1.360000000000000098e-01,-5.000000000000000104e-03
7.599999999999999811e-02,1.360000000000000098e-01,-3.000000000000000062e-03
3.300000000000000155e-02,1.360000000000000098e-01,7.499999999999999722e-02
3.699999999999999817e-02,1.360000000000000098e-01,7.699999999999999900e-02
4.200000000000000261e-02,1.360000000000000098e-01,7.900000000000000078e-02
5.000000000000000278e-02,1.360000000000000098e-01,8.100000000000000255e-02
5.800000000000000294e-02,1.360000000000000098e-01,8.200000000000000344e-02
6.600000000000000311e-02,1.360000000000000098e-01,8.100000000000000255e-02
7.399999999999999634e-02,1.360000000000000098e-01,7.900000000000000078e-02
7.900000000000000078e-02,1.360000000000000098e-01,7.699999999999999900e-02
8.300000000000000433e-02,1.360000000000000098e-01,7.499999999999999722e-02
9.199999999999999845e-02,1.360000000000000098e-01,7.000000000000000146e-03
9.600000000000000200e-02,1.360000000000000098e-01,1.200000000000000025e-02
9.800000000000000377e-02,1.360000000000000098e-01,1.499999999999999944e-02
1.059999999999999970e-01,1.360000000000000098e-01,1.499999999999999944e-02
1.069999999999999979e-01,1.360000000000000098e-01,1.099999999999999936e-02
1.110000000000000014e-01,1.360000000000000098e-01,1.400000000000000029e-02
1.140000000000000041e-01,1.360000000000000098e-01,8.000000000000000167e-03
8.699999999999999400e-02,1.360000000000000098e-01,7.099999999999999367e-02
9.099999999999999756e-02,1.360000000000000098e-01,6.400000000000000133e-02
9.299999999999999933e-02,1.360000000000000098e-01,5.899999999999999689e-02
9.600000000000000200e-02,1.360000000000000098e-01,5.600000000000000117e-02
9.900000000000000466e-02,1.360000000000000098e-01,5.000000000000000278e-02
1.059999999999999970e-01,1.360000000000000098e-01,5.000000000000000278e-02
1.089999999999999997e-01,1.360000000000000098e-01,5.299999999999999850e-02
1.130000000000000032e-01,1.360000000000000098e-01,5.800000000000000294e-02
1.170000000000000068e-01,1.360000000000000098e-01,6.199999999999999956e-02
1.209999999999999964e-01,1.360000000000000098e-01,6.600000000000000311e-02
1.250000000000000000e-01,1.360000000000000098e-01,6.900000000000000577e-02
1.300000000000000044e-01,1.360000000000000098e-01,7.099999999999999367e-02
1.380000000000000115e-01,1.360000000000000098e-01,7.399999999999999634e-02
1.439999999999999891e-01,1.360000000000000098e-01,7.599999999999999811e-02
1.479999999999999927e-01,1.360000000000000098e-01,7.699999999999999900e-02
1.539999999999999980e-01,1.360000000000000098e-01,7.699999999999999900e-02
1.600000000000000033e-01,1.360000000000000098e-01,7.699999999999999900e-02
1.640000000000000069e-01,1.360000000000000098e-01,7.599999999999999811e-02
1.700000000000000122e-01,1.360000000000000098e-01,7.199999999999999456e-02
1.749999999999999889e-01,1.360000000000000098e-01,6.900000000000000577e-02
1.270000000000000018e-01,1.360000000000000098e-01,-3.000000000000000062e-03
1.310000000000000053e-01,1.360000000000000098e-01,-5.000000000000000104e-03
1.380000000000000115e-01,1.360000000000000098e-01,-8.000000000000000167e-03
1.459999999999999909e-01,1.360000000000000098e-01,-1.000000000000000021e-02
1.539999999999999980e-01,1.360000000000000098e-01,-1.000000000000000021e-02
1.620000000000000051e-01,1.360000000000000098e-01,-8.999999999999999320e-03
1.690000000000000113e-01,1.360000000000000098e-01,-6.000000000000000125e-03
1.739999999999999880e-01,1.360000000000000098e-01,-3.000000000000000062e-03
1.789999999999999925e-01,1.360000000000000098e-01,-1.000000000000000021e-03
1.829999999999999960e-01,1.360000000000000098e-01,3.000000000000000062e-03
1.779999999999999916e-01,1.360000000000000098e-01,6.500000000000000222e-02
1.829999999999999960e-01,1.360000000000000098e-01,6.199999999999999956e-02
1.859999999999999987e-01,1.360000000000000098e-01,5.700000000000000205e-02
1.890000000000000013e-01,1.360000000000000098e-01,5.000000000000000278e-02
1.900000000000000022e-01,1.360000000000000098e-01,1.799999999999999864e-02
1.910000000000000031e-01,1.360000000000000098e-01,2.500000000000000139e-02
1.920000000000000040e-01,1.360000000000000098e-01,3.300000000000000155e-02
2.399999999999999911e-01,1.360000000000000098e-01,3.300000000000000155e-02
2.439999999999999947e-01,1.360000000000000098e-01,3.899999999999999994e-02
2.469999999999999973e-01,1.360000000000000098e-01,4.299999999999999656e-02
2.510000000000000009e-01,1.360000000000000098e-01,4.700000000000000011e-02
2.409999999999999920e-01,1.360000000000000098e-01,1.600000000000000033e-02
2.439999999999999947e-01,1.360000000000000098e-01,1.099999999999999936e-02
2.479999999999999982e-01,1.360000000000000098e-01,7.000000000000000146e-03
2.520000000000000018e-01,1.360000000000000098e-01,3.000000000000000062e-03
2.610000000000000098e-01,1.360000000000000098e-01,6.099999999999999867e-02
2.660000000000000142e-01,1.360000000000000098e-01,5.999999999999999778e-02
2.660000000000000142e-01,1.360000000000000098e-01,6.400000000000000133e-02
2.740000000000000213e-01,1.360000000000000098e-01,6.500000000000000222e-02
2.750000000000000222e-01,1.360000000000000098e-01,5.899999999999999689e-02
2.790000000000000258e-01,1.360000000000000098e-01,6.400000000000000133e-02
2.660000000000000142e-01,1.360000000000000098e-01,-8.000000000000000167e-03
2.710000000000000187e-01,1.360000000000000098e-01,-1.099999999999999936e-02
2.909999999999999809e-01,1.360000000000000098e-01,-1.000000000000000021e-02
2.979999999999999871e-01,1.360000000000000098e-01,-7.000000000000000146e-03
3.019999999999999907e-01,1.360000000000000098e-01,-3.000000000000000062e-03
3.029999999999999916e-01,1.360000000000000098e-01,-4.000000000000000083e-03
3.049999999999999933e-01,1.360000000000000098e-01,0.000000000000000000e+00
2.899999999999999800e-01,1.360000000000000098e-01,5.500000000000000028e-02
2.929999999999999827e-01,1.360000000000000098e-01,5.199999999999999761e-02
2.949999999999999845e-01,1.360000000000000098e-01,5.299999999999999850e-02
2.979999999999999871e-01,1.360000000000000098e-01,4.900000000000000189e-02
3.089999999999999969e-01,1.360000000000000098e-01,3.500000000000000333e-02
3.109999999999999987e-01,1.360000000000000098e-01,3.200000000000000067e-02
3.119999999999999996e-01,1.360000000000000098e-01,1.700000000000000122e-02
3.130000000000000004e-01,1.360000000000000098e-01,2.500000000000000139e-02
