-1.6000,-0.1750,0.3000
-1.5975,-0.1750,0.3000
-1.5950,-0.1750,0.3000
-1.5925,-0.1750,0.3000
-1.5901,-0.1750,0.3000
-1.5876,-0.1750,0.3000
-1.5851,-0.1750,0.3000
-1.5826,-0.1750,0.3000
-1.5801,-0.1750,0.3000
-1.5776,-0.1750,0.3000
-1.5751,-0.1750,0.3000
-1.5726,-0.1750,0.3000
-1.5701,-0.1750,0.3000
-1.5676,-0.1750,0.3000
-1.5651,-0.1750,0.3000
-1.5626,-0.1750,0.3000
-1.5601,-0.1750,0.3000
-1.5576,-0.1750,0.3000
-1.5551,-0.1750,0.3000
-1.5527,-0.1750,0.3000
-1.5502,-0.1750,0.3000
-1.5477,-0.1750,0.3000
-1.5452,-0.1750,0.3000
-1.5427,-0.1750,0.3000
-1.5402,-0.1750,0.3000
-1.5377,-0.1750,0.3000
-1.5353,-0.1750,0.3000
-1.5328,-0.1750,0.3000
-1.5303,-0.1750,0.3000
-1.5278,-0.1750,0.3000
-1.5253,-0.1750,0.3000
-1.5228,-0.1750,0.3000
-1.5203,-0.1750,0.3000
-1.5178,-0.1750,0.3000
-1.5153,-0.1750,0.3000
-1.5128,-0.1750,0.3000
-1.5103,-0.1750,0.3000
-1.5078,-0.1750,0.3000
-1.5053,-0.1750,0.3000
-1.5028,-0.1750,0.3000
-1.5003,-0.1750,0.3000
-1.4979,-0.1750,0.3000
-1.4954,-0.1750,0.3000
-1.4929,-0.1750,0.3000
-1.4904,-0.1750,0.3000
-1.4879,-0.1750,0.3000
-1.4854,-0.1750,0.3000
-1.4829,-0.1750,0.3000
-1.4805,-0.1750,0.3000
-1.4780,-0.1750,0.3000
-1.4755,-0.1750,0.3000
-1.4730,-0.1750,0.3000
-1.4705,-0.1750,0.3000
-1.4680,-0.1750,0.3000
-1.4655,-0.1750,0.3000
-1.4630,-0.1750,0.3000
-1.4605,-0.1750,0.3000
-1.4580,-0.1750,0.3000
-1.4555,-0.1750,0.3000
-1.4530,-0.1750,0.3000
-1.4505,-0.1750,0.3000
-1.4480,-0.1750,0.3000
-1.4455,-0.1750,0.3000
-1.4431,-0.1750,0.3000
-1.4406,-0.1750,0.3000
-1.4381,-0.1750,0.3000
-1.4356,-0.1750,0.3000
-1.4331,-0.1750,0.3000
-1.4306,-0.1750,0.3000
-1.4281,-0.1750,0.3000
-1.4257,-0.1750,0.3000
-1.4232,-0.1750,0.3000
-1.4207,-0.1750,0.3000
-1.4182,-0.1750,0.3000
-1.4157,-0.1750,0.3000
-1.4132,-0.1750,0.3000
-1.4107,-0.1750,0.3000
-1.4082,-0.1750,0.3000
-1.4057,-0.1750,0.3000
-1.4032,-0.1750,0.3000
-1.4007,-0.1750,0.3000
-1.3982,-0.1750,0.3000
-1.3957,-0.1750,0.3000
-1.3932,-0.1750,0.3000
-1.3907,-0.1750,0.3000
-1.3883,-0.1750,0.3000
-1.3858,-0.1750,0.3000
-1.3833,-0.1750,0.3000
-1.3808,-0.1750,0.3000
-1.3783,-0.1750,0.3000
-1.3758,-0.1750,0.3000
-1.3733,-0.1750,0.3000
-1.3709,-0.1750,0.3000
-1.3684,-0.1750,0.3000
-1.3659,-0.1750,0.3000
-1.3634,-0.1750,0.3000
-1.3609,-0.1750,0.3000
-1.3584,-0.1750,0.3000
-1.3559,-0.1750,0.3000
-1.3534,-0.1750,0.3000
-1.3509,-0.1750,0.3000
-1.3484,-0.1750,0.3000
-1.3459,-0.1750,0.3000
-1.3434,-0.1750,0.3000
-1.3409,-0.1750,0.3000
-1.3384,-0.1750,0.3000
-1.3360,-0.1750,0.3000
-1.3335,-0.1750,0.3000
-1.3310,-0.1750,0.3000
-1.3285,-0.1750,0.3000
-1.3260,-0.1750,0.3000
-1.3235,-0.1750,0.3000
-1.3210,-0.1750,0.3000
-1.3185,-0.1750,0.3000
-1.3161,-0.1750,0.3000
-1.3136,-0.1750,0.3000
-1.3111,-0.1750,0.3000
-1.3086,-0.1750,0.3000
-1.3061,-0.1750,0.3000
-1.3036,-0.1750,0.3000
-1.3011,-0.1750,0.3000
-1.2986,-0.1750,0.3000
-1.2961,-0.1750,0.3000
-1.2936,-0.1750,0.3000
-1.2911,-0.1750,0.3000
-1.2886,-0.1750,0.3000
-1.2861,-0.1750,0.3000
-1.2836,-0.1750,0.3000
-1.2812,-0.1750,0.3000
-1.2787,-0.1750,0.3000
-1.2762,-0.1750,0.3000
-1.2737,-0.1750,0.3000
-1.2712,-0.1750,0.3000
-1.2687,-0.1750,0.3000
-1.2662,-0.1750,0.3000
-1.2637,-0.1750,0.3000
-1.2613,-0.1750,0.3000
-1.2588,-0.1750,0.3000
-1.2563,-0.1750,0.3000
-1.2538,-0.1750,0.3000
-1.2513,-0.1750,0.3000
-1.2488,-0.1750,0.3000
-1.2463,-0.1750,0.3000
-1.2438,-0.1750,0.3000
-1.2413,-0.1750,0.3000
-1.2388,-0.1750,0.3000
-1.2363,-0.1750,0.3000
-1.2338,-0.1750,0.3000
-1.2313,-0.1750,0.3000
-1.2288,-0.1750,0.3000
-1.2264,-0.1750,0.3000
-1.2239,-0.1750,0.3000
-1.2214,-0.1750,0.3000
-1.2189,-0.1750,0.3000
-1.2164,-0.1750,0.3000
-1.2139,-0.1750,0.3000
-1.2114,-0.1750,0.3000
-1.2089,-0.1750,0.3000
-1.2065,-0.1750,0.3000
-1.2040,-0.1750,0.3000
-1.2015,-0.1750,0.3000
-1.1990,-0.1750,0.3000
-1.1965,-0.1750,0.3000
-1.1940,-0.1750,0.3000
-1.1915,-0.1750,0.3000
-1.1890,-0.1750,0.3000
-1.1865,-0.1750,0.3000
-1.1840,-0.1750,0.3000
-1.1815,-0.1750,0.3000
-1.1790,-0.1750,0.3000
-1.1765,-0.1750,0.3000
-1.1740,-0.1750,0.3000
-1.1716,-0.1750,0.3000
-1.1691,-0.1750,0.3000
-1.1666,-0.1750,0.3000
-1.1641,-0.1750,0.3000
-1.1616,-0.1750,0.3000
-1.1591,-0.1750,0.3000
-1.1566,-0.1750,0.3000
-1.1541,-0.1750,0.3000
-1.1517,-0.1750,0.3000
-1.1492,-0.1750,0.3000
-1.1467,-0.1750,0.3000
-1.1442,-0.1750,0.3000
-1.1417,-0.1750,0.3000
-1.1392,-0.1750,0.3000
-1.1367,-0.1750,0.3000
-1.1342,-0.1750,0.3000
-1.1317,-0.1750,0.3000
-1.1292,-0.1750,0.3000
-1.1267,-0.1750,0.3000
-1.1242,-0.1750,0.3000
-1.1217,-0.1750,0.3000
-1.1192,-0.1750,0.3000
-1.1168,-0.1750,0.3000
-1.1143,-0.1750,0.3000
-1.1118,-0.1750,0.3000
-1.1093,-0.1750,0.3000
-1.1068,-0.1750,0.3000
-1.1043,-0.1750,0.3000
-1.1018,-0.1750,0.3000
-1.0994,-0.1750,0.3000
-1.0969,-0.1750,0.3000
-1.0944,-0.1750,0.3000
-1.0919,-0.1750,0.3000
-1.0894,-0.1750,0.3000
-1.0869,-0.1750,0.3000
-1.0844,-0.1750,0.3000
-1.0819,-0.1750,0.3000
-1.0794,-0.1750,0.3000
-1.0769,-0.1750,0.3000
-1.0744,-0.1750,0.3000
-1.0719,-0.1750,0.3000
-1.0694,-0.1750,0.3000
-1.0669,-0.1750,0.3000
-1.0644,-0.1750,0.3000
-1.0620,-0.1750,0.3000
-1.0595,-0.1750,0.3000
-1.0570,-0.1750,0.3000
-1.0545,-0.1750,0.3000
-1.0520,-0.1750,0.3000
-1.0495,-0.1750,0.3000
-1.0470,-0.1750,0.3000
-1.0446,-0.1750,0.3000
-1.0421,-0.1750,0.3000
-1.0396,-0.1750,0.3000
-1.0371,-0.1750,0.3000
-1.0346,-0.1750,0.3000
-1.0321,-0.1750,0.3000
-1.0296,-0.1750,0.3000
-1.0271,-0.1750,0.3000
-1.0246,-0.1750,0.3000
-1.0221,-0.1750,0.3000
-1.0196,-0.1750,0.3000
-1.0171,-0.1750,0.3000
-1.0146,-0.1750,0.3000
-1.0121,-0.1750,0.3000
-1.0096,-0.1750,0.3000
-1.0072,-0.1750,0.3000
-1.0047,-0.1750,0.3000
-1.0022,-0.1750,0.3000
-0.9997,-0.1750,0.3000
-0.9972,-0.1750,0.3000
-0.9947,-0.1750,0.3000
-0.9922,-0.1750,0.3000
-0.9898,-0.1750,0.3000
-0.9873,-0.1750,0.3000
-0.9848,-0.1750,0.3000
-0.9823,-0.1750,0.3000
-0.9798,-0.1750,0.3000
-0.9773,-0.1750,0.3000
-0.9748,-0.1750,0.3000
-0.9723,-0.1750,0.3000
-0.9698,-0.1750,0.3000
-0.9673,-0.1750,0.3000
-0.9648,-0.1750,0.3000
-0.9623,-0.1750,0.3000
-0.9598,-0.1750,0.3000
-0.9573,-0.1750,0.3000
-0.9548,-0.1750,0.3000
-0.9524,-0.1750,0.3000
-0.9499,-0.1750,0.3000
-0.9474,-0.1750,0.3000
-0.9449,-0.1750,0.3000
-0.9424,-0.1750,0.3000
-0.9399,-0.1750,0.3000
-0.9374,-0.1750,0.3000
-0.9350,-0.1750,0.3000
-0.9325,-0.1750,0.3000
-0.9300,-0.1750,0.3000
-0.9275,-0.1750,0.3000
-0.9250,-0.1750,0.3000
-0.9225,-0.1750,0.3000
-0.9200,-0.1750,0.3000
-0.9175,-0.1750,0.3000
-0.9150,-0.1750,0.3000
-0.9125,-0.1750,0.3000
-0.9100,-0.1750,0.3000
-0.9075,-0.1750,0.3000
-0.9050,-0.1750,0.3000
-0.9025,-0.1750,0.3000
-0.9000,-0.1750,0.3000
-0.8976,-0.1750,0.3000
-0.8951,-0.1750,0.3000
-0.8926,-0.1750,0.3000
-0.8901,-0.1750,0.3000
-0.8876,-0.1750,0.3000
-0.8851,-0.1750,0.3000
-0.8826,-0.1750,0.3000
-0.8802,-0.1750,0.3000
-0.8777,-0.1750,0.3000
-0.8752,-0.1750,0.3000
-0.8727,-0.1750,0.3000
-0.8702,-0.1750,0.3000
-0.8677,-0.1750,0.3000
-0.8652,-0.1750,0.3000
-0.8628,-0.1750,0.3000
-0.8602,-0.1750,0.3000
-0.8577,-0.1750,0.3000
-0.8552,-0.1750,0.3000
-0.8527,-0.1750,0.3000
-0.8502,-0.1750,0.3000
-0.8477,-0.1750,0.3000
-0.8452,-0.1750,0.3000
-0.8428,-0.1750,0.3000
-0.8403,-0.1750,0.3000
-0.8378,-0.1750,0.3000
-0.8353,-0.1750,0.3000
-0.8328,-0.1750,0.3000
-0.8303,-0.1750,0.3000
-0.8278,-0.1750,0.3000
-0.8254,-0.1750,0.3000
-0.8229,-0.1750,0.3000
-0.8204,-0.1750,0.3000
-0.8179,-0.1750,0.3000
-0.8154,-0.1750,0.3000
-0.8129,-0.1750,0.3000
-0.8104,-0.1750,0.3000
-0.8080,-0.1750,0.3000
-0.8054,-0.1750,0.3000
-0.8029,-0.1750,0.3000
-0.8004,-0.1750,0.3000
-0.7979,-0.1750,0.3000
-0.7954,-0.1750,0.3000
-0.7929,-0.1750,0.3000
-0.7904,-0.1750,0.3000
-0.7880,-0.1750,0.3000
-0.7855,-0.1750,0.3000
-0.7830,-0.1750,0.3000
-0.7805,-0.1750,0.3000
-0.7780,-0.1750,0.3000
-0.7755,-0.1750,0.3000
-0.7730,-0.1750,0.3000
-0.7706,-0.1750,0.3000
-0.7681,-0.1750,0.3000
-0.7656,-0.1750,0.3000
-0.7631,-0.1750,0.3000
-0.7606,-0.1750,0.3000
-0.7581,-0.1750,0.3000
-0.7556,-0.1750,0.3000
-0.7532,-0.1750,0.3000
-0.7507,-0.1750,0.3000
-0.7481,-0.1750,0.3000
-0.7456,-0.1750,0.3000
-0.7431,-0.1750,0.3000
-0.7406,-0.1750,0.3000
-0.7381,-0.1750,0.3000
-0.7356,-0.1750,0.3000
-0.7332,-0.1750,0.3000
-0.7307,-0.1750,0.3000
-0.7282,-0.1750,0.3000
-0.7257,-0.1750,0.3000
-0.7232,-0.1750,0.3000
-0.7207,-0.1750,0.3000
-0.7182,-0.1750,0.3000
-0.7158,-0.1750,0.3000
-0.7133,-0.1750,0.3000
-0.7108,-0.1750,0.3000
-0.7083,-0.1750,0.3000
-0.7058,-0.1750,0.3000
-0.7033,-0.1750,0.3000
-0.7008,-0.1750,0.3000
-0.6984,-0.1750,0.3000
-0.6959,-0.1750,0.3000
-0.6933,-0.1750,0.3000
-0.6908,-0.1750,0.3000
-0.6883,-0.1750,0.3000
-0.6858,-0.1750,0.3000
-0.6833,-0.1750,0.3000
-0.6808,-0.1750,0.3000
-0.6784,-0.1750,0.3000
-0.6759,-0.1750,0.3000
-0.6734,-0.1750,0.3000
-0.6709,-0.1750,0.3000
-0.6684,-0.1750,0.3000
-0.6659,-0.1750,0.3000
-0.6634,-0.1750,0.3000
-0.6610,-0.1750,0.3000
-0.6585,-0.1750,0.3000
-0.6560,-0.1750,0.3000
-0.6535,-0.1750,0.3000
-0.6510,-0.1750,0.3000
-0.6485,-0.1750,0.3000
-0.6460,-0.1750,0.3000
-0.6436,-0.1750,0.3000
-0.6410,-0.1750,0.3000
-0.6385,-0.1750,0.3000
-0.6360,-0.1750,0.3000
-0.6335,-0.1750,0.3000
-0.6310,-0.1750,0.3000
-0.6285,-0.1750,0.3000
-0.6260,-0.1750,0.3000
-0.6236,-0.1750,0.3000
-0.6211,-0.1750,0.3000
-0.6186,-0.1750,0.3000
-0.6161,-0.1750,0.3000
-0.6136,-0.1750,0.3000
-0.6111,-0.1750,0.3000
-0.6086,-0.1750,0.3000
-0.6062,-0.1750,0.3000
-0.6037,-0.1750,0.3000
-0.6012,-0.1750,0.3000
-0.5987,-0.1750,0.3000
-0.5962,-0.1750,0.3000
-0.5937,-0.1750,0.3000
-0.5912,-0.1750,0.3000
-0.5888,-0.1750,0.3000
-0.5862,-0.1750,0.3000
-0.5837,-0.1750,0.3000
-0.5812,-0.1750,0.3000
-0.5787,-0.1750,0.3000
-0.5762,-0.1750,0.3000
-0.5737,-0.1750,0.3000
-0.5713,-0.1750,0.3000
-0.5688,-0.1750,0.3000
-0.5663,-0.1750,0.3000
-0.5638,-0.1750,0.3000
-0.5613,-0.1750,0.3000
-0.5588,-0.1750,0.3000
-0.5563,-0.1750,0.3000
-0.5538,-0.1750,0.3000
-0.5514,-0.1750,0.3000
-0.5489,-0.1750,0.3000
-0.5464,-0.1750,0.3000
-0.5439,-0.1750,0.3000
-0.5414,-0.1750,0.3000
-0.5389,-0.1750,0.3000
-0.5364,-0.1750,0.3000
-0.5340,-0.1750,0.3000
-0.5314,-0.1750,0.3000
-0.5289,-0.1750,0.3000
-0.5264,-0.1750,0.3000
-0.5239,-0.1750,0.3000
-0.5214,-0.1750,0.3000
-0.5189,-0.1750,0.3000
-0.5165,-0.1750,0.3000
-0.5140,-0.1750,0.3000
-0.5115,-0.1750,0.3000
-0.5090,-0.1750,0.3000
-0.5065,-0.1750,0.3000
-0.5040,-0.1750,0.3000
-0.5015,-0.1750,0.3000
-0.4990,-0.1750,0.3000
-0.4966,-0.1750,0.3000
-0.4941,-0.1750,0.3000
-0.4916,-0.1750,0.3000
-0.4891,-0.1750,0.3000
-0.4866,-0.1750,0.3000
-0.4841,-0.1750,0.3000
-0.4816,-0.1750,0.3000
-0.4792,-0.1750,0.3000
-0.4766,-0.1750,0.3000
-0.4741,-0.1750,0.3000
-0.4716,-0.1750,0.3000
-0.4691,-0.1750,0.3000
-0.4666,-0.1750,0.3000
-0.4641,-0.1750,0.3000
-0.4617,-0.1750,0.3000
-0.4592,-0.1750,0.3000
-0.4567,-0.1750,0.3000
-0.4542,-0.1750,0.3000
-0.4517,-0.1750,0.3000
-0.4492,-0.1750,0.3000
-0.4467,-0.1750,0.3000
-0.4442,-0.1750,0.3000
-0.4418,-0.1750,0.3000
-0.4393,-0.1750,0.3000
-0.4368,-0.1750,0.3000
-0.4343,-0.1750,0.3000
-0.4318,-0.1750,0.3000
-0.4293,-0.1750,0.3000
-0.4268,-0.1750,0.3000
-0.4244,-0.1750,0.3000
-0.4218,-0.1750,0.3000
-0.4193,-0.1750,0.3000
-0.4168,-0.1750,0.3000
-0.4143,-0.1750,0.3000
-0.4118,-0.1750,0.3000
-0.4093,-0.1750,0.3000
-0.4069,-0.1750,0.3000
-0.4044,-0.1750,0.3000
-0.4019,-0.1750,0.3000
-0.3994,-0.1750,0.3000
-0.3969,-0.1750,0.3000
-0.3944,-0.1750,0.3000
-0.3919,-0.1750,0.3000
-0.3894,-0.1750,0.3000
-0.3870,-0.1750,0.3000
-0.3845,-0.1750,0.3000
-0.3820,-0.1750,0.3000
-0.3795,-0.1750,0.3000
-0.3770,-0.1750,0.3000
-0.3745,-0.1750,0.3000
-0.3720,-0.1750,0.3000
-0.3696,-0.1750,0.3000
-0.3670,-0.1750,0.3000
-0.3645,-0.1750,0.3000
-0.3620,-0.1750,0.3000
-0.3595,-0.1750,0.3000
-0.3570,-0.1750,0.3000
-0.3545,-0.1750,0.3000
-0.3521,-0.1750,0.3000
-0.3496,-0.1750,0.3000
-0.3471,-0.1750,0.3000
-0.3446,-0.1750,0.3000
-0.3421,-0.1750,0.3000
-0.3396,-0.1750,0.3000
-0.3371,-0.1750,0.3000
-0.3347,-0.1750,0.3000
-0.3322,-0.1750,0.3000
-0.3297,-0.1750,0.3000
-0.3272,-0.1750,0.3000
-0.3247,-0.1750,0.3000
-0.3222,-0.1750,0.3000
-0.3197,-0.1750,0.3000
-0.3172,-0.1750,0.3000
-0.3148,-0.1750,0.3000
-0.3123,-0.1750,0.3000
-0.3097,-0.1750,0.3000
-0.3072,-0.1750,0.3000
-0.3047,-0.1750,0.3000
-0.3022,-0.1750,0.3000
-0.2997,-0.1750,0.3000
-0.2973,-0.1750,0.3000
-0.2948,-0.1750,0.3000
-0.2923,-0.1750,0.3000
-0.2898,-0.1750,0.3000
-0.2873,-0.1750,0.3000
-0.2848,-0.1750,0.3000
-0.2823,-0.1750,0.3000
-0.2799,-0.1750,0.3000
-0.2774,-0.1750,0.3000
-0.2749,-0.1750,0.3000
-0.2724,-0.1750,0.3000
-0.2699,-0.1750,0.3000
-0.2674,-0.1750,0.3000
-0.2649,-0.1750,0.3000
-0.2624,-0.1750,0.3000
-0.2600,-0.1750,0.3000
-0.2575,-0.1750,0.3000
-0.2549,-0.1750,0.3000
-0.2524,-0.1750,0.3000
-0.2499,-0.1750,0.3000
-0.2474,-0.1750,0.3000
-0.2449,-0.1750,0.3000
-0.2425,-0.1750,0.3000
-0.2400,-0.1750,0.3000
-0.2375,-0.1750,0.3000
-0.2350,-0.1750,0.3000
-0.2325,-0.1750,0.5068
-0.2300,-0.1750,0.5068
-0.2220,-0.1750,0.9923
-0.2192,-0.1750,0.9672
-0.2165,-0.1750,0.9281
-0.2138,-0.1750,0.8832
-0.2111,-0.1750,0.8325
-0.2084,-0.1750,0.7759
-0.2057,-0.1750,0.7135
-0.2030,-0.1750,0.6453
-0.2003,-0.1750,0.5712
-0.1976,-0.1750,0.4913
-0.1949,-0.1750,0.3230
-0.1922,-0.1750,0.4920
-0.1920,-0.1750,0.4329
-0.1893,-0.1750,0.4999
-0.1863,-0.1750,0.5068
-0.1833,-0.1750,0.5068
-0.1830,-0.1750,0.6232
-0.1808,-0.1750,0.6360
-0.1783,-0.1750,0.6352
-0.1757,-0.1750,0.6345
-0.1732,-0.1750,0.6337
-0.1707,-0.1750,0.6329
-0.1682,-0.1750,0.6320
-0.1657,-0.1750,0.6312
-0.1632,-0.1750,0.6303
-0.1607,-0.1750,0.6294
-0.1582,-0.1750,0.6285
-0.1556,-0.1750,0.6276
-0.1531,-0.1750,0.6267
-0.1506,-0.1750,0.6257
-0.1481,-0.1750,0.6247
-0.1456,-0.1750,0.6237
-0.1431,-0.1750,0.6226
-0.1406,-0.1750,0.6216
-0.1381,-0.1750,0.6205
-0.1355,-0.1750,0.6194
-0.1330,-0.1750,0.6183
-0.1305,-0.1750,0.6171
-0.1281,-0.1750,0.6160
-0.1255,-0.1750,0.6148
-0.1230,-0.1750,0.6136
-0.1205,-0.1750,0.6124
-0.1180,-0.1750,0.6111
-0.1155,-0.1750,0.6099
-0.1129,-0.1750,0.6086
-0.1105,-0.1750,0.6073
-0.1080,-0.1750,0.6059
-0.1054,-0.1750,0.6046
-0.1029,-0.1750,0.6032
-0.1004,-0.1750,0.6018
-0.0979,-0.1750,0.6004
-0.0954,-0.1750,0.5990
-0.0929,-0.1750,0.5975
-0.0904,-0.1750,0.5960
-0.0879,-0.1750,0.5945
-0.0853,-0.1750,0.5930
-0.0828,-0.1750,0.5915
-0.0803,-0.1750,0.5899
-0.0778,-0.1750,0.5883
-0.0753,-0.1750,0.5868
-0.0728,-0.1750,0.5851
-0.0703,-0.1750,0.5835
-0.0678,-0.1750,0.5818
-0.0653,-0.1750,0.5801
-0.0628,-0.1750,0.5784
-0.0602,-0.1750,0.5767
-0.0577,-0.1750,0.5750
-0.0553,-0.1750,0.5732
-0.0527,-0.1750,0.5714
-0.0502,-0.1750,0.5696
-0.0477,-0.1750,0.5678
-0.0452,-0.1750,0.5659
-0.0427,-0.1750,0.5640
-0.0401,-0.1750,0.5621
-0.0377,-0.1750,0.5602
-0.0352,-0.1750,0.5583
-0.0326,-0.1750,0.5563
-0.0301,-0.1750,0.5543
-0.0276,-0.1750,0.5524
-0.0251,-0.1750,0.5503
-0.0226,-0.1750,0.5483
-0.0200,-0.1750,0.5462
-0.0176,-0.1750,0.5441
-0.0151,-0.1750,0.5420
-0.0125,-0.1750,0.5399
-0.0100,-0.1750,0.5378
-0.0075,-0.1750,0.5356
-0.0050,-0.1750,0.5334
-0.0025,-0.0876,0.5312
0.0000,-0.0876,0.5290
0.0025,-0.1750,0.5267
0.0050,-0.1750,0.5245
0.0076,-0.1750,0.5222
0.0101,-0.1750,0.5199
0.0126,-0.1750,0.5175
0.0151,-0.1750,0.5152
0.0176,-0.1750,0.5128
0.0201,-0.1750,0.5104
0.0226,-0.1750,0.5081
0.0249,-0.1750,0.5068
0.0269,-0.1750,0.5068
0.0289,-0.1750,0.6246
0.0309,-0.1750,0.6306
0.0331,-0.1750,0.4338
0.0356,-0.1750,0.4432
0.0382,-0.1750,0.4521
0.0407,-0.1750,0.4606
0.0432,-0.1750,0.4686
0.0458,-0.1750,0.4762
0.0483,-0.1750,0.4834
0.0509,-0.1750,0.4902
0.0534,-0.1750,0.4965
0.0559,-0.1750,0.5023
0.0585,-0.1750,0.5078
0.0610,-0.1750,0.5128
0.0635,-0.1750,0.5174
0.0661,-0.1750,0.5216
0.0687,-0.1750,0.5253
0.0712,-0.1750,0.5286
0.0737,-0.1750,0.5315
0.0763,-0.1750,0.5339
0.0788,-0.1750,0.5359
0.0813,-0.1750,0.5374
0.0839,-0.1750,0.5386
0.0864,-0.1750,0.5393
0.0890,-0.1750,0.5396
0.0915,-0.1750,0.5394
0.0940,-0.1750,0.5388
0.0965,-0.1750,0.5378
0.0991,-0.1750,0.5363
0.1016,-0.1750,0.5344
0.1042,-0.1750,0.5321
0.1068,-0.1750,0.5293
0.1093,-0.1750,0.5262
0.1118,-0.1750,0.5226
0.1143,-0.1750,0.5185
0.1169,-0.1750,0.5140
0.1194,-0.1750,0.5091
0.1220,-0.1750,0.5038
0.1245,-0.1750,0.4980
0.1270,-0.1750,0.4918
0.1296,-0.1750,0.4851
0.1321,-0.1750,0.4781
0.1346,-0.1750,0.4705
0.1372,-0.1750,0.4626
0.1397,-0.1750,0.4542
0.1423,-0.1750,0.4454
0.1448,-0.1750,0.4362
0.1474,-0.1750,0.4265
0.1499,-0.1750,0.4164
0.1524,-0.1750,0.4059
0.1550,-0.1750,0.3949
0.1575,-0.1750,0.3835
0.1601,-0.1750,0.3717
0.1626,-0.1750,0.3595
0.1651,-0.1750,0.3468
0.1676,-0.1750,0.3336
0.1702,-0.1750,0.2944
0.1727,-0.1750,0.1511
0.1750,-0.1750,0.4889
0.1754,-0.1750,0.3668
0.1787,-0.1750,0.5068
0.1820,-0.1750,0.5068
0.1850,-0.1750,0.4928
0.1852,-0.1750,0.3555
0.1877,-0.1750,0.3620
0.1903,-0.1750,0.3671
0.1928,-0.1750,0.3709
0.1954,-0.1750,0.3734
0.1979,-0.1750,0.3745
0.2004,-0.1750,0.3743
0.2029,-0.1750,0.3728
0.2055,-0.1750,0.3699
0.2080,-0.1750,0.3657
0.2106,-0.1750,0.3602
0.2131,-0.1750,0.3534
0.2156,-0.1750,0.3452
0.2181,-0.1750,0.3357
0.2206,-0.1750,0.3248
0.2232,-0.1750,0.3126
0.2257,-0.1750,0.2991
0.2283,-0.1750,0.2843
0.2308,-0.1750,0.2681
0.2334,-0.1750,0.2506
0.2358,-0.1750,0.2317
0.2384,-0.1750,0.2115
0.2409,-0.1750,0.1900
0.2434,-0.1750,0.1672
0.2460,-0.1750,0.1431
0.2485,-0.1750,0.1175
0.2511,-0.1750,0.0907
0.2535,-0.1750,0.0626
0.2561,-0.1750,0.0331
0.2586,-0.1750,0.0022
0.2682,-0.1750,0.4676
0.2690,-0.1750,0.5068
0.2713,-0.1750,0.5068
0.2738,-0.1750,0.3000
0.2763,-0.1750,0.3000
0.2787,-0.1750,0.3000
0.2812,-0.1750,0.3000
0.2837,-0.1750,0.3000
0.2862,-0.1750,0.3000
0.2888,-0.1750,0.3000
0.2913,-0.1750,0.3000
0.2938,-0.1750,0.3000
0.2962,-0.1750,0.3000
0.2987,-0.1750,0.3000
0.3012,-0.1750,0.3000
0.3037,-0.1750,0.3000
0.3062,-0.1750,0.3000
0.3087,-0.1750,0.3000
0.3112,-0.1750,0.3000
0.3136,-0.1750,0.3000
0.3161,-0.1750,0.3000
0.3186,-0.1750,0.3000
0.3211,-0.1750,0.3000
0.3236,-0.1750,0.3000
0.3262,-0.1750,0.3000
0.3287,-0.1750,0.3000
0.3312,-0.1750,0.3000
0.3336,-0.1750,0.3000
0.3361,-0.1750,0.3000
0.3386,-0.1750,0.3000
0.3411,-0.1750,0.3000
0.3436,-0.1750,0.3000
0.3461,-0.1750,0.3000
0.3486,-0.1750,0.3000
0.3510,-0.1750,0.3000
0.3535,-0.1750,0.3000
0.3560,-0.1750,0.3000
0.3585,-0.1750,0.3000
0.3610,-0.1750,0.3000
0.3635,-0.1750,0.3000
0.3661,-0.1750,0.3000
0.3685,-0.1750,0.3000
0.3710,-0.1750,0.3000
0.3735,-0.1750,0.3000
0.3760,-0.1750,0.3000
0.3785,-0.1750,0.3000
0.3810,-0.1750,0.3000
0.3835,-0.1750,0.3000
0.3859,-0.1750,0.3000
0.3884,-0.1750,0.3000
0.3909,-0.1750,0.3000
0.3934,-0.1750,0.3000
0.3959,-0.1750,0.3000
0.3984,-0.1750,0.3000
0.4009,-0.1750,0.3000
0.4034,-0.1750,0.3000
0.4059,-0.1750,0.3000
0.4084,-0.1750,0.3000
0.4109,-0.1750,0.3000
0.4134,-0.1750,0.3000
0.4159,-0.1750,0.3000
0.4184,-0.1750,0.3000
0.4209,-0.1750,0.3000
0.4233,-0.1750,0.3000
0.4258,-0.1750,0.3000
0.4283,-0.1750,0.3000
0.4308,-0.1750,0.3000
0.4333,-0.1750,0.3000
0.4358,-0.1750,0.3000
0.4383,-0.1750,0.3000
0.4408,-0.1750,0.3000
0.4433,-0.1750,0.3000
0.4458,-0.1750,0.3000
0.4483,-0.1750,0.3000
0.4508,-0.1750,0.3000
0.4533,-0.1750,0.3000
0.4558,-0.1750,0.3000
0.4583,-0.1750,0.3000
0.4607,-0.1750,0.3000
0.4632,-0.1750,0.3000
0.4657,-0.1750,0.3000
0.4682,-0.1750,0.3000
0.4707,-0.1750,0.3000
0.4732,-0.1750,0.3000
0.4757,-0.1750,0.3000
0.4782,-0.1750,0.3000
0.4807,-0.1750,0.3000
0.4832,-0.1750,0.3000
0.4857,-0.1750,0.3000
0.4882,-0.1750,0.3000
0.4907,-0.1750,0.3000
0.4932,-0.1750,0.3000
0.4956,-0.1750,0.3000
0.4981,-0.1750,0.3000
0.5006,-0.1750,0.3000
0.5031,-0.1750,0.3000
0.5056,-0.1750,0.3000
0.5081,-0.1750,0.3000
0.5106,-0.1750,0.3000
0.5131,-0.1750,0.3000
0.5156,-0.1750,0.3000
0.5181,-0.1750,0.3000
0.5206,-0.1750,0.3000
0.5231,-0.1750,0.3000
0.5256,-0.1750,0.3000
0.5281,-0.1750,0.3000
0.5306,-0.1750,0.3000
0.5330,-0.1750,0.3000
0.5355,-0.1750,0.3000
0.5380,-0.1750,0.3000
0.5405,-0.1750,0.3000
0.5430,-0.1750,0.3000
0.5455,-0.1750,0.3000
0.5480,-0.1750,0.3000
0.5504,-0.1750,0.3000
0.5530,-0.1750,0.3000
0.5555,-0.1750,0.3000
0.5580,-0.1750,0.3000
0.5605,-0.1750,0.3000
0.5630,-0.1750,0.3000
0.5655,-0.1750,0.3000
0.5680,-0.1750,0.3000
0.5704,-0.1750,0.3000
0.5729,-0.1750,0.3000
0.5754,-0.1750,0.3000
0.5779,-0.1750,0.3000
0.5804,-0.1750,0.3000
0.5829,-0.1750,0.3000
0.5854,-0.1750,0.3000
0.5878,-0.1750,0.3000
0.5903,-0.1750,0.3000
0.5929,-0.1750,0.3000
0.5954,-0.1750,0.3000
0.5979,-0.1750,0.3000
0.6004,-0.1750,0.3000
0.6029,-0.1750,0.3000
0.6053,-0.1750,0.3000
0.6078,-0.1750,0.3000
0.6103,-0.1750,0.3000
0.6128,-0.1750,0.3000
0.6153,-0.1750,0.3000
0.6178,-0.1750,0.3000
0.6203,-0.1750,0.3000
0.6227,-0.1750,0.3000
0.6252,-0.1750,0.3000
0.6277,-0.1750,0.3000
0.6302,-0.1750,0.3000
0.6328,-0.1750,0.3000
0.6353,-0.1750,0.3000
0.6378,-0.1750,0.3000
0.6403,-0.1750,0.3000
0.6427,-0.1750,0.3000
0.6452,-0.1750,0.3000
0.6477,-0.1750,0.3000
0.6502,-0.1750,0.3000
0.6527,-0.1750,0.3000
0.6552,-0.1750,0.3000
0.6577,-0.1750,0.3000
0.6601,-0.1750,0.3000
0.6626,-0.1750,0.3000
0.6651,-0.1750,0.3000
0.6676,-0.1750,0.3000
0.6702,-0.1750,0.3000
0.6727,-0.1750,0.3000
0.6752,-0.1750,0.3000
0.6776,-0.1750,0.3000
0.6801,-0.1750,0.3000
0.6826,-0.1750,0.3000
0.6851,-0.1750,0.3000
0.6876,-0.1750,0.3000
0.6901,-0.1750,0.3000
0.6926,-0.1750,0.3000
0.6951,-0.1750,0.3000
0.6975,-0.1750,0.3000
0.7000,-0.1750,0.3000
0.7025,-0.1750,0.3000
0.7050,-0.1750,0.3000
0.7076,-0.1750,0.3000
0.7101,-0.1750,0.3000
0.7126,-0.1750,0.3000
0.7150,-0.1750,0.3000
0.7175,-0.1750,0.3000
0.7200,-0.1750,0.3000
0.7225,-0.1750,0.3000
0.7250,-0.1750,0.3000
0.7275,-0.1750,0.3000
0.7300,-0.1750,0.3000
0.7324,-0.1750,0.3000
0.7349,-0.1750,0.3000
0.7374,-0.1750,0.3000
0.7399,-0.1750,0.3000
0.7424,-0.1750,0.3000
0.7450,-0.1750,0.3000
0.7475,-0.1750,0.3000
0.7500,-0.1750,0.3000
0.7524,-0.1750,0.3000
0.7549,-0.1750,0.3000
0.7574,-0.1750,0.3000
0.7599,-0.1750,0.3000
0.7624,-0.1750,0.3000
0.7649,-0.1750,0.3000
0.7674,-0.1750,0.3000
0.7698,-0.1750,0.3000
0.7723,-0.1750,0.3000
0.7748,-0.1750,0.3000
0.7773,-0.1750,0.3000
0.7798,-0.1750,0.3000
0.7824,-0.1750,0.3000
0.7849,-0.1750,0.3000
0.7873,-0.1750,0.3000
0.7898,-0.1750,0.3000
0.7923,-0.1750,0.3000
0.7948,-0.1750,0.3000
0.7973,-0.1750,0.3000
0.7998,-0.1750,0.3000
0.8023,-0.1750,0.3000
0.8048,-0.1750,0.3000
0.8072,-0.1750,0.3000
0.8097,-0.1750,0.3000
0.8122,-0.1750,0.3000
0.8147,-0.1750,0.3000
0.8172,-0.1750,0.3000
0.8197,-0.1750,0.3000
0.8223,-0.1750,0.3000
0.8247,-0.1750,0.3000
0.8272,-0.1750,0.3000
0.8297,-0.1750,0.3000
0.8322,-0.1750,0.3000
0.8347,-0.1750,0.3000
0.8372,-0.1750,0.3000
0.8397,-0.1750,0.3000
0.8421,-0.1750,0.3000
0.8446,-0.1750,0.3000
0.8471,-0.1750,0.3000
0.8496,-0.1750,0.3000
0.8521,-0.1750,0.3000
0.8546,-0.1750,0.3000
0.8571,-0.1750,0.3000
0.8596,-0.1750,0.3000
0.8621,-0.1750,0.3000
0.8646,-0.1750,0.3000
0.8671,-0.1750,0.3000
0.8696,-0.1750,0.3000
0.8721,-0.1750,0.3000
0.8746,-0.1750,0.3000
0.8771,-0.1750,0.3000
0.8795,-0.1750,0.3000
0.8820,-0.1750,0.3000
0.8845,-0.1750,0.3000
0.8870,-0.1750,0.3000
0.8895,-0.1750,0.3000
0.8920,-0.1750,0.3000
0.8945,-0.1750,0.3000
0.8970,-0.1750,0.3000
0.8995,-0.1750,0.3000
0.9020,-0.1750,0.3000
0.9045,-0.1750,0.3000
0.9070,-0.1750,0.3000
0.9095,-0.1750,0.3000
0.9120,-0.1750,0.3000
0.9144,-0.1750,0.3000
0.9169,-0.1750,0.3000
0.9194,-0.1750,0.3000
0.9219,-0.1750,0.3000
0.9244,-0.1750,0.3000
0.9269,-0.1750,0.3000
0.9294,-0.1750,0.3000
0.9319,-0.1750,0.3000
0.9344,-0.1750,0.3000
0.9369,-0.1750,0.3000
0.9394,-0.1750,0.3000
0.9419,-0.1750,0.3000
0.9444,-0.1750,0.3000
0.9469,-0.1750,0.3000
0.9494,-0.1750,0.3000
0.9518,-0.1750,0.3000
0.9543,-0.1750,0.3000
0.9568,-0.1750,0.3000
0.9593,-0.1750,0.3000
0.9618,-0.1750,0.3000
0.9643,-0.1750,0.3000
0.9668,-0.1750,0.3000
0.9692,-0.1750,0.3000
0.9718,-0.1750,0.3000
0.9743,-0.1750,0.3000
0.9768,-0.1750,0.3000
0.9793,-0.1750,0.3000
0.9818,-0.1750,0.3000
0.9843,-0.1750,0.3000
0.9868,-0.1750,0.3000
0.9892,-0.1750,0.3000
0.9917,-0.1750,0.3000
0.9942,-0.1750,0.3000
0.9967,-0.1750,0.3000
0.9992,-0.1750,0.3000
1.0017,-0.1750,0.3000
1.0042,-0.1750,0.3000
1.0066,-0.1750,0.3000
1.0092,-0.1750,0.3000
1.0117,-0.1750,0.3000
1.0142,-0.1750,0.3000
1.0167,-0.1750,0.3000
1.0192,-0.1750,0.3000
1.0217,-0.1750,0.3000
1.0241,-0.1750,0.3000
1.0266,-0.1750,0.3000
1.0291,-0.1750,0.3000
1.0316,-0.1750,0.3000
1.0341,-0.1750,0.3000
1.0366,-0.1750,0.3000
1.0391,-0.1750,0.3000
1.0416,-0.1750,0.3000
1.0440,-0.1750,0.3000
1.0465,-0.1750,0.3000
1.0490,-0.1750,0.3000
1.0516,-0.1750,0.3000
1.0541,-0.1750,0.3000
1.0566,-0.1750,0.3000
1.0591,-0.1750,0.3000
1.0615,-0.1750,0.3000
1.0640,-0.1750,0.3000
1.0665,-0.1750,0.3000
1.0690,-0.1750,0.3000
1.0715,-0.1750,0.3000
1.0740,-0.1750,0.3000
1.0765,-0.1750,0.3000
1.0789,-0.1750,0.3000
1.0814,-0.1750,0.3000
1.0839,-0.1750,0.3000
1.0864,-0.1750,0.3000
1.0890,-0.1750,0.3000
1.0915,-0.1750,0.3000
1.0940,-0.1750,0.3000
1.0965,-0.1750,0.3000
1.0989,-0.1750,0.3000
1.1014,-0.1750,0.3000
1.1039,-0.1750,0.3000
1.1064,-0.1750,0.3000
1.1089,-0.1750,0.3000
1.1114,-0.1750,0.3000
1.1139,-0.1750,0.3000
1.1163,-0.1750,0.3000
1.1188,-0.1750,0.3000
1.1213,-0.1750,0.3000
1.1238,-0.1750,0.3000
1.1264,-0.1750,0.3000
1.1289,-0.1750,0.3000
1.1314,-0.1750,0.3000
1.1338,-0.1750,0.3000
1.1363,-0.1750,0.3000
1.1388,-0.1750,0.3000
1.1413,-0.1750,0.3000
1.1438,-0.1750,0.3000
1.1463,-0.1750,0.3000
1.1488,-0.1750,0.3000
1.1512,-0.1750,0.3000
1.1537,-0.1750,0.3000
1.1562,-0.1750,0.3000
1.1587,-0.1750,0.3000
1.1612,-0.1750,0.3000
1.1638,-0.1750,0.3000
1.1663,-0.1750,0.3000
1.1688,-0.1750,0.3000
1.1712,-0.1750,0.3000
1.1737,-0.1750,0.3000
1.1762,-0.1750,0.3000
1.1787,-0.1750,0.3000
1.1812,-0.1750,0.3000
1.1837,-0.1750,0.3000
1.1862,-0.1750,0.3000
1.1886,-0.1750,0.3000
1.1911,-0.1750,0.3000
1.1936,-0.1750,0.3000
1.1961,-0.1750,0.3000
1.1986,-0.1750,0.3000
1.2012,-0.1750,0.3000
1.2037,-0.1750,0.3000
1.2061,-0.1750,0.3000
1.2086,-0.1750,0.3000
1.2111,-0.1750,0.3000
1.2136,-0.1750,0.3000
1.2161,-0.1750,0.3000
1.2186,-0.1750,0.3000
1.2211,-0.1750,0.3000
1.2236,-0.1750,0.3000
1.2260,-0.1750,0.3000
1.2285,-0.1750,0.3000
1.2310,-0.1750,0.3000
1.2335,-0.1750,0.3000
1.2360,-0.1750,0.3000
1.2385,-0.1750,0.3000
1.2411,-0.1750,0.3000
1.2435,-0.1750,0.3000
1.2460,-0.1750,0.3000
1.2485,-0.1750,0.3000
1.2510,-0.1750,0.3000
1.2535,-0.1750,0.3000
1.2560,-0.1750,0.3000
1.2585,-0.1750,0.3000
1.2609,-0.1750,0.3000
1.2634,-0.1750,0.3000
1.2659,-0.1750,0.3000
1.2684,-0.1750,0.3000
1.2709,-0.1750,0.3000
1.2734,-0.1750,0.3000
1.2759,-0.1750,0.3000
1.2784,-0.1750,0.3000
1.2809,-0.1750,0.3000
1.2834,-0.1750,0.3000
1.2859,-0.1750,0.3000
1.2884,-0.1750,0.3000
1.2909,-0.1750,0.3000
1.2934,-0.1750,0.3000
1.2959,-0.1750,0.3000
1.2983,-0.1750,0.3000
1.3008,-0.1750,0.3000
1.3033,-0.1750,0.3000
1.3058,-0.1750,0.3000
1.3083,-0.1750,0.3000
1.3108,-0.1750,0.3000
1.3133,-0.1750,0.3000
1.3158,-0.1750,0.3000
1.3183,-0.1750,0.3000
1.3208,-0.1750,0.3000
1.3233,-0.1750,0.3000
1.3258,-0.1750,0.3000
1.3283,-0.1750,0.3000
1.3308,-0.1750,0.3000
1.3333,-0.1750,0.3000
1.3357,-0.1750,0.3000
1.3382,-0.1750,0.3000
1.3407,-0.1750,0.3000
1.3432,-0.1750,0.3000
1.3457,-0.1750,0.3000
1.3482,-0.1750,0.3000
1.3507,-0.1750,0.3000
1.3532,-0.1750,0.3000
1.3557,-0.1750,0.3000
1.3582,-0.1750,0.3000
1.3607,-0.1750,0.3000
1.3632,-0.1750,0.3000
1.3657,-0.1750,0.3000
1.3682,-0.1750,0.3000
1.3706,-0.1750,0.3000
1.3731,-0.1750,0.3000
1.3756,-0.1750,0.3000
1.3781,-0.1750,0.3000
1.3806,-0.1750,0.3000
1.3831,-0.1750,0.3000
1.3856,-0.1750,0.3000
1.3880,-0.1750,0.3000
1.3906,-0.1750,0.3000
1.3931,-0.1750,0.3000
1.3956,-0.1750,0.3000
1.3981,-0.1750,0.3000
1.4006,-0.1750,0.3000
1.4031,-0.1750,0.3000
1.4056,-0.1750,0.3000
1.4080,-0.1750,0.3000
1.4105,-0.1750,0.3000
1.4130,-0.1750,0.3000
1.4155,-0.1750,0.3000
1.4180,-0.1750,0.3000
1.4205,-0.1750,0.3000
1.4230,-0.1750,0.3000
1.4254,-0.1750,0.3000
1.4280,-0.1750,0.3000
1.4305,-0.1750,0.3000
1.4330,-0.1750,0.3000
1.4355,-0.1750,0.3000
1.4380,-0.1750,0.3000
1.4405,-0.1750,0.3000
1.4429,-0.1750,0.3000
1.4454,-0.1750,0.3000
1.4479,-0.1750,0.3000
1.4504,-0.1750,0.3000
1.4529,-0.1750,0.3000
1.4554,-0.1750,0.3000
1.4579,-0.1750,0.3000
1.4604,-0.1750,0.3000
1.4628,-0.1750,0.3000
1.4654,-0.1750,0.3000
1.4679,-0.1750,0.3000
1.4704,-0.1750,0.3000
1.4729,-0.1750,0.3000
1.4754,-0.1750,0.3000
1.4779,-0.1750,0.3000
1.4803,-0.1750,0.3000
1.4828,-0.1750,0.3000
1.4853,-0.1750,0.3000
1.4878,-0.1750,0.3000
1.4903,-0.1750,0.3000
1.4928,-0.1750,0.3000
1.4953,-0.1750,0.3000
1.4977,-0.1750,0.3000
1.5002,-0.1750,0.3000
1.5027,-0.1750,0.3000
1.5052,-0.1750,0.3000
1.5078,-0.1750,0.3000
1.5103,-0.1750,0.3000
1.5128,-0.1750,0.3000
1.5153,-0.1750,0.3000
1.5177,-0.1750,0.3000
1.5202,-0.1750,0.3000
1.5227,-0.1750,0.3000
1.5252,-0.1750,0.3000
1.5277,-0.1750,0.3000
1.5302,-0.1750,0.3000
1.5327,-0.1750,0.3000
1.5351,-0.1750,0.3000
1.5376,-0.1750,0.3000
1.5401,-0.1750,0.3000
1.5426,-0.1750,0.3000
1.5452,-0.1750,0.3000
1.5477,-0.1750,0.3000
1.5502,-0.1750,0.3000
1.5526,-0.1750,0.3000
1.5551,-0.1750,0.3000
1.5576,-0.1750,0.3000
1.5601,-0.1750,0.3000
1.5626,-0.1750,0.3000
1.5651,-0.1750,0.3000
1.5676,-0.1750,0.3000
1.5701,-0.1750,0.3000
1.5725,-0.1750,0.3000
1.5750,-0.1750,0.3000
1.5775,-0.1750,0.3000
1.5800,-0.1750,0.3000
1.5826,-0.1750,0.3000
1.5851,-0.1750,0.3000
1.5876,-0.1750,0.3000
1.5900,-0.1750,0.3000
1.5925,-0.1750,0.3000
1.5950,-0.1750,0.3000
1.5975,-0.1750,0.3000
