-1.6000,-0.2870,0.3000
-1.5975,-0.2870,0.3000
-1.5950,-0.2870,0.3000
-1.5925,-0.2870,0.3000
-1.5900,-0.2870,0.3000
-1.5876,-0.2870,0.3000
-1.5851,-0.2870,0.3000
-1.5826,-0.2870,0.3000
-1.5801,-0.2870,0.3000
-1.5776,-0.2870,0.3000
-1.5751,-0.2870,0.3000
-1.5726,-0.2870,0.3000
-1.5701,-0.2870,0.3000
-1.5677,-0.2870,0.3000
-1.5652,-0.2870,0.3000
-1.5626,-0.2870,0.3000
-1.5601,-0.2870,0.3000
-1.5576,-0.2870,0.3000
-1.5551,-0.2870,0.3000
-1.5526,-0.2870,0.3000
-1.5501,-0.2870,0.3000
-1.5476,-0.2870,0.3000
-1.5452,-0.2870,0.3000
-1.5427,-0.2870,0.3000
-1.5402,-0.2870,0.3000
-1.5377,-0.2870,0.3000
-1.5352,-0.2870,0.3000
-1.5327,-0.2870,0.3000
-1.5302,-0.2870,0.3000
-1.5277,-0.2870,0.3000
-1.5253,-0.2870,0.3000
-1.5228,-0.2870,0.3000
-1.5203,-0.2870,0.3000
-1.5178,-0.2870,0.3000
-1.5153,-0.2870,0.3000
-1.5128,-0.2870,0.3000
-1.5103,-0.2870,0.3000
-1.5078,-0.2870,0.3000
-1.5053,-0.2870,0.3000
-1.5029,-0.2870,0.3000
-1.5004,-0.2870,0.3000
-1.4979,-0.2870,0.3000
-1.4954,-0.2870,0.3000
-1.4929,-0.2870,0.3000
-1.4903,-0.2870,0.3000
-1.4878,-0.2870,0.3000
-1.4853,-0.2870,0.3000
-1.4829,-0.2870,0.3000
-1.4804,-0.2870,0.3000
-1.4779,-0.2870,0.3000
-1.4754,-0.2870,0.3000
-1.4729,-0.2870,0.3000
-1.4704,-0.2870,0.3000
-1.4679,-0.2870,0.3000
-1.4654,-0.2870,0.3000
-1.4629,-0.2870,0.3000
-1.4605,-0.2870,0.3000
-1.4580,-0.2870,0.3000
-1.4555,-0.2870,0.3000
-1.4530,-0.2870,0.3000
-1.4505,-0.2870,0.3000
-1.4480,-0.2870,0.3000
-1.4455,-0.2870,0.3000
-1.4430,-0.2870,0.3000
-1.4406,-0.2870,0.3000
-1.4381,-0.2870,0.3000
-1.4356,-0.2870,0.3000
-1.4331,-0.2870,0.3000
-1.4306,-0.2870,0.3000
-1.4281,-0.2870,0.3000
-1.4256,-0.2870,0.3000
-1.4231,-0.2870,0.3000
-1.4206,-0.2870,0.3000
-1.4181,-0.2870,0.3000
-1.4156,-0.2870,0.3000
-1.4131,-0.2870,0.3000
-1.4106,-0.2870,0.3000
-1.4081,-0.2870,0.3000
-1.4056,-0.2870,0.3000
-1.4031,-0.2870,0.3000
-1.4006,-0.2870,0.3000
-1.3981,-0.2870,0.3000
-1.3957,-0.2870,0.3000
-1.3932,-0.2870,0.3000
-1.3907,-0.2870,0.3000
-1.3882,-0.2870,0.3000
-1.3857,-0.2870,0.3000
-1.3832,-0.2870,0.3000
-1.3807,-0.2870,0.3000
-1.3782,-0.2870,0.3000
-1.3758,-0.2870,0.3000
-1.3733,-0.2870,0.3000
-1.3708,-0.2870,0.3000
-1.3683,-0.2870,0.3000
-1.3658,-0.2870,0.3000
-1.3633,-0.2870,0.3000
-1.3608,-0.2870,0.3000
-1.3583,-0.2870,0.3000
-1.3558,-0.2870,0.3000
-1.3534,-0.2870,0.3000
-1.3509,-0.2870,0.3000
-1.3483,-0.2870,0.3000
-1.3458,-0.2870,0.3000
-1.3433,-0.2870,0.3000
-1.3408,-0.2870,0.3000
-1.3383,-0.2870,0.3000
-1.3358,-0.2870,0.3000
-1.3334,-0.2870,0.3000
-1.3309,-0.2870,0.3000
-1.3284,-0.2870,0.3000
-1.3259,-0.2870,0.3000
-1.3234,-0.2870,0.3000
-1.3209,-0.2870,0.3000
-1.3184,-0.2870,0.3000
-1.3159,-0.2870,0.3000
-1.3134,-0.2870,0.3000
-1.3110,-0.2870,0.3000
-1.3085,-0.2870,0.3000
-1.3060,-0.2870,0.3000
-1.3035,-0.2870,0.3000
-1.3010,-0.2870,0.3000
-1.2985,-0.2870,0.3000
-1.2960,-0.2870,0.3000
-1.2935,-0.2870,0.3000
-1.2911,-0.2870,0.3000
-1.2886,-0.2870,0.3000
-1.2861,-0.2870,0.3000
-1.2836,-0.2870,0.3000
-1.2811,-0.2870,0.3000
-1.2786,-0.2870,0.3000
-1.2761,-0.2870,0.3000
-1.2735,-0.2870,0.3000
-1.2710,-0.2870,0.3000
-1.2686,-0.2870,0.3000
-1.2661,-0.2870,0.3000
-1.2636,-0.2870,0.3000
-1.2611,-0.2870,0.3000
-1.2586,-0.2870,0.3000
-1.2561,-0.2870,0.3000
-1.2536,-0.2870,0.3000
-1.2511,-0.2870,0.3000
-1.2487,-0.2870,0.3000
-1.2462,-0.2870,0.3000
-1.2437,-0.2870,0.3000
-1.2412,-0.2870,0.3000
-1.2387,-0.2870,0.3000
-1.2362,-0.2870,0.3000
-1.2337,-0.2870,0.3000
-1.2312,-0.2870,0.3000
-1.2287,-0.2870,0.3000
-1.2263,-0.2870,0.3000
-1.2238,-0.2870,0.3000
-1.2213,-0.2870,0.3000
-1.2188,-0.2870,0.3000
-1.2163,-0.2870,0.3000
-1.2138,-0.2870,0.3000
-1.2113,-0.2870,0.3000
-1.2088,-0.2870,0.3000
-1.2064,-0.2870,0.3000
-1.2038,-0.2870,0.3000
-1.2013,-0.2870,0.3000
-1.1988,-0.2870,0.3000
-1.1963,-0.2870,0.3000
-1.1938,-0.2870,0.3000
-1.1913,-0.2870,0.3000
-1.1888,-0.2870,0.3000
-1.1863,-0.2870,0.3000
-1.1839,-0.2870,0.3000
-1.1814,-0.2870,0.3000
-1.1789,-0.2870,0.3000
-1.1764,-0.2870,0.3000
-1.1739,-0.2870,0.3000
-1.1714,-0.2870,0.3000
-1.1689,-0.2870,0.3000
-1.1664,-0.2870,0.3000
-1.1640,-0.2870,0.3000
-1.1615,-0.2870,0.3000
-1.1590,-0.2870,0.3000
-1.1565,-0.2870,0.3000
-1.1540,-0.2870,0.3000
-1.1515,-0.2870,0.3000
-1.1490,-0.2870,0.3000
-1.1465,-0.2870,0.3000
-1.1440,-0.2870,0.3000
-1.1416,-0.2870,0.3000
-1.1391,-0.2870,0.3000
-1.1366,-0.2870,0.3000
-1.1341,-0.2870,0.3000
-1.1316,-0.2870,0.3000
-1.1290,-0.2870,0.3000
-1.1265,-0.2870,0.3000
-1.1240,-0.2870,0.3000
-1.1216,-0.2870,0.3000
-1.1191,-0.2870,0.3000
-1.1166,-0.2870,0.3000
-1.1141,-0.2870,0.3000
-1.1116,-0.2870,0.3000
-1.1091,-0.2870,0.3000
-1.1066,-0.2870,0.3000
-1.1041,-0.2870,0.3000
-1.1016,-0.2870,0.3000
-1.0992,-0.2870,0.3000
-1.0967,-0.2870,0.3000
-1.0942,-0.2870,0.3000
-1.0917,-0.2870,0.3000
-1.0892,-0.2870,0.3000
-1.0867,-0.2870,0.3000
-1.0842,-0.2870,0.3000
-1.0817,-0.2870,0.3000
-1.0793,-0.2870,0.3000
-1.0768,-0.2870,0.3000
-1.0743,-0.2870,0.3000
-1.0718,-0.2870,0.3000
-1.0693,-0.2870,0.3000
-1.0668,-0.2870,0.3000
-1.0643,-0.2870,0.3000
-1.0618,-0.2870,0.3000
-1.0592,-0.2870,0.3000
-1.0568,-0.2870,0.3000
-1.0543,-0.2870,0.3000
-1.0518,-0.2870,0.3000
-1.0493,-0.2870,0.3000
-1.0468,-0.2870,0.3000
-1.0443,-0.2870,0.3000
-1.0418,-0.2870,0.3000
-1.0393,-0.2870,0.3000
-1.0369,-0.2870,0.3000
-1.0344,-0.2870,0.3000
-1.0319,-0.2870,0.3000
-1.0294,-0.2870,0.3000
-1.0269,-0.2870,0.3000
-1.0244,-0.2870,0.3000
-1.0219,-0.2870,0.3000
-1.0194,-0.2870,0.3000
-1.0169,-0.2870,0.3000
-1.0145,-0.2870,0.3000
-1.0120,-0.2870,0.3000
-1.0095,-0.2870,0.3000
-1.0070,-0.2870,0.3000
-1.0045,-0.2870,0.3000
-1.0020,-0.2870,0.3000
-0.9995,-0.2870,0.3000
-0.9970,-0.2870,0.3000
-0.9945,-0.2870,0.3000
-0.9921,-0.2870,0.3000
-0.9896,-0.2870,0.3000
-0.9870,-0.2870,0.3000
-0.9845,-0.2870,0.3000
-0.9820,-0.2870,0.3000
-0.9795,-0.2870,0.3000
-0.9770,-0.2870,0.3000
-0.9745,-0.2870,0.3000
-0.9721,-0.2870,0.3000
-0.9696,-0.2870,0.3000
-0.9671,-0.2870,0.3000
-0.9646,-0.2870,0.3000
-0.9621,-0.2870,0.3000
-0.9596,-0.2870,0.3000
-0.9571,-0.2870,0.3000
-0.9546,-0.2870,0.3000
-0.9521,-0.2870,0.3000
-0.9497,-0.2870,0.3000
-0.9472,-0.2870,0.3000
-0.9447,-0.2870,0.3000
-0.9422,-0.2870,0.3000
-0.9397,-0.2870,0.3000
-0.9372,-0.2870,0.3000
-0.9347,-0.2870,0.3000
-0.9322,-0.2870,0.3000
-0.9298,-0.2870,0.3000
-0.9273,-0.2870,0.3000
-0.9248,-0.2870,0.3000
-0.9223,-0.2870,0.3000
-0.9198,-0.2870,0.3000
-0.9173,-0.2870,0.3000
-0.9148,-0.2870,0.3000
-0.9122,-0.2870,0.3000
-0.9097,-0.2870,0.3000
-0.9073,-0.2870,0.3000
-0.9048,-0.2870,0.3000
-0.9023,-0.2870,0.3000
-0.8998,-0.2870,0.3000
-0.8973,-0.2870,0.3000
-0.8948,-0.2870,0.3000
-0.8923,-0.2870,0.3000
-0.8898,-0.2870,0.3000
-0.8874,-0.2870,0.3000
-0.8849,-0.2870,0.3000
-0.8824,-0.2870,0.3000
-0.8799,-0.2870,0.3000
-0.8774,-0.2870,0.3000
-0.8749,-0.2870,0.3000
-0.8724,-0.2870,0.3000
-0.8699,-0.2870,0.3000
-0.8674,-0.2870,0.3000
-0.8650,-0.2870,0.3000
-0.8625,-0.2870,0.3000
-0.8600,-0.2870,0.3000
-0.8575,-0.2870,0.3000
-0.8550,-0.2870,0.3000
-0.8525,-0.2870,0.3000
-0.8500,-0.2870,0.3000
-0.8475,-0.2870,0.3000
-0.8451,-0.2870,0.3000
-0.8425,-0.2870,0.3000
-0.8400,-0.2870,0.3000
-0.8375,-0.2870,0.3000
-0.8350,-0.2870,0.3000
-0.8325,-0.2870,0.3000
-0.8300,-0.2870,0.3000
-0.8275,-0.2870,0.3000
-0.8250,-0.2870,0.3000
-0.8226,-0.2870,0.3000
-0.8201,-0.2870,0.3000
-0.8176,-0.2870,0.3000
-0.8151,-0.2870,0.3000
-0.8126,-0.2870,0.3000
-0.8101,-0.2870,0.3000
-0.8076,-0.2870,0.3000
-0.8051,-0.2870,0.3000
-0.8027,-0.2870,0.3000
-0.8002,-0.2870,0.3000
-0.7977,-0.2870,0.3000
-0.7952,-0.2870,0.3000
-0.7927,-0.2870,0.3000
-0.7902,-0.2870,0.3000
-0.7877,-0.2870,0.3000
-0.7852,-0.2870,0.3000
-0.7827,-0.2870,0.3000
-0.7803,-0.2870,0.3000
-0.7778,-0.2870,0.3000
-0.7753,-0.2870,0.3000
-0.7728,-0.2870,0.3000
-0.7703,-0.2870,0.3000
-0.7677,-0.2870,0.3000
-0.7652,-0.2870,0.3000
-0.7627,-0.2870,0.3000
-0.7603,-0.2870,0.3000
-0.7578,-0.2870,0.3000
-0.7553,-0.2870,0.3000
-0.7528,-0.2870,0.3000
-0.7503,-0.2870,0.3000
-0.7478,-0.2870,0.3000
-0.7453,-0.2870,0.3000
-0.7428,-0.2870,0.3000
-0.7403,-0.2870,0.3000
-0.7379,-0.2870,0.3000
-0.7354,-0.2870,0.3000
-0.7329,-0.2870,0.3000
-0.7304,-0.2870,0.3000
-0.7279,-0.2870,0.3000
-0.7254,-0.2870,0.3000
-0.7229,-0.2870,0.3000
-0.7204,-0.2870,0.3000
-0.7180,-0.2870,0.3000
-0.7155,-0.2870,0.3000
-0.7130,-0.2870,0.3000
-0.7105,-0.2870,0.3000
-0.7080,-0.2870,0.3000
-0.7055,-0.2870,0.3000
-0.7030,-0.2870,0.3000
-0.7005,-0.2870,0.3000
-0.6980,-0.2870,0.3000
-0.6955,-0.2870,0.3000
-0.6930,-0.2870,0.3000
-0.6905,-0.2870,0.3000
-0.6880,-0.2870,0.3000
-0.6855,-0.2870,0.3000
-0.6830,-0.2870,0.3000
-0.6805,-0.2870,0.3000
-0.6780,-0.2870,0.3000
-0.6756,-0.2870,0.3000
-0.6731,-0.2870,0.3000
-0.6706,-0.2870,0.3000
-0.6681,-0.2870,0.3000
-0.6656,-0.2870,0.3000
-0.6631,-0.2870,0.3000
-0.6606,-0.2870,0.3000
-0.6581,-0.2870,0.3000
-0.6556,-0.2870,0.3000
-0.6532,-0.2870,0.3000
-0.6507,-0.2870,0.3000
-0.6482,-0.2870,0.3000
-0.6457,-0.2870,0.3000
-0.6432,-0.2870,0.3000
-0.6407,-0.2870,0.3000
-0.6382,-0.2870,0.3000
-0.6357,-0.2870,0.3000
-0.6333,-0.2870,0.3000
-0.6308,-0.2870,0.3000
-0.6283,-0.2870,0.3000
-0.6257,-0.2870,0.3000
-0.6232,-0.2870,0.3000
-0.6207,-0.2870,0.3000
-0.6182,-0.2870,0.3000
-0.6157,-0.2870,0.3000
-0.6132,-0.2870,0.3000
-0.6108,-0.2870,0.3000
-0.6083,-0.2870,0.3000
-0.6058,-0.2870,0.3000
-0.6033,-0.2870,0.3000
-0.6008,-0.2870,0.3000
-0.5983,-0.2870,0.3000
-0.5958,-0.2870,0.3000
-0.5933,-0.2870,0.3000
-0.5908,-0.2870,0.3000
-0.5884,-0.2870,0.3000
-0.5859,-0.2870,0.3000
-0.5834,-0.2870,0.3000
-0.5809,-0.2870,0.3000
-0.5784,-0.2870,0.3000
-0.5759,-0.2870,0.3000
-0.5734,-0.2870,0.3000
-0.5709,-0.2870,0.3000
-0.5685,-0.2870,0.3000
-0.5660,-0.2870,0.3000
-0.5635,-0.2870,0.3000
-0.5610,-0.2870,0.3000
-0.5585,-0.2870,0.3000
-0.5560,-0.2870,0.3000
-0.5534,-0.2870,0.3000
-0.5509,-0.2870,0.3000
-0.5484,-0.2870,0.3000
-0.5460,-0.2870,0.3000
-0.5435,-0.2870,0.3000
-0.5410,-0.2870,0.3000
-0.5385,-0.2870,0.3000
-0.5360,-0.2870,0.3000
-0.5335,-0.2870,0.3000
-0.5310,-0.2870,0.3000
-0.5285,-0.2870,0.3000
-0.5261,-0.2870,0.3000
-0.5236,-0.2870,0.3000
-0.5211,-0.2870,0.3000
-0.5186,-0.2870,0.3000
-0.5161,-0.2870,0.3000
-0.5136,-0.2870,0.3000
-0.5111,-0.2870,0.3000
-0.5086,-0.2870,0.3000
-0.5061,-0.2870,0.3000
-0.5037,-0.2870,0.3000
-0.5012,-0.2870,0.3000
-0.4987,-0.2870,0.3000
-0.4962,-0.2870,0.3000
-0.4937,-0.2870,0.3000
-0.4912,-0.2870,0.3000
-0.4887,-0.2870,0.3000
-0.4862,-0.2870,0.3000
-0.4838,-0.2870,0.3000
-0.4812,-0.2870,0.3000
-0.4787,-0.2870,0.3000
-0.4762,-0.2870,0.3000
-0.4737,-0.2870,0.3000
-0.4712,-0.2870,0.3000
-0.4687,-0.2870,0.3000
-0.4662,-0.2870,0.3000
-0.4637,-0.2870,0.3000
-0.4613,-0.2870,0.3000
-0.4588,-0.2870,0.3000
-0.4563,-0.2870,0.3000
-0.4538,-0.2870,0.3000
-0.4513,-0.2870,0.3000
-0.4488,-0.2870,0.3000
-0.4463,-0.2870,0.3000
-0.4438,-0.2870,0.3000
-0.4414,-0.2870,0.3000
-0.4389,-0.2870,0.3000
-0.4364,-0.2870,0.3000
-0.4339,-0.2870,0.3000
-0.4314,-0.2870,0.3000
-0.4289,-0.2870,0.3000
-0.4264,-0.2870,0.3000
-0.4239,-0.2870,0.3000
-0.4214,-0.2870,0.3000
-0.4190,-0.2870,0.3000
-0.4165,-0.2870,0.3000
-0.4140,-0.2870,0.3000
-0.4115,-0.2870,0.3000
-0.4089,-0.2870,0.3000
-0.4064,-0.2870,0.3000
-0.4039,-0.2870,0.3000
-0.4014,-0.2870,0.3000
-0.3990,-0.2870,0.3000
-0.3965,-0.2870,0.3000
-0.3940,-0.2870,0.3000
-0.3915,-0.2870,0.3000
-0.3890,-0.2870,0.3000
-0.3865,-0.2870,0.3000
-0.3840,-0.2870,0.3000
-0.3815,-0.2870,0.3000
-0.3790,-0.2870,0.3000
-0.3766,-0.2870,0.3000
-0.3741,-0.2870,0.3000
-0.3716,-0.2870,0.3000
-0.3691,-0.2870,0.3000
-0.3666,-0.2870,0.3000
-0.3641,-0.2870,0.3000
-0.3616,-0.2870,0.3000
-0.3591,-0.2870,0.3000
-0.3567,-0.2870,0.3000
-0.3542,-0.2870,0.3000
-0.3517,-0.2870,0.3000
-0.3492,-0.2870,0.3000
-0.3467,-0.2870,0.3000
-0.3442,-0.2870,0.3000
-0.3417,-0.2870,0.3000
-0.3392,-0.2870,0.3000
-0.3366,-0.2870,0.3000
-0.3342,-0.2870,0.3000
-0.3317,-0.2870,0.3000
-0.3292,-0.2870,0.3000
-0.3267,-0.2870,0.3000
-0.3242,-0.2870,0.3000
-0.3217,-0.2870,0.3000
-0.3192,-0.2870,0.3000
-0.3167,-0.2870,0.3000
-0.3143,-0.2870,0.3000
-0.3118,-0.2870,0.3000
-0.3093,-0.2870,0.3000
-0.3068,-0.2870,0.3000
-0.3043,-0.2870,0.3000
-0.3018,-0.2870,0.3000
-0.2993,-0.2870,0.3000
-0.2968,-0.2870,0.3000
-0.2943,-0.2870,0.3000
-0.2919,-0.2870,0.3000
-0.2894,-0.2870,0.3000
-0.2869,-0.2870,0.3000
-0.2844,-0.2870,0.3000
-0.2819,-0.2870,0.3000
-0.2794,-0.2870,0.3000
-0.2769,-0.2870,0.3000
-0.2744,-0.2870,0.3000
-0.2720,-0.2870,0.3000
-0.2695,-0.2870,0.3000
-0.2669,-0.2870,0.3000
-0.2644,-0.2870,0.3000
-0.2619,-0.2870,0.3000
-0.2594,-0.2870,0.3000
-0.2569,-0.2870,0.3000
-0.2544,-0.2870,0.3000
-0.2519,-0.2870,0.3000
-0.2495,-0.2870,0.3000
-0.2470,-0.2870,0.3000
-0.2445,-0.2870,0.3000
-0.2420,-0.2870,0.3000
-0.2395,-0.2870,0.3000
-0.2370,-0.2870,0.3000
-0.2345,-0.2870,0.3000
-0.2320,-0.2870,0.3000
-0.2296,-0.2870,0.3000
-0.2271,-0.2870,0.3000
-0.2246,-0.2870,0.3000
-0.2221,-0.2870,0.3000
-0.2196,-0.2870,0.3000
-0.2171,-0.2870,0.3000
-0.2146,-0.2870,0.3000
-0.2121,-0.2870,0.3000
-0.2096,-0.2870,0.3000
-0.2072,-0.2870,0.3000
-0.2047,-0.2870,0.3000
-0.2022,-0.2870,0.3000
-0.1997,-0.2870,0.3000
-0.1972,-0.2870,0.3000
-0.1947,-0.2870,0.3000
-0.1921,-0.2870,0.3000
-0.1896,-0.2870,0.3000
-0.1871,-0.2870,0.3000
-0.1847,-0.2870,0.3000
-0.1822,-0.2870,0.3000
-0.1797,-0.2870,0.3000
-0.1772,-0.2870,0.3000
-0.1747,-0.2870,0.3000
-0.1722,-0.2870,0.3000
-0.1697,-0.2870,0.3000
-0.1672,-0.2870,0.3000
-0.1648,-0.2870,0.3000
-0.1623,-0.2870,0.5439
-0.1598,-0.2870,0.5439
-0.1566,-0.2870,0.6618
-0.1522,-0.2870,0.9666
-0.1497,-0.2870,0.9893
-0.1465,-0.2870,0.9989
-0.1421,-0.2870,0.9909
-0.1396,-0.2870,0.9693
-0.1371,-0.2870,0.9377
-0.1346,-0.2870,0.9017
-0.1321,-0.2870,0.8672
-0.1296,-0.2870,0.8347
-0.1271,-0.2870,0.8042
-0.1245,-0.2870,0.7758
-0.1220,-0.2870,0.7495
-0.1195,-0.2870,0.7252
-0.1170,-0.2870,0.7030
-0.1145,-0.2870,0.6828
-0.1120,-0.2870,0.6647
-0.1095,-0.2870,0.6487
-0.1069,-0.2870,0.6347
-0.1044,-0.2870,0.6227
-0.1019,-0.2870,0.6128
-0.0994,-0.2870,0.6050
-0.0968,-0.2870,0.5992
-0.0944,-0.2870,0.5955
-0.0919,-0.2870,0.5938
-0.0894,-0.2870,0.5940
-0.0868,-0.2870,0.5953
-0.0843,-0.2870,0.5966
-0.0818,-0.2870,0.5978
-0.0792,-0.2870,0.5988
-0.0767,-0.2870,0.5997
-0.0743,-0.2870,0.6005
-0.0718,-0.2870,0.6012
-0.0692,-0.2870,0.6018
-0.0667,-0.2870,0.6022
-0.0642,-0.2870,0.6025
-0.0616,-0.2870,0.6027
-0.0591,-0.2870,0.6028
-0.0566,-0.2870,0.6027
-0.0541,-0.2870,0.6026
-0.0516,-0.2870,0.6022
-0.0491,-0.2870,0.6018
-0.0466,-0.2870,0.6013
-0.0441,-0.2870,0.6006
-0.0415,-0.2870,0.5999
-0.0390,-0.2870,0.5989
-0.0365,-0.2870,0.5979
-0.0339,-0.2870,0.5968
-0.0315,-0.2870,0.5955
-0.0290,-0.2870,0.5941
-0.0265,-0.2870,0.5926
-0.0239,-0.2870,0.5910
-0.0214,-0.2870,0.5892
-0.0189,-0.2870,0.5874
-0.0163,-0.2870,0.5854
-0.0138,-0.2870,0.5833
-0.0113,-0.2870,0.5810
-0.0089,-0.2870,0.5786
-0.0063,-0.2870,0.5762
-0.0038,-0.2850,0.5736
-0.0013,-0.0020,0.5709
0.0013,-0.2863,0.5680
0.0038,-0.2870,0.5650
0.0063,-0.2870,0.5620
0.0088,-0.2870,0.5587
0.0113,-0.2870,0.5554
0.0138,-0.2870,0.5520
0.0163,-0.2870,0.5484
0.0188,-0.2870,0.5447
0.0214,-0.2870,0.5409
0.0239,-0.2870,0.5438
0.0240,-0.2870,0.3000
0.0268,-0.2870,0.3000
0.0298,-0.2870,0.3000
0.0328,-0.2870,0.3000
0.0330,-0.2870,0.3000
0.0362,-0.2870,0.3000
0.0397,-0.2870,0.3000
0.0420,-0.2870,0.5439
0.0443,-0.2870,0.5439
0.0466,-0.2870,0.6231
0.0488,-0.2870,0.5420
0.0513,-0.2870,0.5378
0.0539,-0.2870,0.5430
0.0565,-0.2870,0.5476
0.0591,-0.2870,0.5515
0.0617,-0.2870,0.5548
0.0643,-0.2870,0.5574
0.0668,-0.2870,0.5593
0.0694,-0.2870,0.5605
0.0719,-0.2870,0.5611
0.0745,-0.2870,0.5610
0.0771,-0.2870,0.5603
0.0797,-0.2870,0.5589
0.0823,-0.2870,0.5568
0.0849,-0.2870,0.5541
0.0875,-0.2870,0.5507
0.0901,-0.2870,0.5466
0.0926,-0.2870,0.5419
0.0952,-0.2870,0.5365
0.0978,-0.2870,0.5304
0.1004,-0.2870,0.5237
0.1029,-0.2870,0.5163
0.1055,-0.2870,0.5083
0.1081,-0.2870,0.4996
0.1107,-0.2870,0.4902
0.1132,-0.2870,0.4801
0.1158,-0.2870,0.3264
0.1184,-0.2870,0.4860
0.1190,-0.2870,0.4218
0.1213,-0.2870,0.5072
0.1243,-0.2870,0.5439
0.1273,-0.2870,0.5439
0.1280,-0.2870,0.4378
0.1299,-0.2870,0.4133
0.1325,-0.2870,0.4259
0.1350,-0.2870,0.4373
0.1376,-0.2870,0.4475
0.1401,-0.2870,0.4565
0.1427,-0.2870,0.4643
0.1453,-0.2870,0.4709
0.1478,-0.2870,0.4763
0.1503,-0.2870,0.4805
0.1529,-0.2870,0.4835
0.1555,-0.2870,0.4853
0.1580,-0.2870,0.4859
0.1606,-0.2870,0.4853
0.1632,-0.2870,0.4835
0.1657,-0.2870,0.4805
0.1683,-0.2870,0.4763
0.1709,-0.2870,0.4709
0.1734,-0.2870,0.4643
0.1759,-0.2870,0.4564
0.1785,-0.2870,0.4474
0.1810,-0.2870,0.4372
0.1836,-0.2870,0.4258
0.1862,-0.2870,0.4131
0.1887,-0.2870,0.3993
0.1913,-0.2870,0.3843
0.1938,-0.2870,0.3681
0.1964,-0.2870,0.3506
0.1989,-0.2870,0.3320
0.2015,-0.2870,0.3122
0.2040,-0.2870,0.2911
0.2066,-0.2870,0.2689
0.2092,-0.2870,0.2454
0.2118,-0.2870,0.2208
0.2143,-0.2870,0.1950
0.2168,-0.2870,0.1679
0.2194,-0.2870,0.1397
0.2220,-0.2870,0.1102
0.2245,-0.2870,0.0796
0.2271,-0.2870,0.0477
0.2296,-0.2870,0.0146
0.2365,-0.2870,0.3053
0.2410,-0.2870,0.5439
0.2424,-0.2870,0.5439
0.2449,-0.2870,0.3000
0.2474,-0.2870,0.3000
0.2498,-0.2870,0.3000
0.2523,-0.2870,0.3000
0.2548,-0.2870,0.3000
0.2573,-0.2870,0.3000
0.2598,-0.2870,0.3000
0.2623,-0.2870,0.3000
0.2648,-0.2870,0.3000
0.2673,-0.2870,0.3000
0.2698,-0.2870,0.3000
0.2722,-0.2870,0.3000
0.2747,-0.2870,0.3000
0.2772,-0.2870,0.3000
0.2797,-0.2870,0.3000
0.2822,-0.2870,0.3000
0.2847,-0.2870,0.3000
0.2872,-0.2870,0.3000
0.2898,-0.2870,0.3000
0.2922,-0.2870,0.3000
0.2947,-0.2870,0.3000
0.2972,-0.2870,0.3000
0.2997,-0.2870,0.3000
0.3022,-0.2870,0.3000
0.3047,-0.2870,0.3000
0.3072,-0.2870,0.3000
0.3097,-0.2870,0.3000
0.3122,-0.2870,0.3000
0.3146,-0.2870,0.3000
0.3171,-0.2870,0.3000
0.3196,-0.2870,0.3000
0.3221,-0.2870,0.3000
0.3246,-0.2870,0.3000
0.3271,-0.2870,0.3000
0.3296,-0.2870,0.3000
0.3321,-0.2870,0.3000
0.3345,-0.2870,0.3000
0.3370,-0.2870,0.3000
0.3395,-0.2870,0.3000
0.3420,-0.2870,0.3000
0.3445,-0.2870,0.3000
0.3470,-0.2870,0.3000
0.3495,-0.2870,0.3000
0.3520,-0.2870,0.3000
0.3545,-0.2870,0.3000
0.3569,-0.2870,0.3000
0.3594,-0.2870,0.3000
0.3619,-0.2870,0.3000
0.3644,-0.2870,0.3000
0.3669,-0.2870,0.3000
0.3694,-0.2870,0.3000
0.3719,-0.2870,0.3000
0.3744,-0.2870,0.3000
0.3769,-0.2870,0.3000
0.3794,-0.2870,0.3000
0.3819,-0.2870,0.3000
0.3844,-0.2870,0.3000
0.3869,-0.2870,0.3000
0.3894,-0.2870,0.3000
0.3919,-0.2870,0.3000
0.3944,-0.2870,0.3000
0.3969,-0.2870,0.3000
0.3993,-0.2870,0.3000
0.4018,-0.2870,0.3000
0.4043,-0.2870,0.3000
0.4068,-0.2870,0.3000
0.4093,-0.2870,0.3000
0.4118,-0.2870,0.3000
0.4143,-0.2870,0.3000
0.4168,-0.2870,0.3000
0.4192,-0.2870,0.3000
0.4217,-0.2870,0.3000
0.4242,-0.2870,0.3000
0.4267,-0.2870,0.3000
0.4292,-0.2870,0.3000
0.4317,-0.2870,0.3000
0.4342,-0.2870,0.3000
0.4367,-0.2870,0.3000
0.4392,-0.2870,0.3000
0.4416,-0.2870,0.3000
0.4441,-0.2870,0.3000
0.4466,-0.2870,0.3000
0.4491,-0.2870,0.3000
0.4516,-0.2870,0.3000
0.4541,-0.2870,0.3000
0.4566,-0.2870,0.3000
0.4591,-0.2870,0.3000
0.4615,-0.2870,0.3000
0.4640,-0.2870,0.3000
0.4665,-0.2870,0.3000
0.4691,-0.2870,0.3000
0.4716,-0.2870,0.3000
0.4741,-0.2870,0.3000
0.4766,-0.2870,0.3000
0.4791,-0.2870,0.3000
0.4816,-0.2870,0.3000
0.4840,-0.2870,0.3000
0.4865,-0.2870,0.3000
0.4890,-0.2870,0.3000
0.4915,-0.2870,0.3000
0.4940,-0.2870,0.3000
0.4965,-0.2870,0.3000
0.4990,-0.2870,0.3000
0.5015,-0.2870,0.3000
0.5039,-0.2870,0.3000
0.5064,-0.2870,0.3000
0.5089,-0.2870,0.3000
0.5114,-0.2870,0.3000
0.5139,-0.2870,0.3000
0.5164,-0.2870,0.3000
0.5189,-0.2870,0.3000
0.5214,-0.2870,0.3000
0.5239,-0.2870,0.3000
0.5263,-0.2870,0.3000
0.5288,-0.2870,0.3000
0.5313,-0.2870,0.3000
0.5338,-0.2870,0.3000
0.5363,-0.2870,0.3000
0.5388,-0.2870,0.3000
0.5413,-0.2870,0.3000
0.5438,-0.2870,0.3000
0.5462,-0.2870,0.3000
0.5487,-0.2870,0.3000
0.5512,-0.2870,0.3000
0.5537,-0.2870,0.3000
0.5562,-0.2870,0.3000
0.5588,-0.2870,0.3000
0.5613,-0.2870,0.3000
0.5638,-0.2870,0.3000
0.5663,-0.2870,0.3000
0.5687,-0.2870,0.3000
0.5712,-0.2870,0.3000
0.5737,-0.2870,0.3000
0.5762,-0.2870,0.3000
0.5787,-0.2870,0.3000
0.5812,-0.2870,0.3000
0.5837,-0.2870,0.3000
0.5862,-0.2870,0.3000
0.5886,-0.2870,0.3000
0.5911,-0.2870,0.3000
0.5936,-0.2870,0.3000
0.5961,-0.2870,0.3000
0.5986,-0.2870,0.3000
0.6011,-0.2870,0.3000
0.6036,-0.2870,0.3000
0.6061,-0.2870,0.3000
0.6086,-0.2870,0.3000
0.6110,-0.2870,0.3000
0.6135,-0.2870,0.3000
0.6160,-0.2870,0.3000
0.6185,-0.2870,0.3000
0.6210,-0.2870,0.3000
0.6235,-0.2870,0.3000
0.6260,-0.2870,0.3000
0.6285,-0.2870,0.3000
0.6310,-0.2870,0.3000
0.6334,-0.2870,0.3000
0.6359,-0.2870,0.3000
0.6384,-0.2870,0.3000
0.6409,-0.2870,0.3000
0.6434,-0.2870,0.3000
0.6459,-0.2870,0.3000
0.6484,-0.2870,0.3000
0.6510,-0.2870,0.3000
0.6534,-0.2870,0.3000
0.6559,-0.2870,0.3000
0.6584,-0.2870,0.3000
0.6609,-0.2870,0.3000
0.6634,-0.2870,0.3000
0.6659,-0.2870,0.3000
0.6684,-0.2870,0.3000
0.6709,-0.2870,0.3000
0.6734,-0.2870,0.3000
0.6758,-0.2870,0.3000
0.6783,-0.2870,0.3000
0.6808,-0.2870,0.3000
0.6833,-0.2870,0.3000
0.6858,-0.2870,0.3000
0.6883,-0.2870,0.3000
0.6908,-0.2870,0.3000
0.6933,-0.2870,0.3000
0.6957,-0.2870,0.3000
0.6982,-0.2870,0.3000
0.7007,-0.2870,0.3000
0.7032,-0.2870,0.3000
0.7057,-0.2870,0.3000
0.7082,-0.2870,0.3000
0.7107,-0.2870,0.3000
0.7132,-0.2870,0.3000
0.7157,-0.2870,0.3000
0.7181,-0.2870,0.3000
0.7206,-0.2870,0.3000
0.7231,-0.2870,0.3000
0.7256,-0.2870,0.3000
0.7281,-0.2870,0.3000
0.7306,-0.2870,0.3000
0.7331,-0.2870,0.3000
0.7356,-0.2870,0.3000
0.7380,-0.2870,0.3000
0.7406,-0.2870,0.3000
0.7431,-0.2870,0.3000
0.7456,-0.2870,0.3000
0.7481,-0.2870,0.3000
0.7506,-0.2870,0.3000
0.7531,-0.2870,0.3000
0.7556,-0.2870,0.3000
0.7581,-0.2870,0.3000
0.7605,-0.2870,0.3000
0.7630,-0.2870,0.3000
0.7655,-0.2870,0.3000
0.7680,-0.2870,0.3000
0.7705,-0.2870,0.3000
0.7730,-0.2870,0.3000
0.7755,-0.2870,0.3000
0.7780,-0.2870,0.3000
0.7804,-0.2870,0.3000
0.7829,-0.2870,0.3000
0.7854,-0.2870,0.3000
0.7879,-0.2870,0.3000
0.7904,-0.2870,0.3000
0.7929,-0.2870,0.3000
0.7954,-0.2870,0.3000
0.7979,-0.2870,0.3000
0.8004,-0.2870,0.3000
0.8028,-0.2870,0.3000
0.8053,-0.2870,0.3000
0.8078,-0.2870,0.3000
0.8103,-0.2870,0.3000
0.8128,-0.2870,0.3000
0.8153,-0.2870,0.3000
0.8178,-0.2870,0.3000
0.8203,-0.2870,0.3000
0.8227,-0.2870,0.3000
0.8252,-0.2870,0.3000
0.8277,-0.2870,0.3000
0.8303,-0.2870,0.3000
0.8328,-0.2870,0.3000
0.8353,-0.2870,0.3000
0.8378,-0.2870,0.3000
0.8403,-0.2870,0.3000
0.8428,-0.2870,0.3000
0.8452,-0.2870,0.3000
0.8477,-0.2870,0.3000
0.8502,-0.2870,0.3000
0.8527,-0.2870,0.3000
0.8552,-0.2870,0.3000
0.8577,-0.2870,0.3000
0.8602,-0.2870,0.3000
0.8627,-0.2870,0.3000
0.8651,-0.2870,0.3000
0.8676,-0.2870,0.3000
0.8701,-0.2870,0.3000
0.8726,-0.2870,0.3000
0.8751,-0.2870,0.3000
0.8776,-0.2870,0.3000
0.8801,-0.2870,0.3000
0.8826,-0.2870,0.3000
0.8851,-0.2870,0.3000
0.8875,-0.2870,0.3000
0.8900,-0.2870,0.3000
0.8925,-0.2870,0.3000
0.8950,-0.2870,0.3000
0.8975,-0.2870,0.3000
0.9000,-0.2870,0.3000
0.9025,-0.2870,0.3000
0.9050,-0.2870,0.3000
0.9074,-0.2870,0.3000
0.9099,-0.2870,0.3000
0.9124,-0.2870,0.3000
0.9149,-0.2870,0.3000
0.9174,-0.2870,0.3000
0.9199,-0.2870,0.3000
0.9225,-0.2870,0.3000
0.9250,-0.2870,0.3000
0.9275,-0.2870,0.3000
0.9299,-0.2870,0.3000
0.9324,-0.2870,0.3000
0.9349,-0.2870,0.3000
0.9374,-0.2870,0.3000
0.9399,-0.2870,0.3000
0.9424,-0.2870,0.3000
0.9449,-0.2870,0.3000
0.9474,-0.2870,0.3000
0.9498,-0.2870,0.3000
0.9523,-0.2870,0.3000
0.9548,-0.2870,0.3000
0.9573,-0.2870,0.3000
0.9598,-0.2870,0.3000
0.9623,-0.2870,0.3000
0.9648,-0.2870,0.3000
0.9673,-0.2870,0.3000
0.9698,-0.2870,0.3000
0.9722,-0.2870,0.3000
0.9747,-0.2870,0.3000
0.9772,-0.2870,0.3000
0.9797,-0.2870,0.3000
0.9822,-0.2870,0.3000
0.9847,-0.2870,0.3000
0.9872,-0.2870,0.3000
0.9897,-0.2870,0.3000
0.9921,-0.2870,0.3000
0.9946,-0.2870,0.3000
0.9971,-0.2870,0.3000
0.9996,-0.2870,0.3000
1.0021,-0.2870,0.3000
1.0046,-0.2870,0.3000
1.0071,-0.2870,0.3000
1.0096,-0.2870,0.3000
1.0122,-0.2870,0.3000
1.0146,-0.2870,0.3000
1.0171,-0.2870,0.3000
1.0196,-0.2870,0.3000
1.0221,-0.2870,0.3000
1.0246,-0.2870,0.3000
1.0271,-0.2870,0.3000
1.0296,-0.2870,0.3000
1.0321,-0.2870,0.3000
1.0346,-0.2870,0.3000
1.0370,-0.2870,0.3000
1.0395,-0.2870,0.3000
1.0420,-0.2870,0.3000
1.0445,-0.2870,0.3000
1.0470,-0.2870,0.3000
1.0495,-0.2870,0.3000
1.0520,-0.2870,0.3000
1.0545,-0.2870,0.3000
1.0569,-0.2870,0.3000
1.0594,-0.2870,0.3000
1.0619,-0.2870,0.3000
1.0644,-0.2870,0.3000
1.0669,-0.2870,0.3000
1.0694,-0.2870,0.3000
1.0719,-0.2870,0.3000
1.0744,-0.2870,0.3000
1.0769,-0.2870,0.3000
1.0793,-0.2870,0.3000
1.0818,-0.2870,0.3000
1.0843,-0.2870,0.3000
1.0868,-0.2870,0.3000
1.0893,-0.2870,0.3000
1.0918,-0.2870,0.3000
1.0943,-0.2870,0.3000
1.0968,-0.2870,0.3000
1.0992,-0.2870,0.3000
1.1018,-0.2870,0.3000
1.1043,-0.2870,0.3000
1.1068,-0.2870,0.3000
1.1093,-0.2870,0.3000
1.1118,-0.2870,0.3000
1.1143,-0.2870,0.3000
1.1168,-0.2870,0.3000
1.1193,-0.2870,0.3000
1.1217,-0.2870,0.3000
1.1242,-0.2870,0.3000
1.1267,-0.2870,0.3000
1.1292,-0.2870,0.3000
1.1317,-0.2870,0.3000
1.1342,-0.2870,0.3000
1.1367,-0.2870,0.3000
1.1392,-0.2870,0.3000
1.1416,-0.2870,0.3000
1.1441,-0.2870,0.3000
1.1466,-0.2870,0.3000
1.1491,-0.2870,0.3000
1.1516,-0.2870,0.3000
1.1541,-0.2870,0.3000
1.1566,-0.2870,0.3000
1.1591,-0.2870,0.3000
1.1616,-0.2870,0.3000
1.1640,-0.2870,0.3000
1.1665,-0.2870,0.3000
1.1690,-0.2870,0.3000
1.1715,-0.2870,0.3000
1.1740,-0.2870,0.3000
1.1765,-0.2870,0.3000
1.1790,-0.2870,0.3000
1.1815,-0.2870,0.3000
1.1839,-0.2870,0.3000
1.1864,-0.2870,0.3000
1.1889,-0.2870,0.3000
1.1914,-0.2870,0.3000
1.1940,-0.2870,0.3000
1.1965,-0.2870,0.3000
1.1990,-0.2870,0.3000
1.2015,-0.2870,0.3000
1.2040,-0.2870,0.3000
1.2064,-0.2870,0.3000
1.2089,-0.2870,0.3000
1.2114,-0.2870,0.3000
1.2139,-0.2870,0.3000
1.2164,-0.2870,0.3000
1.2189,-0.2870,0.3000
1.2214,-0.2870,0.3000
1.2239,-0.2870,0.3000
1.2263,-0.2870,0.3000
1.2288,-0.2870,0.3000
1.2313,-0.2870,0.3000
1.2338,-0.2870,0.3000
1.2363,-0.2870,0.3000
1.2388,-0.2870,0.3000
1.2413,-0.2870,0.3000
1.2438,-0.2870,0.3000
1.2463,-0.2870,0.3000
1.2487,-0.2870,0.3000
1.2512,-0.2870,0.3000
1.2537,-0.2870,0.3000
1.2562,-0.2870,0.3000
1.2587,-0.2870,0.3000
1.2612,-0.2870,0.3000
1.2637,-0.2870,0.3000
1.2662,-0.2870,0.3000
1.2686,-0.2870,0.3000
1.2711,-0.2870,0.3000
1.2736,-0.2870,0.3000
1.2761,-0.2870,0.3000
1.2786,-0.2870,0.3000
1.2811,-0.2870,0.3000
1.2836,-0.2870,0.3000
1.2862,-0.2870,0.3000
1.2887,-0.2870,0.3000
1.2911,-0.2870,0.3000
1.2936,-0.2870,0.3000
1.2961,-0.2870,0.3000
1.2986,-0.2870,0.3000
1.3011,-0.2870,0.3000
1.3036,-0.2870,0.3000
1.3061,-0.2870,0.3000
1.3086,-0.2870,0.3000
1.3110,-0.2870,0.3000
1.3135,-0.2870,0.3000
1.3160,-0.2870,0.3000
1.3185,-0.2870,0.3000
1.3210,-0.2870,0.3000
1.3235,-0.2870,0.3000
1.3260,-0.2870,0.3000
1.3285,-0.2870,0.3000
1.3310,-0.2870,0.3000
1.3334,-0.2870,0.3000
1.3359,-0.2870,0.3000
1.3384,-0.2870,0.3000
1.3409,-0.2870,0.3000
1.3434,-0.2870,0.3000
1.3459,-0.2870,0.3000
1.3484,-0.2870,0.3000
1.3509,-0.2870,0.3000
1.3533,-0.2870,0.3000
1.3558,-0.2870,0.3000
1.3583,-0.2870,0.3000
1.3608,-0.2870,0.3000
1.3633,-0.2870,0.3000
1.3658,-0.2870,0.3000
1.3683,-0.2870,0.3000
1.3708,-0.2870,0.3000
1.3733,-0.2870,0.3000
1.3758,-0.2870,0.3000
1.3783,-0.2870,0.3000
1.3808,-0.2870,0.3000
1.3833,-0.2870,0.3000
1.3858,-0.2870,0.3000
1.3883,-0.2870,0.3000
1.3908,-0.2870,0.3000
1.3933,-0.2870,0.3000
1.3957,-0.2870,0.3000
1.3982,-0.2870,0.3000
1.4007,-0.2870,0.3000
1.4032,-0.2870,0.3000
1.4057,-0.2870,0.3000
1.4082,-0.2870,0.3000
1.4107,-0.2870,0.3000
1.4132,-0.2870,0.3000
1.4157,-0.2870,0.3000
1.4181,-0.2870,0.3000
1.4206,-0.2870,0.3000
1.4231,-0.2870,0.3000
1.4256,-0.2870,0.3000
1.4281,-0.2870,0.3000
1.4306,-0.2870,0.3000
1.4331,-0.2870,0.3000
1.4356,-0.2870,0.3000
1.4381,-0.2870,0.3000
1.4405,-0.2870,0.3000
1.4430,-0.2870,0.3000
1.4455,-0.2870,0.3000
1.4480,-0.2870,0.3000
1.4505,-0.2870,0.3000
1.4530,-0.2870,0.3000
1.4555,-0.2870,0.3000
1.4580,-0.2870,0.3000
1.4604,-0.2870,0.3000
1.4630,-0.2870,0.3000
1.4655,-0.2870,0.3000
1.4680,-0.2870,0.3000
1.4705,-0.2870,0.3000
1.4730,-0.2870,0.3000
1.4755,-0.2870,0.3000
1.4780,-0.2870,0.3000
1.4805,-0.2870,0.3000
1.4829,-0.2870,0.3000
1.4854,-0.2870,0.3000
1.4879,-0.2870,0.3000
1.4904,-0.2870,0.3000
1.4929,-0.2870,0.3000
1.4954,-0.2870,0.3000
1.4979,-0.2870,0.3000
1.5004,-0.2870,0.3000
1.5028,-0.2870,0.3000
1.5053,-0.2870,0.3000
1.5078,-0.2870,0.3000
1.5103,-0.2870,0.3000
1.5128,-0.2870,0.3000
1.5153,-0.2870,0.3000
1.5178,-0.2870,0.3000
1.5203,-0.2870,0.3000
1.5228,-0.2870,0.3000
1.5252,-0.2870,0.3000
1.5277,-0.2870,0.3000
1.5302,-0.2870,0.3000
1.5327,-0.2870,0.3000
1.5352,-0.2870,0.3000
1.5377,-0.2870,0.3000
1.5402,-0.2870,0.3000
1.5427,-0.2870,0.3000
1.5451,-0.2870,0.3000
1.5476,-0.2870,0.3000
1.5501,-0.2870,0.3000
1.5526,-0.2870,0.3000
1.5552,-0.2870,0.3000
1.5577,-0.2870,0.3000
1.5602,-0.2870,0.3000
1.5627,-0.2870,0.3000
1.5652,-0.2870,0.3000
1.5676,-0.2870,0.3000
1.5701,-0.2870,0.3000
1.5726,-0.2870,0.3000
1.5751,-0.2870,0.3000
1.5776,-0.2870,0.3000
1.5801,-0.2870,0.3000
1.5826,-0.2870,0.3000
1.5851,-0.2870,0.3000
1.5875,-0.2870,0.3000
1.5900,-0.2870,0.3000
1.5925,-0.2870,0.3000
1.5950,-0.2870,0.3000
1.5975,-0.2870,0.3000
