-1.6000,-0.4310,0.3000
-1.5975,-0.4310,0.3000
-1.5950,-0.4310,0.3000
-1.5925,-0.4310,0.3000
-1.5901,-0.4310,0.3000
-1.5876,-0.4310,0.3000
-1.5851,-0.4310,0.3000
-1.5826,-0.4310,0.3000
-1.5801,-0.4310,0.3000
-1.5775,-0.4310,0.3000
-1.5750,-0.4310,0.3000
-1.5726,-0.4310,0.3000
-1.5701,-0.4310,0.3000
-1.5676,-0.4310,0.3000
-1.5651,-0.4310,0.3000
-1.5626,-0.4310,0.3000
-1.5601,-0.4310,0.3000
-1.5576,-0.4310,0.3000
-1.5551,-0.4310,0.3000
-1.5527,-0.4310,0.3000
-1.5502,-0.4310,0.3000
-1.5477,-0.4310,0.3000
-1.5452,-0.4310,0.3000
-1.5427,-0.4310,0.3000
-1.5402,-0.4310,0.3000
-1.5377,-0.4310,0.3000
-1.5352,-0.4310,0.3000
-1.5327,-0.4310,0.3000
-1.5302,-0.4310,0.3000
-1.5277,-0.4310,0.3000
-1.5252,-0.4310,0.3000
-1.5227,-0.4310,0.3000
-1.5202,-0.4310,0.3000
-1.5178,-0.4310,0.3000
-1.5153,-0.4310,0.3000
-1.5128,-0.4310,0.3000
-1.5103,-0.4310,0.3000
-1.5078,-0.4310,0.3000
-1.5053,-0.4310,0.3000
-1.5028,-0.4310,0.3000
-1.5003,-0.4310,0.3000
-1.4979,-0.4310,0.3000
-1.4954,-0.4310,0.3000
-1.4929,-0.4310,0.3000
-1.4903,-0.4310,0.3000
-1.4878,-0.4310,0.3000
-1.4853,-0.4310,0.3000
-1.4828,-0.4310,0.3000
-1.4804,-0.4310,0.3000
-1.4779,-0.4310,0.3000
-1.4754,-0.4310,0.3000
-1.4729,-0.4310,0.3000
-1.4704,-0.4310,0.3000
-1.4679,-0.4310,0.3000
-1.4654,-0.4310,0.3000
-1.4630,-0.4310,0.3000
-1.4605,-0.4310,0.3000
-1.4580,-0.4310,0.3000
-1.4555,-0.4310,0.3000
-1.4530,-0.4310,0.3000
-1.4505,-0.4310,0.3000
-1.4480,-0.4310,0.3000
-1.4454,-0.4310,0.3000
-1.4430,-0.4310,0.3000
-1.4405,-0.4310,0.3000
-1.4380,-0.4310,0.3000
-1.4355,-0.4310,0.3000
-1.4330,-0.4310,0.3000
-1.4305,-0.4310,0.3000
-1.4280,-0.4310,0.3000
-1.4256,-0.4310,0.3000
-1.4231,-0.4310,0.3000
-1.4206,-0.4310,0.3000
-1.4181,-0.4310,0.3000
-1.4156,-0.4310,0.3000
-1.4131,-0.4310,0.3000
-1.4106,-0.4310,0.3000
-1.4082,-0.4310,0.3000
-1.4056,-0.4310,0.3000
-1.4031,-0.4310,0.3000
-1.4006,-0.4310,0.3000
-1.3981,-0.4310,0.3000
-1.3956,-0.4310,0.3000
-1.3931,-0.4310,0.3000
-1.3906,-0.4310,0.3000
-1.3882,-0.4310,0.3000
-1.3857,-0.4310,0.3000
-1.3832,-0.4310,0.3000
-1.3807,-0.4310,0.3000
-1.3782,-0.4310,0.3000
-1.3757,-0.4310,0.3000
-1.3732,-0.4310,0.3000
-1.3708,-0.4310,0.3000
-1.3683,-0.4310,0.3000
-1.3658,-0.4310,0.3000
-1.3633,-0.4310,0.3000
-1.3608,-0.4310,0.3000
-1.3582,-0.4310,0.3000
-1.3557,-0.4310,0.3000
-1.3533,-0.4310,0.3000
-1.3508,-0.4310,0.3000
-1.3483,-0.4310,0.3000
-1.3458,-0.4310,0.3000
-1.3433,-0.4310,0.3000
-1.3408,-0.4310,0.3000
-1.3383,-0.4310,0.3000
-1.3359,-0.4310,0.3000
-1.3334,-0.4310,0.3000
-1.3309,-0.4310,0.3000
-1.3284,-0.4310,0.3000
-1.3259,-0.4310,0.3000
-1.3234,-0.4310,0.3000
-1.3209,-0.4310,0.3000
-1.3184,-0.4310,0.3000
-1.3159,-0.4310,0.3000
-1.3134,-0.4310,0.3000
-1.3109,-0.4310,0.3000
-1.3084,-0.4310,0.3000
-1.3059,-0.4310,0.3000
-1.3034,-0.4310,0.3000
-1.3009,-0.4310,0.3000
-1.2985,-0.4310,0.3000
-1.2960,-0.4310,0.3000
-1.2935,-0.4310,0.3000
-1.2910,-0.4310,0.3000
-1.2885,-0.4310,0.3000
-1.2860,-0.4310,0.3000
-1.2835,-0.4310,0.3000
-1.2811,-0.4310,0.3000
-1.2786,-0.4310,0.3000
-1.2760,-0.4310,0.3000
-1.2735,-0.4310,0.3000
-1.2710,-0.4310,0.3000
-1.2685,-0.4310,0.3000
-1.2660,-0.4310,0.3000
-1.2635,-0.4310,0.3000
-1.2611,-0.4310,0.3000
-1.2586,-0.4310,0.3000
-1.2561,-0.4310,0.3000
-1.2536,-0.4310,0.3000
-1.2511,-0.4310,0.3000
-1.2486,-0.4310,0.3000
-1.2461,-0.4310,0.3000
-1.2437,-0.4310,0.3000
-1.2412,-0.4310,0.3000
-1.2387,-0.4310,0.3000
-1.2362,-0.4310,0.3000
-1.2337,-0.4310,0.3000
-1.2311,-0.4310,0.3000
-1.2286,-0.4310,0.3000
-1.2262,-0.4310,0.3000
-1.2237,-0.4310,0.3000
-1.2212,-0.4310,0.3000
-1.2187,-0.4310,0.3000
-1.2162,-0.4310,0.3000
-1.2137,-0.4310,0.3000
-1.2112,-0.4310,0.3000
-1.2087,-0.4310,0.3000
-1.2063,-0.4310,0.3000
-1.2038,-0.4310,0.3000
-1.2013,-0.4310,0.3000
-1.1988,-0.4310,0.3000
-1.1963,-0.4310,0.3000
-1.1938,-0.4310,0.3000
-1.1913,-0.4310,0.3000
-1.1888,-0.4310,0.3000
-1.1863,-0.4310,0.3000
-1.1838,-0.4310,0.3000
-1.1813,-0.4310,0.3000
-1.1788,-0.4310,0.3000
-1.1763,-0.4310,0.3000
-1.1738,-0.4310,0.3000
-1.1714,-0.4310,0.3000
-1.1689,-0.4310,0.3000
-1.1664,-0.4310,0.3000
-1.1639,-0.4310,0.3000
-1.1614,-0.4310,0.3000
-1.1589,-0.4310,0.3000
-1.1564,-0.4310,0.3000
-1.1539,-0.4310,0.3000
-1.1515,-0.4310,0.3000
-1.1490,-0.4310,0.3000
-1.1465,-0.4310,0.3000
-1.1439,-0.4310,0.3000
-1.1414,-0.4310,0.3000
-1.1389,-0.4310,0.3000
-1.1364,-0.4310,0.3000
-1.1340,-0.4310,0.3000
-1.1315,-0.4310,0.3000
-1.1290,-0.4310,0.3000
-1.1265,-0.4310,0.3000
-1.1240,-0.4310,0.3000
-1.1215,-0.4310,0.3000
-1.1190,-0.4310,0.3000
-1.1166,-0.4310,0.3000
-1.1141,-0.4310,0.3000
-1.1116,-0.4310,0.3000
-1.1091,-0.4310,0.3000
-1.1066,-0.4310,0.3000
-1.1041,-0.4310,0.3000
-1.1015,-0.4310,0.3000
-1.0991,-0.4310,0.3000
-1.0966,-0.4310,0.3000
-1.0941,-0.4310,0.3000
-1.0916,-0.4310,0.3000
-1.0891,-0.4310,0.3000
-1.0866,-0.4310,0.3000
-1.0841,-0.4310,0.3000
-1.0816,-0.4310,0.3000
-1.0792,-0.4310,0.3000
-1.0767,-0.4310,0.3000
-1.0742,-0.4310,0.3000
-1.0717,-0.4310,0.3000
-1.0692,-0.4310,0.3000
-1.0667,-0.4310,0.3000
-1.0642,-0.4310,0.3000
-1.0618,-0.4310,0.3000
-1.0593,-0.4310,0.3000
-1.0567,-0.4310,0.3000
-1.0542,-0.4310,0.3000
-1.0517,-0.4310,0.3000
-1.0492,-0.4310,0.3000
-1.0467,-0.4310,0.3000
-1.0443,-0.4310,0.3000
-1.0418,-0.4310,0.3000
-1.0393,-0.4310,0.3000
-1.0368,-0.4310,0.3000
-1.0343,-0.4310,0.3000
-1.0318,-0.4310,0.3000
-1.0293,-0.4310,0.3000
-1.0268,-0.4310,0.3000
-1.0244,-0.4310,0.3000
-1.0219,-0.4310,0.3000
-1.0194,-0.4310,0.3000
-1.0169,-0.4310,0.3000
-1.0143,-0.4310,0.3000
-1.0118,-0.4310,0.3000
-1.0093,-0.4310,0.3000
-1.0069,-0.4310,0.3000
-1.0044,-0.4310,0.3000
-1.0019,-0.4310,0.3000
-0.9994,-0.4310,0.3000
-0.9969,-0.4310,0.3000
-0.9944,-0.4310,0.3000
-0.9919,-0.4310,0.3000
-0.9895,-0.4310,0.3000
-0.9870,-0.4310,0.3000
-0.9845,-0.4310,0.3000
-0.9820,-0.4310,0.3000
-0.9795,-0.4310,0.3000
-0.9770,-0.4310,0.3000
-0.9745,-0.4310,0.3000
-0.9720,-0.4310,0.3000
-0.9695,-0.4310,0.3000
-0.9670,-0.4310,0.3000
-0.9645,-0.4310,0.3000
-0.9620,-0.4310,0.3000
-0.9595,-0.4310,0.3000
-0.9570,-0.4310,0.3000
-0.9545,-0.4310,0.3000
-0.9521,-0.4310,0.3000
-0.9496,-0.4310,0.3000
-0.9471,-0.4310,0.3000
-0.9446,-0.4310,0.3000
-0.9421,-0.4310,0.3000
-0.9396,-0.4310,0.3000
-0.9371,-0.4310,0.3000
-0.9347,-0.4310,0.3000
-0.9322,-0.4310,0.3000
-0.9296,-0.4310,0.3000
-0.9271,-0.4310,0.3000
-0.9246,-0.4310,0.3000
-0.9221,-0.4310,0.3000
-0.9196,-0.4310,0.3000
-0.9171,-0.4310,0.3000
-0.9147,-0.4310,0.3000
-0.9122,-0.4310,0.3000
-0.9097,-0.4310,0.3000
-0.9072,-0.4310,0.3000
-0.9047,-0.4310,0.3000
-0.9022,-0.4310,0.3000
-0.8997,-0.4310,0.3000
-0.8973,-0.4310,0.3000
-0.8948,-0.4310,0.3000
-0.8923,-0.4310,0.3000
-0.8898,-0.4310,0.3000
-0.8873,-0.4310,0.3000
-0.8848,-0.4310,0.3000
-0.8822,-0.4310,0.3000
-0.8798,-0.4310,0.3000
-0.8773,-0.4310,0.3000
-0.8748,-0.4310,0.3000
-0.8723,-0.4310,0.3000
-0.8698,-0.4310,0.3000
-0.8673,-0.4310,0.3000
-0.8648,-0.4310,0.3000
-0.8624,-0.4310,0.3000
-0.8599,-0.4310,0.3000
-0.8574,-0.4310,0.3000
-0.8549,-0.4310,0.3000
-0.8524,-0.4310,0.3000
-0.8499,-0.4310,0.3000
-0.8474,-0.4310,0.3000
-0.8449,-0.4310,0.3000
-0.8424,-0.4310,0.3000
-0.8399,-0.4310,0.3000
-0.8374,-0.4310,0.3000
-0.8349,-0.4310,0.3000
-0.8324,-0.4310,0.3000
-0.8299,-0.4310,0.3000
-0.8274,-0.4310,0.3000
-0.8250,-0.4310,0.3000
-0.8225,-0.4310,0.3000
-0.8200,-0.4310,0.3000
-0.8175,-0.4310,0.3000
-0.8150,-0.4310,0.3000
-0.8125,-0.4310,0.3000
-0.8100,-0.4310,0.3000
-0.8076,-0.4310,0.3000
-0.8051,-0.4310,0.3000
-0.8026,-0.4310,0.3000
-0.8001,-0.4310,0.3000
-0.7975,-0.4310,0.3000
-0.7950,-0.4310,0.3000
-0.7925,-0.4310,0.3000
-0.7900,-0.4310,0.3000
-0.7876,-0.4310,0.3000
-0.7851,-0.4310,0.3000
-0.7826,-0.4310,0.3000
-0.7801,-0.4310,0.3000
-0.7776,-0.4310,0.3000
-0.7751,-0.4310,0.3000
-0.7726,-0.4310,0.3000
-0.7702,-0.4310,0.3000
-0.7677,-0.4310,0.3000
-0.7652,-0.4310,0.3000
-0.7627,-0.4310,0.3000
-0.7602,-0.4310,0.3000
-0.7577,-0.4310,0.3000
-0.7552,-0.4310,0.3000
-0.7527,-0.4310,0.3000
-0.7502,-0.4310,0.3000
-0.7477,-0.4310,0.3000
-0.7452,-0.4310,0.3000
-0.7427,-0.4310,0.3000
-0.7402,-0.4310,0.3000
-0.7377,-0.4310,0.3000
-0.7352,-0.4310,0.3000
-0.7328,-0.4310,0.3000
-0.7303,-0.4310,0.3000
-0.7278,-0.4310,0.3000
-0.7253,-0.4310,0.3000
-0.7228,-0.4310,0.3000
-0.7203,-0.4310,0.3000
-0.7178,-0.4310,0.3000
-0.7154,-0.4310,0.3000
-0.7129,-0.4310,0.3000
-0.7103,-0.4310,0.3000
-0.7078,-0.4310,0.3000
-0.7053,-0.4310,0.3000
-0.7028,-0.4310,0.3000
-0.7003,-0.4310,0.3000
-0.6979,-0.4310,0.3000
-0.6954,-0.4310,0.3000
-0.6929,-0.4310,0.3000
-0.6904,-0.4310,0.3000
-0.6879,-0.4310,0.3000
-0.6854,-0.4310,0.3000
-0.6829,-0.4310,0.3000
-0.6804,-0.4310,0.3000
-0.6780,-0.4310,0.3000
-0.6755,-0.4310,0.3000
-0.6730,-0.4310,0.3000
-0.6705,-0.4310,0.3000
-0.6679,-0.4310,0.3000
-0.6654,-0.4310,0.3000
-0.6629,-0.4310,0.3000
-0.6605,-0.4310,0.3000
-0.6580,-0.4310,0.3000
-0.6555,-0.4310,0.3000
-0.6530,-0.4310,0.3000
-0.6505,-0.4310,0.3000
-0.6480,-0.4310,0.3000
-0.6455,-0.4310,0.3000
-0.6431,-0.4310,0.3000
-0.6406,-0.4310,0.3000
-0.6381,-0.4310,0.3000
-0.6356,-0.4310,0.3000
-0.6331,-0.4310,0.3000
-0.6306,-0.4310,0.3000
-0.6281,-0.4310,0.3000
-0.6256,-0.4310,0.3000
-0.6231,-0.4310,0.3000
-0.6206,-0.4310,0.3000
-0.6181,-0.4310,0.3000
-0.6156,-0.4310,0.3000
-0.6131,-0.4310,0.3000
-0.6106,-0.4310,0.3000
-0.6081,-0.4310,0.3000
-0.6057,-0.4310,0.3000
-0.6032,-0.4310,0.3000
-0.6007,-0.4310,0.3000
-0.5982,-0.4310,0.3000
-0.5957,-0.4310,0.3000
-0.5932,-0.4310,0.3000
-0.5907,-0.4310,0.3000
-0.5883,-0.4310,0.3000
-0.5858,-0.4310,0.3000
-0.5833,-0.4310,0.3000
-0.5807,-0.4310,0.3000
-0.5782,-0.4310,0.3000
-0.5757,-0.4310,0.3000
-0.5732,-0.4310,0.3000
-0.5708,-0.4310,0.3000
-0.5683,-0.4310,0.3000
-0.5658,-0.4310,0.3000
-0.5633,-0.4310,0.3000
-0.5608,-0.4310,0.3000
-0.5583,-0.4310,0.3000
-0.5558,-0.4310,0.3000
-0.5533,-0.4310,0.3000
-0.5509,-0.4310,0.3000
-0.5484,-0.4310,0.3000
-0.5459,-0.4310,0.3000
-0.5434,-0.4310,0.3000
-0.5409,-0.4310,0.3000
-0.5384,-0.4310,0.3000
-0.5358,-0.4310,0.3000
-0.5334,-0.4310,0.3000
-0.5309,-0.4310,0.3000
-0.5284,-0.4310,0.3000
-0.5259,-0.4310,0.3000
-0.5234,-0.4310,0.3000
-0.5209,-0.4310,0.3000
-0.5184,-0.4310,0.3000
-0.5160,-0.4310,0.3000
-0.5135,-0.4310,0.3000
-0.5110,-0.4310,0.3000
-0.5085,-0.4310,0.3000
-0.5060,-0.4310,0.3000
-0.5035,-0.4310,0.3000
-0.5010,-0.4310,0.3000
-0.4985,-0.4310,0.3000
-0.4960,-0.4310,0.3000
-0.4935,-0.4310,0.3000
-0.4910,-0.4310,0.3000
-0.4885,-0.4310,0.3000
-0.4860,-0.4310,0.3000
-0.4835,-0.4310,0.3000
-0.4810,-0.4310,0.3000
-0.4786,-0.4310,0.3000
-0.4761,-0.4310,0.3000
-0.4736,-0.4310,0.3000
-0.4711,-0.4310,0.3000
-0.4686,-0.4310,0.3000
-0.4661,-0.4310,0.3000
-0.4636,-0.4310,0.3000
-0.4612,-0.4310,0.3000
-0.4587,-0.4310,0.3000
-0.4562,-0.4310,0.3000
-0.4537,-0.4310,0.3000
-0.4512,-0.4310,0.3000
-0.4486,-0.4310,0.3000
-0.4461,-0.4310,0.3000
-0.4436,-0.4310,0.3000
-0.4412,-0.4310,0.3000
-0.4387,-0.4310,0.3000
-0.4362,-0.4310,0.3000
-0.4337,-0.4310,0.3000
-0.4312,-0.4310,0.3000
-0.4287,-0.4310,0.3000
-0.4262,-0.4310,0.3000
-0.4238,-0.4310,0.3000
-0.4213,-0.4310,0.3000
-0.4188,-0.4310,0.3000
-0.4163,-0.4310,0.3000
-0.4138,-0.4310,0.3000
-0.4113,-0.4310,0.3000
-0.4088,-0.4310,0.3000
-0.4063,-0.4310,0.3000
-0.4038,-0.4310,0.3000
-0.4013,-0.4310,0.3000
-0.3988,-0.4310,0.3000
-0.3963,-0.4310,0.3000
-0.3938,-0.4310,0.3000
-0.3913,-0.4310,0.3000
-0.3888,-0.4310,0.3000
-0.3864,-0.4310,0.3000
-0.3839,-0.4310,0.3000
-0.3814,-0.4310,0.3000
-0.3789,-0.4310,0.3000
-0.3764,-0.4310,0.3000
-0.3739,-0.4310,0.3000
-0.3714,-0.4310,0.3000
-0.3690,-0.4310,0.3000
-0.3664,-0.4310,0.3000
-0.3639,-0.4310,0.3000
-0.3614,-0.4310,0.3000
-0.3589,-0.4310,0.3000
-0.3564,-0.4310,0.3000
-0.3539,-0.4310,0.3000
-0.3515,-0.4310,0.3000
-0.3490,-0.4310,0.3000
-0.3465,-0.4310,0.3000
-0.3440,-0.4310,0.3000
-0.3415,-0.4310,0.3000
-0.3390,-0.4310,0.3000
-0.3365,-0.4310,0.3000
-0.3341,-0.4310,0.3000
-0.3316,-0.4310,0.3000
-0.3291,-0.4310,0.3000
-0.3266,-0.4310,0.3000
-0.3241,-0.4310,0.3000
-0.3215,-0.4310,0.3000
-0.3190,-0.4310,0.3000
-0.3165,-0.4310,0.3000
-0.3141,-0.4310,0.3000
-0.3116,-0.4310,0.3000
-0.3091,-0.4310,0.3000
-0.3066,-0.4310,0.3000
-0.3041,-0.4310,0.3000
-0.3016,-0.4310,0.3000
-0.2991,-0.4310,0.3000
-0.2967,-0.4310,0.3000
-0.2942,-0.4310,0.3000
-0.2917,-0.4310,0.3000
-0.2892,-0.4310,0.3000
-0.2867,-0.4310,0.3000
-0.2842,-0.4310,0.3000
-0.2817,-0.4310,0.3000
-0.2792,-0.4310,0.3000
-0.2767,-0.4310,0.3000
-0.2742,-0.4310,0.3000
-0.2717,-0.4310,0.3000
-0.2692,-0.4310,0.3000
-0.2667,-0.4310,0.3000
-0.2642,-0.4310,0.3000
-0.2617,-0.4310,0.3000
-0.2593,-0.4310,0.3000
-0.2568,-0.4310,0.3000
-0.2543,-0.4310,0.3000
-0.2518,-0.4310,0.3000
-0.2493,-0.4310,0.3000
-0.2468,-0.4310,0.3000
-0.2443,-0.4310,0.3000
-0.2419,-0.4310,0.3000
-0.2394,-0.4310,0.3000
-0.2369,-0.4310,0.3000
-0.2343,-0.4310,0.3000
-0.2318,-0.4310,0.3000
-0.2293,-0.4310,0.3000
-0.2268,-0.4310,0.3000
-0.2244,-0.4310,0.3000
-0.2219,-0.4310,0.3000
-0.2194,-0.4310,0.3000
-0.2169,-0.4310,0.3000
-0.2144,-0.4310,0.3000
-0.2119,-0.4310,0.3000
-0.2094,-0.4310,0.3000
-0.2069,-0.4310,0.3000
-0.2045,-0.4310,0.3000
-0.2020,-0.4310,0.3000
-0.1995,-0.4310,0.3000
-0.1970,-0.4310,0.3000
-0.1945,-0.4310,0.3000
-0.1919,-0.4310,0.3000
-0.1894,-0.4310,0.3000
-0.1870,-0.4310,0.3000
-0.1845,-0.4310,0.3000
-0.1820,-0.4310,0.3000
-0.1795,-0.4310,0.3000
-0.1770,-0.4310,0.3000
-0.1745,-0.4310,0.3000
-0.1720,-0.4310,0.3000
-0.1696,-0.4310,0.3000
-0.1671,-0.4310,0.3000
-0.1646,-0.4310,0.3000
-0.1621,-0.4310,0.3000
-0.1596,-0.4310,0.3000
-0.1571,-0.4310,0.3000
-0.1546,-0.4310,0.3000
-0.1521,-0.4310,0.3000
-0.1497,-0.4310,0.3000
-0.1471,-0.4310,0.3000
-0.1446,-0.4310,0.3000
-0.1421,-0.4310,0.3000
-0.1396,-0.4310,0.3000
-0.1371,-0.4310,0.3000
-0.1346,-0.4310,0.3000
-0.1322,-0.4310,0.3000
-0.1297,-0.4310,0.3000
-0.1272,-0.4310,0.3000
-0.1247,-0.4310,0.3000
-0.1222,-0.4310,0.3000
-0.1197,-0.4310,0.3000
-0.1172,-0.4310,0.3000
-0.1148,-0.4310,0.3000
-0.1123,-0.4310,0.3000
-0.1098,-0.4310,0.3000
-0.1073,-0.4310,0.3000
-0.1047,-0.4310,0.3000
-0.1022,-0.4310,0.3000
-0.0997,-0.4310,0.3000
-0.0973,-0.4310,0.3000
-0.0948,-0.4310,0.3000
-0.0923,-0.4310,0.3000
-0.0898,-0.4310,0.3000
-0.0873,-0.4310,0.6548
-0.0848,-0.4310,0.6548
-0.0789,-0.4310,0.8850
-0.0747,-0.4310,0.9927
-0.0722,-0.4310,0.9817
-0.0697,-0.4310,0.9707
-0.0672,-0.4310,0.9599
-0.0647,-0.4310,0.9491
-0.0622,-0.4310,0.9383
-0.0596,-0.4310,0.9277
-0.0571,-0.4310,0.9171
-0.0546,-0.4310,0.9065
-0.0521,-0.4310,0.8960
-0.0496,-0.4310,0.8856
-0.0470,-0.4310,0.8753
-0.0445,-0.4310,0.8651
-0.0420,-0.4310,0.8548
-0.0395,-0.4310,0.8447
-0.0370,-0.4310,0.8346
-0.0345,-0.4310,0.8246
-0.0320,-0.4310,0.8147
-0.0294,-0.4310,0.8048
-0.0269,-0.4310,0.7950
-0.0244,-0.4310,0.7852
-0.0219,-0.4310,0.7755
-0.0193,-0.4310,0.7659
-0.0169,-0.4310,0.7564
-0.0143,-0.4310,0.7469
-0.0118,-0.4310,0.7375
-0.0093,-0.4310,0.7281
-0.0068,-0.4310,0.7188
-0.0043,-0.4310,0.7096
-0.0017,-0.2146,0.7004
0.0007,-0.2146,0.6914
0.0033,-0.4310,0.6823
0.0058,-0.4310,0.6734
0.0083,-0.4310,0.6645
0.0108,-0.4310,0.6556
0.0134,-0.4310,0.6469
0.0159,-0.4310,0.6382
0.0184,-0.4310,0.6296
0.0209,-0.4310,0.6210
0.0234,-0.4310,0.6125
0.0259,-0.4310,0.6041
0.0284,-0.4310,0.5957
0.0310,-0.4310,0.5874
0.0335,-0.4310,0.5791
0.0360,-0.4310,0.5710
0.0385,-0.4310,0.6030
0.0400,-0.4310,0.6548
0.0416,-0.4310,0.6548
0.0456,-0.4310,0.6548
0.0480,-0.4310,0.6466
0.0489,-0.4310,0.6420
0.0511,-0.4310,0.6548
0.0534,-0.4310,0.6548
0.0556,-0.4310,0.6733
0.0580,-0.4310,0.7040
0.0605,-0.4310,0.7020
0.0630,-0.4310,0.6998
0.0656,-0.4310,0.6974
0.0681,-0.4310,0.6947
0.0707,-0.4310,0.6918
0.0732,-0.4310,0.6887
0.0758,-0.4310,0.6853
0.0783,-0.4310,0.6817
0.0808,-0.4310,0.6778
0.0834,-0.4310,0.6738
0.0859,-0.4310,0.6695
0.0885,-0.4310,0.6649
0.0910,-0.4310,0.6601
0.0936,-0.4310,0.6551
0.0961,-0.4310,0.6499
0.0986,-0.4310,0.6444
0.1012,-0.4310,0.6387
0.1038,-0.4310,0.6327
0.1063,-0.4310,0.6265
0.1088,-0.4310,0.6201
0.1114,-0.4310,0.6134
0.1139,-0.4310,0.6066
0.1165,-0.4310,0.5994
0.1190,-0.4310,0.5921
0.1216,-0.4310,0.5845
0.1241,-0.4310,0.5766
0.1266,-0.4310,0.5685
0.1292,-0.4310,0.5602
0.1317,-0.4310,0.5517
0.1343,-0.4310,0.5429
0.1368,-0.4310,0.5339
0.1394,-0.4310,0.5247
0.1419,-0.4310,0.5426
0.1440,-0.4310,0.6548
0.1445,-0.4310,0.6548
0.1475,-0.4310,0.6548
0.1505,-0.4310,0.6548
0.1530,-0.4310,0.6243
0.1534,-0.4310,0.4675
0.1561,-0.4310,0.5070
0.1588,-0.4310,0.5364
0.1615,-0.4310,0.5556
0.1641,-0.4310,0.5646
0.1667,-0.4310,0.5635
0.1694,-0.4310,0.5521
0.1721,-0.4310,0.5306
0.1748,-0.4310,0.4989
0.1775,-0.4310,0.4570
0.1801,-0.4310,0.4050
0.1827,-0.4310,0.3428
0.1854,-0.4310,0.2703
0.1881,-0.4310,0.1878
0.1908,-0.4310,0.0950
0.1941,-0.4310,0.0461
0.2040,-0.4310,0.6548
0.2041,-0.4310,0.6548
0.2066,-0.4310,0.3000
0.2091,-0.4310,0.3000
0.2116,-0.4310,0.3000
0.2141,-0.4310,0.3000
0.2166,-0.4310,0.3000
0.2191,-0.4310,0.3000
0.2216,-0.4310,0.3000
0.2241,-0.4310,0.3000
0.2266,-0.4310,0.3000
0.2291,-0.4310,0.3000
0.2316,-0.4310,0.3000
0.2341,-0.4310,0.3000
0.2366,-0.4310,0.3000
0.2391,-0.4310,0.3000
0.2415,-0.4310,0.3000
0.2440,-0.4310,0.3000
0.2465,-0.4310,0.3000
0.2490,-0.4310,0.3000
0.2515,-0.4310,0.3000
0.2540,-0.4310,0.3000
0.2565,-0.4310,0.3000
0.2589,-0.4310,0.3000
0.2614,-0.4310,0.3000
0.2640,-0.4310,0.3000
0.2665,-0.4310,0.3000
0.2690,-0.4310,0.3000
0.2715,-0.4310,0.3000
0.2740,-0.4310,0.3000
0.2765,-0.4310,0.3000
0.2789,-0.4310,0.3000
0.2814,-0.4310,0.3000
0.2839,-0.4310,0.3000
0.2864,-0.4310,0.3000
0.2889,-0.4310,0.3000
0.2914,-0.4310,0.3000
0.2939,-0.4310,0.3000
0.2963,-0.4310,0.3000
0.2988,-0.4310,0.3000
0.3013,-0.4310,0.3000
0.3039,-0.4310,0.3000
0.3064,-0.4310,0.3000
0.3089,-0.4310,0.3000
0.3114,-0.4310,0.3000
0.3138,-0.4310,0.3000
0.3163,-0.4310,0.3000
0.3188,-0.4310,0.3000
0.3213,-0.4310,0.3000
0.3238,-0.4310,0.3000
0.3263,-0.4310,0.3000
0.3288,-0.4310,0.3000
0.3313,-0.4310,0.3000
0.3337,-0.4310,0.3000
0.3362,-0.4310,0.3000
0.3387,-0.4310,0.3000
0.3412,-0.4310,0.3000
0.3438,-0.4310,0.3000
0.3463,-0.4310,0.3000
0.3488,-0.4310,0.3000
0.3512,-0.4310,0.3000
0.3537,-0.4310,0.3000
0.3562,-0.4310,0.3000
0.3587,-0.4310,0.3000
0.3612,-0.4310,0.3000
0.3637,-0.4310,0.3000
0.3662,-0.4310,0.3000
0.3686,-0.4310,0.3000
0.3711,-0.4310,0.3000
0.3736,-0.4310,0.3000
0.3761,-0.4310,0.3000
0.3786,-0.4310,0.3000
0.3811,-0.4310,0.3000
0.3836,-0.4310,0.3000
0.3861,-0.4310,0.3000
0.3886,-0.4310,0.3000
0.3911,-0.4310,0.3000
0.3936,-0.4310,0.3000
0.3961,-0.4310,0.3000
0.3986,-0.4310,0.3000
0.4011,-0.4310,0.3000
0.4036,-0.4310,0.3000
0.4060,-0.4310,0.3000
0.4085,-0.4310,0.3000
0.4110,-0.4310,0.3000
0.4135,-0.4310,0.3000
0.4160,-0.4310,0.3000
0.4185,-0.4310,0.3000
0.4210,-0.4310,0.3000
0.4235,-0.4310,0.3000
0.4260,-0.4310,0.3000
0.4285,-0.4310,0.3000
0.4310,-0.4310,0.3000
0.4335,-0.4310,0.3000
0.4360,-0.4310,0.3000
0.4385,-0.4310,0.3000
0.4409,-0.4310,0.3000
0.4434,-0.4310,0.3000
0.4459,-0.4310,0.3000
0.4484,-0.4310,0.3000
0.4509,-0.4310,0.3000
0.4534,-0.4310,0.3000
0.4559,-0.4310,0.3000
0.4584,-0.4310,0.3000
0.4608,-0.4310,0.3000
0.4634,-0.4310,0.3000
0.4659,-0.4310,0.3000
0.4684,-0.4310,0.3000
0.4709,-0.4310,0.3000
0.4734,-0.4310,0.3000
0.4759,-0.4310,0.3000
0.4783,-0.4310,0.3000
0.4808,-0.4310,0.3000
0.4833,-0.4310,0.3000
0.4858,-0.4310,0.3000
0.4883,-0.4310,0.3000
0.4908,-0.4310,0.3000
0.4933,-0.4310,0.3000
0.4957,-0.4310,0.3000
0.4982,-0.4310,0.3000
0.5007,-0.4310,0.3000
0.5032,-0.4310,0.3000
0.5058,-0.4310,0.3000
0.5083,-0.4310,0.3000
0.5108,-0.4310,0.3000
0.5133,-0.4310,0.3000
0.5157,-0.4310,0.3000
0.5182,-0.4310,0.3000
0.5207,-0.4310,0.3000
0.5232,-0.4310,0.3000
0.5257,-0.4310,0.3000
0.5282,-0.4310,0.3000
0.5307,-0.4310,0.3000
0.5331,-0.4310,0.3000
0.5356,-0.4310,0.3000
0.5381,-0.4310,0.3000
0.5406,-0.4310,0.3000
0.5431,-0.4310,0.3000
0.5457,-0.4310,0.3000
0.5482,-0.4310,0.3000
0.5506,-0.4310,0.3000
0.5531,-0.4310,0.3000
0.5556,-0.4310,0.3000
0.5581,-0.4310,0.3000
0.5606,-0.4310,0.3000
0.5631,-0.4310,0.3000
0.5656,-0.4310,0.3000
0.5681,-0.4310,0.3000
0.5705,-0.4310,0.3000
0.5730,-0.4310,0.3000
0.5755,-0.4310,0.3000
0.5780,-0.4310,0.3000
0.5805,-0.4310,0.3000
0.5830,-0.4310,0.3000
0.5856,-0.4310,0.3000
0.5880,-0.4310,0.3000
0.5905,-0.4310,0.3000
0.5930,-0.4310,0.3000
0.5955,-0.4310,0.3000
0.5980,-0.4310,0.3000
0.6005,-0.4310,0.3000
0.6030,-0.4310,0.3000
0.6054,-0.4310,0.3000
0.6079,-0.4310,0.3000
0.6104,-0.4310,0.3000
0.6129,-0.4310,0.3000
0.6154,-0.4310,0.3000
0.6179,-0.4310,0.3000
0.6204,-0.4310,0.3000
0.6229,-0.4310,0.3000
0.6254,-0.4310,0.3000
0.6279,-0.4310,0.3000
0.6304,-0.4310,0.3000
0.6329,-0.4310,0.3000
0.6354,-0.4310,0.3000
0.6379,-0.4310,0.3000
0.6404,-0.4310,0.3000
0.6428,-0.4310,0.3000
0.6453,-0.4310,0.3000
0.6478,-0.4310,0.3000
0.6503,-0.4310,0.3000
0.6528,-0.4310,0.3000
0.6553,-0.4310,0.3000
0.6578,-0.4310,0.3000
0.6602,-0.4310,0.3000
0.6627,-0.4310,0.3000
0.6653,-0.4310,0.3000
0.6678,-0.4310,0.3000
0.6703,-0.4310,0.3000
0.6728,-0.4310,0.3000
0.6753,-0.4310,0.3000
0.6777,-0.4310,0.3000
0.6802,-0.4310,0.3000
0.6827,-0.4310,0.3000
0.6852,-0.4310,0.3000
0.6877,-0.4310,0.3000
0.6902,-0.4310,0.3000
0.6927,-0.4310,0.3000
0.6952,-0.4310,0.3000
0.6976,-0.4310,0.3000
0.7001,-0.4310,0.3000
0.7027,-0.4310,0.3000
0.7052,-0.4310,0.3000
0.7077,-0.4310,0.3000
0.7102,-0.4310,0.3000
0.7127,-0.4310,0.3000
0.7151,-0.4310,0.3000
0.7176,-0.4310,0.3000
0.7201,-0.4310,0.3000
0.7226,-0.4310,0.3000
0.7251,-0.4310,0.3000
0.7276,-0.4310,0.3000
0.7301,-0.4310,0.3000
0.7325,-0.4310,0.3000
0.7350,-0.4310,0.3000
0.7375,-0.4310,0.3000
0.7400,-0.4310,0.3000
0.7426,-0.4310,0.3000
0.7451,-0.4310,0.3000
0.7476,-0.4310,0.3000
0.7501,-0.4310,0.3000
0.7525,-0.4310,0.3000
0.7550,-0.4310,0.3000
0.7575,-0.4310,0.3000
0.7600,-0.4310,0.3000
0.7625,-0.4310,0.3000
0.7650,-0.4310,0.3000
0.7675,-0.4310,0.3000
0.7699,-0.4310,0.3000
0.7724,-0.4310,0.3000
0.7749,-0.4310,0.3000
0.7774,-0.4310,0.3000
0.7799,-0.4310,0.3000
0.7825,-0.4310,0.3000
0.7850,-0.4310,0.3000
0.7874,-0.4310,0.3000
0.7899,-0.4310,0.3000
0.7924,-0.4310,0.3000
0.7949,-0.4310,0.3000
0.7974,-0.4310,0.3000
0.7999,-0.4310,0.3000
0.8024,-0.4310,0.3000
0.8049,-0.4310,0.3000
0.8073,-0.4310,0.3000
0.8098,-0.4310,0.3000
0.8123,-0.4310,0.3000
0.8148,-0.4310,0.3000
0.8173,-0.4310,0.3000
0.8198,-0.4310,0.3000
0.8223,-0.4310,0.3000
0.8248,-0.4310,0.3000
0.8273,-0.4310,0.3000
0.8298,-0.4310,0.3000
0.8323,-0.4310,0.3000
0.8348,-0.4310,0.3000
0.8373,-0.4310,0.3000
0.8398,-0.4310,0.3000
0.8422,-0.4310,0.3000
0.8447,-0.4310,0.3000
0.8472,-0.4310,0.3000
0.8497,-0.4310,0.3000
0.8522,-0.4310,0.3000
0.8547,-0.4310,0.3000
0.8572,-0.4310,0.3000
0.8597,-0.4310,0.3000
0.8622,-0.4310,0.3000
0.8647,-0.4310,0.3000
0.8672,-0.4310,0.3000
0.8697,-0.4310,0.3000
0.8722,-0.4310,0.3000
0.8747,-0.4310,0.3000
0.8772,-0.4310,0.3000
0.8796,-0.4310,0.3000
0.8821,-0.4310,0.3000
0.8846,-0.4310,0.3000
0.8871,-0.4310,0.3000
0.8896,-0.4310,0.3000
0.8921,-0.4310,0.3000
0.8946,-0.4310,0.3000
0.8970,-0.4310,0.3000
0.8995,-0.4310,0.3000
0.9021,-0.4310,0.3000
0.9046,-0.4310,0.3000
0.9071,-0.4310,0.3000
0.9096,-0.4310,0.3000
0.9121,-0.4310,0.3000
0.9145,-0.4310,0.3000
0.9170,-0.4310,0.3000
0.9195,-0.4310,0.3000
0.9220,-0.4310,0.3000
0.9245,-0.4310,0.3000
0.9270,-0.4310,0.3000
0.9295,-0.4310,0.3000
0.9320,-0.4310,0.3000
0.9344,-0.4310,0.3000
0.9369,-0.4310,0.3000
0.9394,-0.4310,0.3000
0.9419,-0.4310,0.3000
0.9445,-0.4310,0.3000
0.9470,-0.4310,0.3000
0.9495,-0.4310,0.3000
0.9519,-0.4310,0.3000
0.9544,-0.4310,0.3000
0.9569,-0.4310,0.3000
0.9594,-0.4310,0.3000
0.9619,-0.4310,0.3000
0.9644,-0.4310,0.3000
0.9669,-0.4310,0.3000
0.9693,-0.4310,0.3000
0.9718,-0.4310,0.3000
0.9743,-0.4310,0.3000
0.9768,-0.4310,0.3000
0.9793,-0.4310,0.3000
0.9818,-0.4310,0.3000
0.9844,-0.4310,0.3000
0.9869,-0.4310,0.3000
0.9893,-0.4310,0.3000
0.9918,-0.4310,0.3000
0.9943,-0.4310,0.3000
0.9968,-0.4310,0.3000
0.9993,-0.4310,0.3000
1.0018,-0.4310,0.3000
1.0043,-0.4310,0.3000
1.0067,-0.4310,0.3000
1.0092,-0.4310,0.3000
1.0117,-0.4310,0.3000
1.0142,-0.4310,0.3000
1.0167,-0.4310,0.3000
1.0192,-0.4310,0.3000
1.0217,-0.4310,0.3000
1.0242,-0.4310,0.3000
1.0267,-0.4310,0.3000
1.0292,-0.4310,0.3000
1.0317,-0.4310,0.3000
1.0342,-0.4310,0.3000
1.0367,-0.4310,0.3000
1.0392,-0.4310,0.3000
1.0417,-0.4310,0.3000
1.0441,-0.4310,0.3000
1.0466,-0.4310,0.3000
1.0491,-0.4310,0.3000
1.0516,-0.4310,0.3000
1.0541,-0.4310,0.3000
1.0566,-0.4310,0.3000
1.0591,-0.4310,0.3000
1.0616,-0.4310,0.3000
1.0641,-0.4310,0.3000
1.0666,-0.4310,0.3000
1.0691,-0.4310,0.3000
1.0716,-0.4310,0.3000
1.0741,-0.4310,0.3000
1.0766,-0.4310,0.3000
1.0790,-0.4310,0.3000
1.0815,-0.4310,0.3000
1.0840,-0.4310,0.3000
1.0865,-0.4310,0.3000
1.0890,-0.4310,0.3000
1.0915,-0.4310,0.3000
1.0940,-0.4310,0.3000
1.0965,-0.4310,0.3000
1.0989,-0.4310,0.3000
1.1014,-0.4310,0.3000
1.1040,-0.4310,0.3000
1.1065,-0.4310,0.3000
1.1090,-0.4310,0.3000
1.1115,-0.4310,0.3000
1.1140,-0.4310,0.3000
1.1164,-0.4310,0.3000
1.1189,-0.4310,0.3000
1.1214,-0.4310,0.3000
1.1239,-0.4310,0.3000
1.1264,-0.4310,0.3000
1.1289,-0.4310,0.3000
1.1314,-0.4310,0.3000
1.1338,-0.4310,0.3000
1.1363,-0.4310,0.3000
1.1388,-0.4310,0.3000
1.1414,-0.4310,0.3000
1.1439,-0.4310,0.3000
1.1464,-0.4310,0.3000
1.1489,-0.4310,0.3000
1.1513,-0.4310,0.3000
1.1538,-0.4310,0.3000
1.1563,-0.4310,0.3000
1.1588,-0.4310,0.3000
1.1613,-0.4310,0.3000
1.1638,-0.4310,0.3000
1.1663,-0.4310,0.3000
1.1688,-0.4310,0.3000
1.1712,-0.4310,0.3000
1.1737,-0.4310,0.3000
1.1762,-0.4310,0.3000
1.1787,-0.4310,0.3000
1.1813,-0.4310,0.3000
1.1838,-0.4310,0.3000
1.1863,-0.4310,0.3000
1.1887,-0.4310,0.3000
1.1912,-0.4310,0.3000
1.1937,-0.4310,0.3000
1.1962,-0.4310,0.3000
1.1987,-0.4310,0.3000
1.2012,-0.4310,0.3000
1.2037,-0.4310,0.3000
1.2061,-0.4310,0.3000
1.2086,-0.4310,0.3000
1.2111,-0.4310,0.3000
1.2136,-0.4310,0.3000
1.2161,-0.4310,0.3000
1.2186,-0.4310,0.3000
1.2211,-0.4310,0.3000
1.2237,-0.4310,0.3000
1.2261,-0.4310,0.3000
1.2286,-0.4310,0.3000
1.2311,-0.4310,0.3000
1.2336,-0.4310,0.3000
1.2361,-0.4310,0.3000
1.2386,-0.4310,0.3000
1.2411,-0.4310,0.3000
1.2435,-0.4310,0.3000
1.2460,-0.4310,0.3000
1.2485,-0.4310,0.3000
1.2510,-0.4310,0.3000
1.2535,-0.4310,0.3000
1.2560,-0.4310,0.3000
1.2585,-0.4310,0.3000
1.2610,-0.4310,0.3000
1.2635,-0.4310,0.3000
1.2660,-0.4310,0.3000
1.2685,-0.4310,0.3000
1.2710,-0.4310,0.3000
1.2735,-0.4310,0.3000
1.2760,-0.4310,0.3000
1.2785,-0.4310,0.3000
1.2809,-0.4310,0.3000
1.2834,-0.4310,0.3000
1.2859,-0.4310,0.3000
1.2884,-0.4310,0.3000
1.2909,-0.4310,0.3000
1.2934,-0.4310,0.3000
1.2959,-0.4310,0.3000
1.2983,-0.4310,0.3000
1.3009,-0.4310,0.3000
1.3034,-0.4310,0.3000
1.3059,-0.4310,0.3000
1.3084,-0.4310,0.3000
1.3109,-0.4310,0.3000
1.3134,-0.4310,0.3000
1.3158,-0.4310,0.3000
1.3183,-0.4310,0.3000
1.3208,-0.4310,0.3000
1.3233,-0.4310,0.3000
1.3258,-0.4310,0.3000
1.3283,-0.4310,0.3000
1.3308,-0.4310,0.3000
1.3333,-0.4310,0.3000
1.3357,-0.4310,0.3000
1.3382,-0.4310,0.3000
1.3408,-0.4310,0.3000
1.3433,-0.4310,0.3000
1.3458,-0.4310,0.3000
1.3483,-0.4310,0.3000
1.3508,-0.4310,0.3000
1.3532,-0.4310,0.3000
1.3557,-0.4310,0.3000
1.3582,-0.4310,0.3000
1.3607,-0.4310,0.3000
1.3632,-0.4310,0.3000
1.3657,-0.4310,0.3000
1.3682,-0.4310,0.3000
1.3706,-0.4310,0.3000
1.3731,-0.4310,0.3000
1.3756,-0.4310,0.3000
1.3781,-0.4310,0.3000
1.3806,-0.4310,0.3000
1.3832,-0.4310,0.3000
1.3857,-0.4310,0.3000
1.3881,-0.4310,0.3000
1.3906,-0.4310,0.3000
1.3931,-0.4310,0.3000
1.3956,-0.4310,0.3000
1.3981,-0.4310,0.3000
1.4006,-0.4310,0.3000
1.4031,-0.4310,0.3000
1.4056,-0.4310,0.3000
1.4080,-0.4310,0.3000
1.4105,-0.4310,0.3000
1.4130,-0.4310,0.3000
1.4155,-0.4310,0.3000
1.4180,-0.4310,0.3000
1.4205,-0.4310,0.3000
1.4231,-0.4310,0.3000
1.4255,-0.4310,0.3000
1.4280,-0.4310,0.3000
1.4305,-0.4310,0.3000
1.4330,-0.4310,0.3000
1.4355,-0.4310,0.3000
1.4380,-0.4310,0.3000
1.4405,-0.4310,0.3000
1.4429,-0.4310,0.3000
1.4454,-0.4310,0.3000
1.4479,-0.4310,0.3000
1.4504,-0.4310,0.3000
1.4529,-0.4310,0.3000
1.4554,-0.4310,0.3000
1.4579,-0.4310,0.3000
1.4604,-0.4310,0.3000
1.4629,-0.4310,0.3000
1.4654,-0.4310,0.3000
1.4679,-0.4310,0.3000
1.4704,-0.4310,0.3000
1.4729,-0.4310,0.3000
1.4754,-0.4310,0.3000
1.4779,-0.4310,0.3000
1.4803,-0.4310,0.3000
1.4828,-0.4310,0.3000
1.4853,-0.4310,0.3000
1.4878,-0.4310,0.3000
1.4903,-0.4310,0.3000
1.4928,-0.4310,0.3000
1.4953,-0.4310,0.3000
1.4977,-0.4310,0.3000
1.5003,-0.4310,0.3000
1.5028,-0.4310,0.3000
1.5053,-0.4310,0.3000
1.5078,-0.4310,0.3000
1.5103,-0.4310,0.3000
1.5128,-0.4310,0.3000
1.5153,-0.4310,0.3000
1.5177,-0.4310,0.3000
1.5202,-0.4310,0.3000
1.5227,-0.4310,0.3000
1.5252,-0.4310,0.3000
1.5277,-0.4310,0.3000
1.5302,-0.4310,0.3000
1.5327,-0.4310,0.3000
1.5351,-0.4310,0.3000
1.5376,-0.4310,0.3000
1.5401,-0.4310,0.3000
1.5427,-0.4310,0.3000
1.5452,-0.4310,0.3000
1.5477,-0.4310,0.3000
1.5502,-0.4310,0.3000
1.5526,-0.4310,0.3000
1.5551,-0.4310,0.3000
1.5576,-0.4310,0.3000
1.5601,-0.4310,0.3000
1.5626,-0.4310,0.3000
1.5651,-0.4310,0.3000
1.5676,-0.4310,0.3000
1.5701,-0.4310,0.3000
1.5725,-0.4310,0.3000
1.5750,-0.4310,0.3000
1.5775,-0.4310,0.3000
1.5800,-0.4310,0.3000
1.5826,-0.4310,0.3000
1.5851,-0.4310,0.3000
1.5876,-0.4310,0.3000
1.5900,-0.4310,0.3000
1.5925,-0.4310,0.3000
1.5950,-0.4310,0.3000
1.5975,-0.4310,0.3000
