-1.6000,-0.0550,0.3000
-1.5975,-0.0550,0.3000
-1.5950,-0.0550,0.3000
-1.5925,-0.0550,0.3000
-1.5901,-0.0550,0.3000
-1.5876,-0.0550,0.3000
-1.5851,-0.0550,0.3000
-1.5826,-0.0550,0.3000
-1.5801,-0.0550,0.3000
-1.5776,-0.0550,0.3000
-1.5751,-0.0550,0.3000
-1.5727,-0.0550,0.3000
-1.5702,-0.0550,0.3000
-1.5677,-0.0550,0.3000
-1.5651,-0.0550,0.3000
-1.5626,-0.0550,0.3000
-1.5601,-0.0550,0.3000
-1.5576,-0.0550,0.3000
-1.5551,-0.0550,0.3000
-1.5527,-0.0550,0.3000
-1.5502,-0.0550,0.3000
-1.5477,-0.0550,0.3000
-1.5452,-0.0550,0.3000
-1.5427,-0.0550,0.3000
-1.5402,-0.0550,0.3000
-1.5377,-0.0550,0.3000
-1.5353,-0.0550,0.3000
-1.5328,-0.0550,0.3000
-1.5303,-0.0550,0.3000
-1.5278,-0.0550,0.3000
-1.5253,-0.0550,0.3000
-1.5228,-0.0550,0.3000
-1.5203,-0.0550,0.3000
-1.5179,-0.0550,0.3000
-1.5154,-0.0550,0.3000
-1.5129,-0.0550,0.3000
-1.5104,-0.0550,0.3000
-1.5079,-0.0550,0.3000
-1.5054,-0.0550,0.3000
-1.5029,-0.0550,0.3000
-1.5004,-0.0550,0.3000
-1.4979,-0.0550,0.3000
-1.4954,-0.0550,0.3000
-1.4929,-0.0550,0.3000
-1.4904,-0.0550,0.3000
-1.4879,-0.0550,0.3000
-1.4854,-0.0550,0.3000
-1.4829,-0.0550,0.3000
-1.4805,-0.0550,0.3000
-1.4780,-0.0550,0.3000
-1.4755,-0.0550,0.3000
-1.4730,-0.0550,0.3000
-1.4705,-0.0550,0.3000
-1.4680,-0.0550,0.3000
-1.4655,-0.0550,0.3000
-1.4631,-0.0550,0.3000
-1.4606,-0.0550,0.3000
-1.4581,-0.0550,0.3000
-1.4556,-0.0550,0.3000
-1.4531,-0.0550,0.3000
-1.4506,-0.0550,0.3000
-1.4481,-0.0550,0.3000
-1.4456,-0.0550,0.3000
-1.4432,-0.0550,0.3000
-1.4407,-0.0550,0.3000
-1.4382,-0.0550,0.3000
-1.4356,-0.0550,0.3000
-1.4331,-0.0550,0.3000
-1.4306,-0.0550,0.3000
-1.4281,-0.0550,0.3000
-1.4257,-0.0550,0.3000
-1.4232,-0.0550,0.3000
-1.4207,-0.0550,0.3000
-1.4182,-0.0550,0.3000
-1.4157,-0.0550,0.3000
-1.4132,-0.0550,0.3000
-1.4107,-0.0550,0.3000
-1.4083,-0.0550,0.3000
-1.4058,-0.0550,0.3000
-1.4033,-0.0550,0.3000
-1.4008,-0.0550,0.3000
-1.3983,-0.0550,0.3000
-1.3958,-0.0550,0.3000
-1.3933,-0.0550,0.3000
-1.3908,-0.0550,0.3000
-1.3884,-0.0550,0.3000
-1.3859,-0.0550,0.3000
-1.3834,-0.0550,0.3000
-1.3809,-0.0550,0.3000
-1.3784,-0.0550,0.3000
-1.3759,-0.0550,0.3000
-1.3734,-0.0550,0.3000
-1.3710,-0.0550,0.3000
-1.3684,-0.0550,0.3000
-1.3659,-0.0550,0.3000
-1.3634,-0.0550,0.3000
-1.3609,-0.0550,0.3000
-1.3584,-0.0550,0.3000
-1.3559,-0.0550,0.3000
-1.3535,-0.0550,0.3000
-1.3510,-0.0550,0.3000
-1.3485,-0.0550,0.3000
-1.3460,-0.0550,0.3000
-1.3435,-0.0550,0.3000
-1.3410,-0.0550,0.3000
-1.3385,-0.0550,0.3000
-1.3361,-0.0550,0.3000
-1.3336,-0.0550,0.3000
-1.3311,-0.0550,0.3000
-1.3286,-0.0550,0.3000
-1.3261,-0.0550,0.3000
-1.3236,-0.0550,0.3000
-1.3211,-0.0550,0.3000
-1.3186,-0.0550,0.3000
-1.3162,-0.0550,0.3000
-1.3137,-0.0550,0.3000
-1.3112,-0.0550,0.3000
-1.3087,-0.0550,0.3000
-1.3062,-0.0550,0.3000
-1.3037,-0.0550,0.3000
-1.3011,-0.0550,0.3000
-1.2987,-0.0550,0.3000
-1.2962,-0.0550,0.3000
-1.2937,-0.0550,0.3000
-1.2912,-0.0550,0.3000
-1.2887,-0.0550,0.3000
-1.2862,-0.0550,0.3000
-1.2837,-0.0550,0.3000
-1.2813,-0.0550,0.3000
-1.2788,-0.0550,0.3000
-1.2763,-0.0550,0.3000
-1.2738,-0.0550,0.3000
-1.2713,-0.0550,0.3000
-1.2688,-0.0550,0.3000
-1.2663,-0.0550,0.3000
-1.2638,-0.0550,0.3000
-1.2614,-0.0550,0.3000
-1.2589,-0.0550,0.3000
-1.2564,-0.0550,0.3000
-1.2539,-0.0550,0.3000
-1.2514,-0.0550,0.3000
-1.2489,-0.0550,0.3000
-1.2464,-0.0550,0.3000
-1.2440,-0.0550,0.3000
-1.2415,-0.0550,0.3000
-1.2390,-0.0550,0.3000
-1.2364,-0.0550,0.3000
-1.2339,-0.0550,0.3000
-1.2314,-0.0550,0.3000
-1.2289,-0.0550,0.3000
-1.2265,-0.0550,0.3000
-1.2240,-0.0550,0.3000
-1.2215,-0.0550,0.3000
-1.2190,-0.0550,0.3000
-1.2165,-0.0550,0.3000
-1.2140,-0.0550,0.3000
-1.2115,-0.0550,0.3000
-1.2090,-0.0550,0.3000
-1.2066,-0.0550,0.3000
-1.2041,-0.0550,0.3000
-1.2016,-0.0550,0.3000
-1.1991,-0.0550,0.3000
-1.1966,-0.0550,0.3000
-1.1941,-0.0550,0.3000
-1.1916,-0.0550,0.3000
-1.1892,-0.0550,0.3000
-1.1867,-0.0550,0.3000
-1.1842,-0.0550,0.3000
-1.1817,-0.0550,0.3000
-1.1792,-0.0550,0.3000
-1.1767,-0.0550,0.3000
-1.1742,-0.0550,0.3000
-1.1717,-0.0550,0.3000
-1.1692,-0.0550,0.3000
-1.1667,-0.0550,0.3000
-1.1642,-0.0550,0.3000
-1.1617,-0.0550,0.3000
-1.1592,-0.0550,0.3000
-1.1567,-0.0550,0.3000
-1.1542,-0.0550,0.3000
-1.1518,-0.0550,0.3000
-1.1493,-0.0550,0.3000
-1.1468,-0.0550,0.3000
-1.1443,-0.0550,0.3000
-1.1418,-0.0550,0.3000
-1.1393,-0.0550,0.3000
-1.1368,-0.0550,0.3000
-1.1344,-0.0550,0.3000
-1.1319,-0.0550,0.3000
-1.1294,-0.0550,0.3000
-1.1269,-0.0550,0.3000
-1.1244,-0.0550,0.3000
-1.1219,-0.0550,0.3000
-1.1194,-0.0550,0.3000
-1.1170,-0.0550,0.3000
-1.1145,-0.0550,0.3000
-1.1120,-0.0550,0.3000
-1.1095,-0.0550,0.3000
-1.1070,-0.0550,0.3000
-1.1044,-0.0550,0.3000
-1.1019,-0.0550,0.3000
-1.0995,-0.0550,0.3000
-1.0970,-0.0550,0.3000
-1.0945,-0.0550,0.3000
-1.0920,-0.0550,0.3000
-1.0895,-0.0550,0.3000
-1.0870,-0.0550,0.3000
-1.0845,-0.0550,0.3000
-1.0820,-0.0550,0.3000
-1.0796,-0.0550,0.3000
-1.0771,-0.0550,0.3000
-1.0746,-0.0550,0.3000
-1.0721,-0.0550,0.3000
-1.0696,-0.0550,0.3000
-1.0671,-0.0550,0.3000
-1.0646,-0.0550,0.3000
-1.0622,-0.0550,0.3000
-1.0597,-0.0550,0.3000
-1.0572,-0.0550,0.3000
-1.0547,-0.0550,0.3000
-1.0522,-0.0550,0.3000
-1.0497,-0.0550,0.3000
-1.0472,-0.0550,0.3000
-1.0448,-0.0550,0.3000
-1.0423,-0.0550,0.3000
-1.0397,-0.0550,0.3000
-1.0372,-0.0550,0.3000
-1.0347,-0.0550,0.3000
-1.0322,-0.0550,0.3000
-1.0297,-0.0550,0.3000
-1.0272,-0.0550,0.3000
-1.0248,-0.0550,0.3000
-1.0223,-0.0550,0.3000
-1.0198,-0.0550,0.3000
-1.0173,-0.0550,0.3000
-1.0148,-0.0550,0.3000
-1.0123,-0.0550,0.3000
-1.0098,-0.0550,0.3000
-1.0074,-0.0550,0.3000
-1.0049,-0.0550,0.3000
-1.0024,-0.0550,0.3000
-0.9999,-0.0550,0.3000
-0.9974,-0.0550,0.3000
-0.9949,-0.0550,0.3000
-0.9924,-0.0550,0.3000
-0.9900,-0.0550,0.3000
-0.9875,-0.0550,0.3000
-0.9850,-0.0550,0.3000
-0.9825,-0.0550,0.3000
-0.9800,-0.0550,0.3000
-0.9775,-0.0550,0.3000
-0.9750,-0.0550,0.3000
-0.9724,-0.0550,0.3000
-0.9700,-0.0550,0.3000
-0.9675,-0.0550,0.3000
-0.9650,-0.0550,0.3000
-0.9625,-0.0550,0.3000
-0.9600,-0.0550,0.3000
-0.9575,-0.0550,0.3000
-0.9550,-0.0550,0.3000
-0.9526,-0.0550,0.3000
-0.9501,-0.0550,0.3000
-0.9476,-0.0550,0.3000
-0.9451,-0.0550,0.3000
-0.9426,-0.0550,0.3000
-0.9401,-0.0550,0.3000
-0.9376,-0.0550,0.3000
-0.9352,-0.0550,0.3000
-0.9327,-0.0550,0.3000
-0.9302,-0.0550,0.3000
-0.9277,-0.0550,0.3000
-0.9252,-0.0550,0.3000
-0.9227,-0.0550,0.3000
-0.9202,-0.0550,0.3000
-0.9177,-0.0550,0.3000
-0.9153,-0.0550,0.3000
-0.9128,-0.0550,0.3000
-0.9103,-0.0550,0.3000
-0.9078,-0.0550,0.3000
-0.9052,-0.0550,0.3000
-0.9027,-0.0550,0.3000
-0.9002,-0.0550,0.3000
-0.8978,-0.0550,0.3000
-0.8953,-0.0550,0.3000
-0.8928,-0.0550,0.3000
-0.8903,-0.0550,0.3000
-0.8878,-0.0550,0.3000
-0.8853,-0.0550,0.3000
-0.8828,-0.0550,0.3000
-0.8804,-0.0550,0.3000
-0.8779,-0.0550,0.3000
-0.8754,-0.0550,0.3000
-0.8729,-0.0550,0.3000
-0.8704,-0.0550,0.3000
-0.8679,-0.0550,0.3000
-0.8654,-0.0550,0.3000
-0.8630,-0.0550,0.3000
-0.8605,-0.0550,0.3000
-0.8580,-0.0550,0.3000
-0.8555,-0.0550,0.3000
-0.8530,-0.0550,0.3000
-0.8505,-0.0550,0.3000
-0.8480,-0.0550,0.3000
-0.8455,-0.0550,0.3000
-0.8430,-0.0550,0.3000
-0.8405,-0.0550,0.3000
-0.8380,-0.0550,0.3000
-0.8355,-0.0550,0.3000
-0.8330,-0.0550,0.3000
-0.8305,-0.0550,0.3000
-0.8280,-0.0550,0.3000
-0.8256,-0.0550,0.3000
-0.8231,-0.0550,0.3000
-0.8206,-0.0550,0.3000
-0.8181,-0.0550,0.3000
-0.8156,-0.0550,0.3000
-0.8131,-0.0550,0.3000
-0.8106,-0.0550,0.3000
-0.8082,-0.0550,0.3000
-0.8057,-0.0550,0.3000
-0.8032,-0.0550,0.3000
-0.8007,-0.0550,0.3000
-0.7982,-0.0550,0.3000
-0.7957,-0.0550,0.3000
-0.7932,-0.0550,0.3000
-0.7907,-0.0550,0.3000
-0.7883,-0.0550,0.3000
-0.7858,-0.0550,0.3000
-0.7833,-0.0550,0.3000
-0.7808,-0.0550,0.3000
-0.7783,-0.0550,0.3000
-0.7757,-0.0550,0.3000
-0.7732,-0.0550,0.3000
-0.7708,-0.0550,0.3000
-0.7683,-0.0550,0.3000
-0.7658,-0.0550,0.3000
-0.7633,-0.0550,0.3000
-0.7608,-0.0550,0.3000
-0.7583,-0.0550,0.3000
-0.7558,-0.0550,0.3000
-0.7534,-0.0550,0.3000
-0.7509,-0.0550,0.3000
-0.7484,-0.0550,0.3000
-0.7459,-0.0550,0.3000
-0.7434,-0.0550,0.3000
-0.7409,-0.0550,0.3000
-0.7384,-0.0550,0.3000
-0.7359,-0.0550,0.3000
-0.7335,-0.0550,0.3000
-0.7310,-0.0550,0.3000
-0.7285,-0.0550,0.3000
-0.7260,-0.0550,0.3000
-0.7235,-0.0550,0.3000
-0.7210,-0.0550,0.3000
-0.7185,-0.0550,0.3000
-0.7161,-0.0550,0.3000
-0.7136,-0.0550,0.3000
-0.7111,-0.0550,0.3000
-0.7085,-0.0550,0.3000
-0.7060,-0.0550,0.3000
-0.7035,-0.0550,0.3000
-0.7010,-0.0550,0.3000
-0.6986,-0.0550,0.3000
-0.6961,-0.0550,0.3000
-0.6936,-0.0550,0.3000
-0.6911,-0.0550,0.3000
-0.6886,-0.0550,0.3000
-0.6861,-0.0550,0.3000
-0.6836,-0.0550,0.3000
-0.6811,-0.0550,0.3000
-0.6787,-0.0550,0.3000
-0.6762,-0.0550,0.3000
-0.6737,-0.0550,0.3000
-0.6712,-0.0550,0.3000
-0.6687,-0.0550,0.3000
-0.6662,-0.0550,0.3000
-0.6637,-0.0550,0.3000
-0.6613,-0.0550,0.3000
-0.6588,-0.0550,0.3000
-0.6563,-0.0550,0.3000
-0.6538,-0.0550,0.3000
-0.6513,-0.0550,0.3000
-0.6488,-0.0550,0.3000
-0.6463,-0.0550,0.3000
-0.6438,-0.0550,0.3000
-0.6413,-0.0550,0.3000
-0.6388,-0.0550,0.3000
-0.6363,-0.0550,0.3000
-0.6338,-0.0550,0.3000
-0.6313,-0.0550,0.3000
-0.6288,-0.0550,0.3000
-0.6263,-0.0550,0.3000
-0.6239,-0.0550,0.3000
-0.6214,-0.0550,0.3000
-0.6189,-0.0550,0.3000
-0.6164,-0.0550,0.3000
-0.6139,-0.0550,0.3000
-0.6114,-0.0550,0.3000
-0.6089,-0.0550,0.3000
-0.6065,-0.0550,0.3000
-0.6040,-0.0550,0.3000
-0.6015,-0.0550,0.3000
-0.5990,-0.0550,0.3000
-0.5965,-0.0550,0.3000
-0.5940,-0.0550,0.3000
-0.5915,-0.0550,0.3000
-0.5891,-0.0550,0.3000
-0.5866,-0.0550,0.3000
-0.5841,-0.0550,0.3000
-0.5816,-0.0550,0.3000
-0.5790,-0.0550,0.3000
-0.5765,-0.0550,0.3000
-0.5740,-0.0550,0.3000
-0.5716,-0.0550,0.3000
-0.5691,-0.0550,0.3000
-0.5666,-0.0550,0.3000
-0.5641,-0.0550,0.3000
-0.5616,-0.0550,0.3000
-0.5591,-0.0550,0.3000
-0.5566,-0.0550,0.3000
-0.5541,-0.0550,0.3000
-0.5517,-0.0550,0.3000
-0.5492,-0.0550,0.3000
-0.5467,-0.0550,0.3000
-0.5442,-0.0550,0.3000
-0.5417,-0.0550,0.3000
-0.5392,-0.0550,0.3000
-0.5367,-0.0550,0.3000
-0.5343,-0.0550,0.3000
-0.5318,-0.0550,0.3000
-0.5293,-0.0550,0.3000
-0.5268,-0.0550,0.3000
-0.5243,-0.0550,0.3000
-0.5218,-0.0550,0.3000
-0.5193,-0.0550,0.3000
-0.5169,-0.0550,0.3000
-0.5143,-0.0550,0.3000
-0.5118,-0.0550,0.3000
-0.5093,-0.0550,0.3000
-0.5068,-0.0550,0.3000
-0.5043,-0.0550,0.3000
-0.5018,-0.0550,0.3000
-0.4993,-0.0550,0.3000
-0.4969,-0.0550,0.3000
-0.4944,-0.0550,0.3000
-0.4919,-0.0550,0.3000
-0.4894,-0.0550,0.3000
-0.4869,-0.0550,0.3000
-0.4844,-0.0550,0.3000
-0.4819,-0.0550,0.3000
-0.4795,-0.0550,0.3000
-0.4770,-0.0550,0.3000
-0.4745,-0.0550,0.3000
-0.4720,-0.0550,0.3000
-0.4695,-0.0550,0.3000
-0.4670,-0.0550,0.3000
-0.4645,-0.0550,0.3000
-0.4621,-0.0550,0.3000
-0.4596,-0.0550,0.3000
-0.4571,-0.0550,0.3000
-0.4546,-0.0550,0.3000
-0.4521,-0.0550,0.3000
-0.4496,-0.0550,0.3000
-0.4471,-0.0550,0.3000
-0.4445,-0.0550,0.3000
-0.4421,-0.0550,0.3000
-0.4396,-0.0550,0.3000
-0.4371,-0.0550,0.3000
-0.4346,-0.0550,0.3000
-0.4321,-0.0550,0.3000
-0.4296,-0.0550,0.3000
-0.4271,-0.0550,0.3000
-0.4247,-0.0550,0.3000
-0.4222,-0.0550,0.3000
-0.4197,-0.0550,0.3000
-0.4172,-0.0550,0.3000
-0.4147,-0.0550,0.3000
-0.4122,-0.0550,0.3000
-0.4097,-0.0550,0.3000
-0.4073,-0.0550,0.3000
-0.4048,-0.0550,0.3000
-0.4023,-0.0550,0.3000
-0.3998,-0.0550,0.3000
-0.3973,-0.0550,0.3000
-0.3948,-0.0550,0.3000
-0.3923,-0.0550,0.3000
-0.3898,-0.0550,0.3000
-0.3874,-0.0550,0.3000
-0.3849,-0.0550,0.3000
-0.3824,-0.0550,0.3000
-0.3798,-0.0550,0.3000
-0.3773,-0.0550,0.3000
-0.3748,-0.0550,0.3000
-0.3723,-0.0550,0.3000
-0.3699,-0.0550,0.3000
-0.3674,-0.0550,0.3000
-0.3649,-0.0550,0.3000
-0.3624,-0.0550,0.3000
-0.3599,-0.0550,0.3000
-0.3574,-0.0550,0.3000
-0.3549,-0.0550,0.3000
-0.3525,-0.0550,0.3000
-0.3500,-0.0550,0.3000
-0.3475,-0.0550,0.3000
-0.3450,-0.0550,0.3000
-0.3425,-0.0550,0.3000
-0.3400,-0.0550,0.3000
-0.3375,-0.0550,0.3000
-0.3351,-0.0550,0.3000
-0.3326,-0.0550,0.3000
-0.3301,-0.0550,0.3000
-0.3276,-0.0550,0.3000
-0.3251,-0.0550,0.3000
-0.3226,-0.0550,0.3000
-0.3201,-0.0550,0.3000
-0.3176,-0.0550,0.3000
-0.3151,-0.0550,0.3000
-0.3126,-0.0550,0.3000
-0.3101,-0.0550,0.3000
-0.3076,-0.0550,0.3000
-0.3051,-0.0550,0.3000
-0.3026,-0.0550,0.3000
-0.3001,-0.0550,0.3000
-0.2977,-0.0550,0.3000
-0.2952,-0.0550,0.3000
-0.2927,-0.0550,0.3000
-0.2902,-0.0550,0.3000
-0.2877,-0.0550,0.6384
-0.2852,-0.0550,0.6384
-0.2830,-0.0550,0.6626
-0.2827,-0.0550,0.8673
-0.2802,-0.0550,0.8514
-0.2777,-0.0550,0.8361
-0.2751,-0.0550,0.8215
-0.2725,-0.0550,0.8076
-0.2699,-0.0550,0.7944
-0.2674,-0.0550,0.7819
-0.2648,-0.0550,0.7701
-0.2623,-0.0550,0.7590
-0.2598,-0.0550,0.7486
-0.2572,-0.0550,0.7388
-0.2546,-0.0550,0.7298
-0.2520,-0.0550,0.7215
-0.2495,-0.0550,0.7138
-0.2469,-0.0550,0.7069
-0.2444,-0.0550,0.7006
-0.2419,-0.0550,0.6951
-0.2393,-0.0550,0.6902
-0.2367,-0.0550,0.6860
-0.2341,-0.0550,0.6826
-0.2316,-0.0550,0.6798
-0.2290,-0.0550,0.6777
-0.2265,-0.0550,0.6763
-0.2240,-0.0550,0.6751
-0.2214,-0.0550,0.6723
-0.2188,-0.0550,0.6674
-0.2162,-0.0550,0.6605
-0.2137,-0.0550,0.6515
-0.2111,-0.0550,0.6405
-0.2086,-0.0550,0.6274
-0.2061,-0.0550,0.6123
-0.2035,-0.0550,0.5951
-0.2009,-0.0550,0.5759
-0.1983,-0.0550,0.5546
-0.1958,-0.0550,0.5313
-0.1932,-0.0550,0.5059
-0.1907,-0.0550,0.4785
-0.1882,-0.0550,0.4491
-0.1856,-0.0550,0.4175
-0.1830,-0.0550,0.3840
-0.1804,-0.0550,0.3484
-0.1779,-0.0550,0.0583
-0.1753,-0.0550,0.5573
-0.1750,-0.0550,0.3892
-0.1728,-0.0550,0.5976
-0.1703,-0.0550,0.6384
-0.1677,-0.0550,0.6384
-0.1651,-0.0550,0.3000
-0.1625,-0.0550,0.3000
-0.1600,-0.0550,0.3000
-0.1575,-0.0550,0.3000
-0.1549,-0.0550,0.3000
-0.1524,-0.0550,0.3000
-0.1498,-0.0550,0.3000
-0.1472,-0.0550,0.3000
-0.1446,-0.0550,0.3000
-0.1421,-0.0550,0.3000
-0.1396,-0.0550,0.3000
-0.1370,-0.0550,0.3000
-0.1345,-0.0550,0.3000
-0.1319,-0.0550,0.3000
-0.1293,-0.0550,0.3000
-0.1267,-0.0550,0.3000
-0.1242,-0.0550,0.6384
-0.1217,-0.0550,0.6384
-0.1135,-0.0550,0.9073
-0.1090,-0.0550,0.9486
-0.1065,-0.0550,0.8849
-0.1040,-0.0550,0.8287
-0.1014,-0.0550,0.7801
-0.0989,-0.0550,0.7390
-0.0964,-0.0550,0.7055
-0.0939,-0.0550,0.6794
-0.0914,-0.0550,0.6610
-0.0889,-0.0550,0.6500
-0.0863,-0.0550,0.6466
-0.0838,-0.0550,0.6505
-0.0813,-0.0550,0.6586
-0.0788,-0.0550,0.6671
-0.0762,-0.0550,0.6748
-0.0737,-0.0550,0.6819
-0.0712,-0.0550,0.6881
-0.0687,-0.0550,0.6937
-0.0662,-0.0550,0.6984
-0.0636,-0.0550,0.7025
-0.0611,-0.0550,0.7058
-0.0586,-0.0550,0.7083
-0.0561,-0.0550,0.7101
-0.0536,-0.0550,0.7112
-0.0511,-0.0550,0.7115
-0.0485,-0.0550,0.7110
-0.0460,-0.0550,0.7098
-0.0435,-0.0550,0.7079
-0.0410,-0.0550,0.7052
-0.0384,-0.0550,0.7018
-0.0360,-0.0550,0.6976
-0.0334,-0.0550,0.6927
-0.0309,-0.0550,0.6870
-0.0284,-0.0550,0.6806
-0.0259,-0.0550,0.6734
-0.0233,-0.0550,0.6655
-0.0208,-0.0550,0.6568
-0.0183,-0.0550,0.6474
-0.0158,-0.0550,0.6373
-0.0133,-0.0550,0.6264
-0.0107,-0.0550,0.6147
-0.0082,-0.0550,0.6242
-0.0058,-0.0550,0.6384
-0.0035,-0.0550,0.6714
-0.0011,-0.0273,0.6536
0.0012,-0.0273,0.6053
0.0037,-0.0550,0.6070
0.0063,-0.0550,0.6087
0.0088,-0.0550,0.6104
0.0113,-0.0550,0.6119
0.0138,-0.0550,0.6135
0.0163,-0.0550,0.6149
0.0187,-0.0550,0.6164
0.0213,-0.0550,0.6177
0.0238,-0.0550,0.6191
0.0263,-0.0550,0.6203
0.0288,-0.0550,0.6215
0.0313,-0.0550,0.6227
0.0338,-0.0550,0.6238
0.0363,-0.0550,0.6248
0.0388,-0.0550,0.6258
0.0413,-0.0550,0.6267
0.0438,-0.0550,0.6276
0.0463,-0.0550,0.6284
0.0488,-0.0550,0.6292
0.0513,-0.0550,0.6299
0.0539,-0.0550,0.6306
0.0563,-0.0550,0.6312
0.0588,-0.0550,0.6317
0.0613,-0.0550,0.6322
0.0638,-0.0550,0.6327
0.0663,-0.0550,0.6330
0.0689,-0.0550,0.6334
0.0714,-0.0550,0.6336
0.0738,-0.0550,0.6339
0.0763,-0.0550,0.6340
0.0788,-0.0550,0.6342
0.0813,-0.0550,0.6342
0.0839,-0.0550,0.6342
0.0864,-0.0550,0.6342
0.0889,-0.0550,0.6341
0.0914,-0.0550,0.6339
0.0938,-0.0550,0.6337
0.0964,-0.0550,0.6334
0.0989,-0.0550,0.6331
0.1014,-0.0550,0.6327
0.1039,-0.0550,0.6323
0.1064,-0.0550,0.6318
0.1089,-0.0550,0.6313
0.1114,-0.0550,0.6307
0.1139,-0.0550,0.6300
0.1164,-0.0550,0.6293
0.1189,-0.0550,0.6286
0.1214,-0.0550,0.6278
0.1239,-0.0550,0.6269
0.1264,-0.0550,0.6260
0.1289,-0.0550,0.6250
0.1314,-0.0550,0.6240
0.1339,-0.0550,0.6229
0.1364,-0.0550,0.6217
0.1389,-0.0550,0.6206
0.1414,-0.0550,0.6193
0.1440,-0.0550,0.6180
0.1464,-0.0550,0.6166
0.1489,-0.0550,0.6152
0.1514,-0.0550,0.6138
0.1539,-0.0550,0.6122
0.1564,-0.0550,0.6107
0.1590,-0.0550,0.6090
0.1615,-0.0550,0.6074
0.1640,-0.0550,0.6056
0.1664,-0.0550,0.6038
0.1689,-0.0550,0.6020
0.1714,-0.0550,0.6001
0.1740,-0.0550,0.5981
0.1765,-0.0550,0.5961
0.1790,-0.0550,0.5940
0.1815,-0.0550,0.5919
0.1839,-0.0550,0.5897
0.1864,-0.0550,0.5875
0.1890,-0.0550,0.5852
0.1915,-0.0550,0.5829
0.1940,-0.0550,0.5805
0.1965,-0.0550,0.5780
0.1990,-0.0550,0.5755
0.2015,-0.0550,0.5730
0.2040,-0.0550,0.5704
0.2065,-0.0550,0.5677
0.2090,-0.0550,0.5650
0.2115,-0.0550,0.5622
0.2140,-0.0550,0.5594
0.2165,-0.0550,0.5565
0.2191,-0.0550,0.5536
0.2215,-0.0550,0.5520
0.2240,-0.0550,0.6384
0.2240,-0.0550,0.6384
0.2270,-0.0550,0.3000
0.2300,-0.0550,0.6384
0.2330,-0.0550,0.6384
0.2330,-0.0550,0.4375
0.2356,-0.0550,0.5165
0.2384,-0.0550,0.5790
0.2411,-0.0550,0.6199
0.2438,-0.0550,0.6391
0.2466,-0.0550,0.6367
0.2493,-0.0550,0.6126
0.2520,-0.0550,0.5669
0.2547,-0.0550,0.4994
0.2574,-0.0550,0.4103
0.2601,-0.0550,0.2995
0.2629,-0.0550,0.1671
0.2656,-0.0550,0.0130
0.2733,-0.0550,0.5820
0.2740,-0.0550,0.6384
0.2763,-0.0550,0.6384
0.2787,-0.0550,0.3000
0.2812,-0.0550,0.3000
0.2837,-0.0550,0.3000
0.2862,-0.0550,0.3000
0.2887,-0.0550,0.3000
0.2912,-0.0550,0.3000
0.2937,-0.0550,0.3000
0.2962,-0.0550,0.3000
0.2987,-0.0550,0.3000
0.3012,-0.0550,0.3000
0.3037,-0.0550,0.3000
0.3062,-0.0550,0.3000
0.3087,-0.0550,0.3000
0.3112,-0.0550,0.3000
0.3136,-0.0550,0.3000
0.3161,-0.0550,0.3000
0.3186,-0.0550,0.3000
0.3211,-0.0550,0.3000
0.3236,-0.0550,0.3000
0.3261,-0.0550,0.3000
0.3286,-0.0550,0.3000
0.3311,-0.0550,0.3000
0.3336,-0.0550,0.3000
0.3361,-0.0550,0.3000
0.3386,-0.0550,0.3000
0.3411,-0.0550,0.3000
0.3436,-0.0550,0.3000
0.3461,-0.0550,0.3000
0.3486,-0.0550,0.3000
0.3510,-0.0550,0.3000
0.3535,-0.0550,0.3000
0.3560,-0.0550,0.3000
0.3585,-0.0550,0.3000
0.3610,-0.0550,0.3000
0.3635,-0.0550,0.3000
0.3660,-0.0550,0.3000
0.3685,-0.0550,0.3000
0.3710,-0.0550,0.3000
0.3735,-0.0550,0.3000
0.3760,-0.0550,0.3000
0.3785,-0.0550,0.3000
0.3810,-0.0550,0.3000
0.3835,-0.0550,0.3000
0.3859,-0.0550,0.3000
0.3884,-0.0550,0.3000
0.3909,-0.0550,0.3000
0.3934,-0.0550,0.3000
0.3959,-0.0550,0.3000
0.3984,-0.0550,0.3000
0.4009,-0.0550,0.3000
0.4034,-0.0550,0.3000
0.4059,-0.0550,0.3000
0.4084,-0.0550,0.3000
0.4109,-0.0550,0.3000
0.4134,-0.0550,0.3000
0.4159,-0.0550,0.3000
0.4184,-0.0550,0.3000
0.4209,-0.0550,0.3000
0.4233,-0.0550,0.3000
0.4258,-0.0550,0.3000
0.4283,-0.0550,0.3000
0.4308,-0.0550,0.3000
0.4333,-0.0550,0.3000
0.4358,-0.0550,0.3000
0.4383,-0.0550,0.3000
0.4407,-0.0550,0.3000
0.4432,-0.0550,0.3000
0.4458,-0.0550,0.3000
0.4483,-0.0550,0.3000
0.4508,-0.0550,0.3000
0.4533,-0.0550,0.3000
0.4558,-0.0550,0.3000
0.4583,-0.0550,0.3000
0.4607,-0.0550,0.3000
0.4632,-0.0550,0.3000
0.4657,-0.0550,0.3000
0.4682,-0.0550,0.3000
0.4707,-0.0550,0.3000
0.4732,-0.0550,0.3000
0.4757,-0.0550,0.3000
0.4781,-0.0550,0.3000
0.4806,-0.0550,0.3000
0.4832,-0.0550,0.3000
0.4857,-0.0550,0.3000
0.4882,-0.0550,0.3000
0.4907,-0.0550,0.3000
0.4932,-0.0550,0.3000
0.4956,-0.0550,0.3000
0.4981,-0.0550,0.3000
0.5006,-0.0550,0.3000
0.5031,-0.0550,0.3000
0.5056,-0.0550,0.3000
0.5081,-0.0550,0.3000
0.5106,-0.0550,0.3000
0.5131,-0.0550,0.3000
0.5155,-0.0550,0.3000
0.5180,-0.0550,0.3000
0.5205,-0.0550,0.3000
0.5231,-0.0550,0.3000
0.5256,-0.0550,0.3000
0.5281,-0.0550,0.3000
0.5306,-0.0550,0.3000
0.5330,-0.0550,0.3000
0.5355,-0.0550,0.3000
0.5380,-0.0550,0.3000
0.5405,-0.0550,0.3000
0.5430,-0.0550,0.3000
0.5455,-0.0550,0.3000
0.5480,-0.0550,0.3000
0.5504,-0.0550,0.3000
0.5529,-0.0550,0.3000
0.5554,-0.0550,0.3000
0.5579,-0.0550,0.3000
0.5605,-0.0550,0.3000
0.5630,-0.0550,0.3000
0.5655,-0.0550,0.3000
0.5680,-0.0550,0.3000
0.5704,-0.0550,0.3000
0.5729,-0.0550,0.3000
0.5754,-0.0550,0.3000
0.5779,-0.0550,0.3000
0.5804,-0.0550,0.3000
0.5829,-0.0550,0.3000
0.5854,-0.0550,0.3000
0.5878,-0.0550,0.3000
0.5903,-0.0550,0.3000
0.5928,-0.0550,0.3000
0.5953,-0.0550,0.3000
0.5979,-0.0550,0.3000
0.6004,-0.0550,0.3000
0.6029,-0.0550,0.3000
0.6053,-0.0550,0.3000
0.6078,-0.0550,0.3000
0.6103,-0.0550,0.3000
0.6128,-0.0550,0.3000
0.6153,-0.0550,0.3000
0.6178,-0.0550,0.3000
0.6203,-0.0550,0.3000
0.6227,-0.0550,0.3000
0.6252,-0.0550,0.3000
0.6277,-0.0550,0.3000
0.6302,-0.0550,0.3000
0.6327,-0.0550,0.3000
0.6353,-0.0550,0.3000
0.6378,-0.0550,0.3000
0.6403,-0.0550,0.3000
0.6427,-0.0550,0.3000
0.6452,-0.0550,0.3000
0.6477,-0.0550,0.3000
0.6502,-0.0550,0.3000
0.6527,-0.0550,0.3000
0.6552,-0.0550,0.3000
0.6577,-0.0550,0.3000
0.6601,-0.0550,0.3000
0.6626,-0.0550,0.3000
0.6651,-0.0550,0.3000
0.6676,-0.0550,0.3000
0.6701,-0.0550,0.3000
0.6727,-0.0550,0.3000
0.6752,-0.0550,0.3000
0.6776,-0.0550,0.3000
0.6801,-0.0550,0.3000
0.6826,-0.0550,0.3000
0.6851,-0.0550,0.3000
0.6876,-0.0550,0.3000
0.6901,-0.0550,0.3000
0.6926,-0.0550,0.3000
0.6951,-0.0550,0.3000
0.6975,-0.0550,0.3000
0.7000,-0.0550,0.3000
0.7025,-0.0550,0.3000
0.7050,-0.0550,0.3000
0.7075,-0.0550,0.3000
0.7101,-0.0550,0.3000
0.7126,-0.0550,0.3000
0.7150,-0.0550,0.3000
0.7175,-0.0550,0.3000
0.7200,-0.0550,0.3000
0.7225,-0.0550,0.3000
0.7250,-0.0550,0.3000
0.7275,-0.0550,0.3000
0.7300,-0.0550,0.3000
0.7324,-0.0550,0.3000
0.7349,-0.0550,0.3000
0.7374,-0.0550,0.3000
0.7399,-0.0550,0.3000
0.7424,-0.0550,0.3000
0.7449,-0.0550,0.3000
0.7475,-0.0550,0.3000
0.7500,-0.0550,0.3000
0.7524,-0.0550,0.3000
0.7549,-0.0550,0.3000
0.7574,-0.0550,0.3000
0.7599,-0.0550,0.3000
0.7624,-0.0550,0.3000
0.7649,-0.0550,0.3000
0.7674,-0.0550,0.3000
0.7698,-0.0550,0.3000
0.7723,-0.0550,0.3000
0.7748,-0.0550,0.3000
0.7773,-0.0550,0.3000
0.7798,-0.0550,0.3000
0.7823,-0.0550,0.3000
0.7848,-0.0550,0.3000
0.7873,-0.0550,0.3000
0.7898,-0.0550,0.3000
0.7923,-0.0550,0.3000
0.7948,-0.0550,0.3000
0.7973,-0.0550,0.3000
0.7998,-0.0550,0.3000
0.8023,-0.0550,0.3000
0.8048,-0.0550,0.3000
0.8072,-0.0550,0.3000
0.8097,-0.0550,0.3000
0.8122,-0.0550,0.3000
0.8147,-0.0550,0.3000
0.8172,-0.0550,0.3000
0.8197,-0.0550,0.3000
0.8222,-0.0550,0.3000
0.8247,-0.0550,0.3000
0.8272,-0.0550,0.3000
0.8297,-0.0550,0.3000
0.8322,-0.0550,0.3000
0.8347,-0.0550,0.3000
0.8372,-0.0550,0.3000
0.8397,-0.0550,0.3000
0.8421,-0.0550,0.3000
0.8446,-0.0550,0.3000
0.8471,-0.0550,0.3000
0.8496,-0.0550,0.3000
0.8521,-0.0550,0.3000
0.8546,-0.0550,0.3000
0.8571,-0.0550,0.3000
0.8596,-0.0550,0.3000
0.8621,-0.0550,0.3000
0.8646,-0.0550,0.3000
0.8671,-0.0550,0.3000
0.8696,-0.0550,0.3000
0.8721,-0.0550,0.3000
0.8746,-0.0550,0.3000
0.8771,-0.0550,0.3000
0.8795,-0.0550,0.3000
0.8820,-0.0550,0.3000
0.8845,-0.0550,0.3000
0.8870,-0.0550,0.3000
0.8895,-0.0550,0.3000
0.8920,-0.0550,0.3000
0.8945,-0.0550,0.3000
0.8969,-0.0550,0.3000
0.8995,-0.0550,0.3000
0.9020,-0.0550,0.3000
0.9045,-0.0550,0.3000
0.9070,-0.0550,0.3000
0.9095,-0.0550,0.3000
0.9120,-0.0550,0.3000
0.9144,-0.0550,0.3000
0.9169,-0.0550,0.3000
0.9194,-0.0550,0.3000
0.9219,-0.0550,0.3000
0.9244,-0.0550,0.3000
0.9269,-0.0550,0.3000
0.9294,-0.0550,0.3000
0.9319,-0.0550,0.3000
0.9343,-0.0550,0.3000
0.9369,-0.0550,0.3000
0.9394,-0.0550,0.3000
0.9419,-0.0550,0.3000
0.9444,-0.0550,0.3000
0.9469,-0.0550,0.3000
0.9494,-0.0550,0.3000
0.9518,-0.0550,0.3000
0.9543,-0.0550,0.3000
0.9568,-0.0550,0.3000
0.9593,-0.0550,0.3000
0.9618,-0.0550,0.3000
0.9643,-0.0550,0.3000
0.9668,-0.0550,0.3000
0.9692,-0.0550,0.3000
0.9717,-0.0550,0.3000
0.9743,-0.0550,0.3000
0.9768,-0.0550,0.3000
0.9793,-0.0550,0.3000
0.9818,-0.0550,0.3000
0.9843,-0.0550,0.3000
0.9868,-0.0550,0.3000
0.9892,-0.0550,0.3000
0.9917,-0.0550,0.3000
0.9942,-0.0550,0.3000
0.9967,-0.0550,0.3000
0.9992,-0.0550,0.3000
1.0017,-0.0550,0.3000
1.0042,-0.0550,0.3000
1.0066,-0.0550,0.3000
1.0091,-0.0550,0.3000
1.0116,-0.0550,0.3000
1.0142,-0.0550,0.3000
1.0167,-0.0550,0.3000
1.0192,-0.0550,0.3000
1.0217,-0.0550,0.3000
1.0241,-0.0550,0.3000
1.0266,-0.0550,0.3000
1.0291,-0.0550,0.3000
1.0316,-0.0550,0.3000
1.0341,-0.0550,0.3000
1.0366,-0.0550,0.3000
1.0391,-0.0550,0.3000
1.0416,-0.0550,0.3000
1.0440,-0.0550,0.3000
1.0465,-0.0550,0.3000
1.0490,-0.0550,0.3000
1.0516,-0.0550,0.3000
1.0541,-0.0550,0.3000
1.0566,-0.0550,0.3000
1.0591,-0.0550,0.3000
1.0615,-0.0550,0.3000
1.0640,-0.0550,0.3000
1.0665,-0.0550,0.3000
1.0690,-0.0550,0.3000
1.0715,-0.0550,0.3000
1.0740,-0.0550,0.3000
1.0765,-0.0550,0.3000
1.0789,-0.0550,0.3000
1.0814,-0.0550,0.3000
1.0839,-0.0550,0.3000
1.0864,-0.0550,0.3000
1.0890,-0.0550,0.3000
1.0915,-0.0550,0.3000
1.0940,-0.0550,0.3000
1.0965,-0.0550,0.3000
1.0989,-0.0550,0.3000
1.1014,-0.0550,0.3000
1.1039,-0.0550,0.3000
1.1064,-0.0550,0.3000
1.1089,-0.0550,0.3000
1.1114,-0.0550,0.3000
1.1139,-0.0550,0.3000
1.1163,-0.0550,0.3000
1.1188,-0.0550,0.3000
1.1213,-0.0550,0.3000
1.1238,-0.0550,0.3000
1.1263,-0.0550,0.3000
1.1289,-0.0550,0.3000
1.1314,-0.0550,0.3000
1.1338,-0.0550,0.3000
1.1363,-0.0550,0.3000
1.1388,-0.0550,0.3000
1.1413,-0.0550,0.3000
1.1438,-0.0550,0.3000
1.1463,-0.0550,0.3000
1.1488,-0.0550,0.3000
1.1512,-0.0550,0.3000
1.1537,-0.0550,0.3000
1.1562,-0.0550,0.3000
1.1587,-0.0550,0.3000
1.1612,-0.0550,0.3000
1.1637,-0.0550,0.3000
1.1663,-0.0550,0.3000
1.1688,-0.0550,0.3000
1.1712,-0.0550,0.3000
1.1737,-0.0550,0.3000
1.1762,-0.0550,0.3000
1.1787,-0.0550,0.3000
1.1812,-0.0550,0.3000
1.1837,-0.0550,0.3000
1.1862,-0.0550,0.3000
1.1886,-0.0550,0.3000
1.1911,-0.0550,0.3000
1.1936,-0.0550,0.3000
1.1961,-0.0550,0.3000
1.1986,-0.0550,0.3000
1.2011,-0.0550,0.3000
1.2036,-0.0550,0.3000
1.2061,-0.0550,0.3000
1.2086,-0.0550,0.3000
1.2111,-0.0550,0.3000
1.2136,-0.0550,0.3000
1.2161,-0.0550,0.3000
1.2186,-0.0550,0.3000
1.2211,-0.0550,0.3000
1.2236,-0.0550,0.3000
1.2260,-0.0550,0.3000
1.2285,-0.0550,0.3000
1.2310,-0.0550,0.3000
1.2335,-0.0550,0.3000
1.2360,-0.0550,0.3000
1.2385,-0.0550,0.3000
1.2410,-0.0550,0.3000
1.2435,-0.0550,0.3000
1.2460,-0.0550,0.3000
1.2485,-0.0550,0.3000
1.2510,-0.0550,0.3000
1.2535,-0.0550,0.3000
1.2560,-0.0550,0.3000
1.2585,-0.0550,0.3000
1.2609,-0.0550,0.3000
1.2634,-0.0550,0.3000
1.2659,-0.0550,0.3000
1.2684,-0.0550,0.3000
1.2709,-0.0550,0.3000
1.2734,-0.0550,0.3000
1.2759,-0.0550,0.3000
1.2784,-0.0550,0.3000
1.2809,-0.0550,0.3000
1.2834,-0.0550,0.3000
1.2859,-0.0550,0.3000
1.2884,-0.0550,0.3000
1.2909,-0.0550,0.3000
1.2934,-0.0550,0.3000
1.2959,-0.0550,0.3000
1.2983,-0.0550,0.3000
1.3008,-0.0550,0.3000
1.3033,-0.0550,0.3000
1.3058,-0.0550,0.3000
1.3083,-0.0550,0.3000
1.3108,-0.0550,0.3000
1.3133,-0.0550,0.3000
1.3158,-0.0550,0.3000
1.3183,-0.0550,0.3000
1.3208,-0.0550,0.3000
1.3233,-0.0550,0.3000
1.3258,-0.0550,0.3000
1.3283,-0.0550,0.3000
1.3308,-0.0550,0.3000
1.3333,-0.0550,0.3000
1.3357,-0.0550,0.3000
1.3382,-0.0550,0.3000
1.3407,-0.0550,0.3000
1.3432,-0.0550,0.3000
1.3457,-0.0550,0.3000
1.3482,-0.0550,0.3000
1.3507,-0.0550,0.3000
1.3532,-0.0550,0.3000
1.3557,-0.0550,0.3000
1.3582,-0.0550,0.3000
1.3607,-0.0550,0.3000
1.3632,-0.0550,0.3000
1.3657,-0.0550,0.3000
1.3682,-0.0550,0.3000
1.3706,-0.0550,0.3000
1.3731,-0.0550,0.3000
1.3756,-0.0550,0.3000
1.3781,-0.0550,0.3000
1.3806,-0.0550,0.3000
1.3831,-0.0550,0.3000
1.3856,-0.0550,0.3000
1.3880,-0.0550,0.3000
1.3906,-0.0550,0.3000
1.3931,-0.0550,0.3000
1.3956,-0.0550,0.3000
1.3981,-0.0550,0.3000
1.4006,-0.0550,0.3000
1.4031,-0.0550,0.3000
1.4056,-0.0550,0.3000
1.4080,-0.0550,0.3000
1.4105,-0.0550,0.3000
1.4130,-0.0550,0.3000
1.4155,-0.0550,0.3000
1.4180,-0.0550,0.3000
1.4205,-0.0550,0.3000
1.4230,-0.0550,0.3000
1.4254,-0.0550,0.3000
1.4280,-0.0550,0.3000
1.4305,-0.0550,0.3000
1.4330,-0.0550,0.3000
1.4355,-0.0550,0.3000
1.4380,-0.0550,0.3000
1.4405,-0.0550,0.3000
1.4429,-0.0550,0.3000
1.4454,-0.0550,0.3000
1.4479,-0.0550,0.3000
1.4504,-0.0550,0.3000
1.4529,-0.0550,0.3000
1.4554,-0.0550,0.3000
1.4579,-0.0550,0.3000
1.4604,-0.0550,0.3000
1.4628,-0.0550,0.3000
1.4653,-0.0550,0.3000
1.4678,-0.0550,0.3000
1.4704,-0.0550,0.3000
1.4729,-0.0550,0.3000
1.4754,-0.0550,0.3000
1.4779,-0.0550,0.3000
1.4803,-0.0550,0.3000
1.4828,-0.0550,0.3000
1.4853,-0.0550,0.3000
1.4878,-0.0550,0.3000
1.4903,-0.0550,0.3000
1.4928,-0.0550,0.3000
1.4953,-0.0550,0.3000
1.4977,-0.0550,0.3000
1.5002,-0.0550,0.3000
1.5027,-0.0550,0.3000
1.5052,-0.0550,0.3000
1.5078,-0.0550,0.3000
1.5103,-0.0550,0.3000
1.5128,-0.0550,0.3000
1.5153,-0.0550,0.3000
1.5177,-0.0550,0.3000
1.5202,-0.0550,0.3000
1.5227,-0.0550,0.3000
1.5252,-0.0550,0.3000
1.5277,-0.0550,0.3000
1.5302,-0.0550,0.3000
1.5327,-0.0550,0.3000
1.5351,-0.0550,0.3000
1.5376,-0.0550,0.3000
1.5401,-0.0550,0.3000
1.5426,-0.0550,0.3000
1.5452,-0.0550,0.3000
1.5477,-0.0550,0.3000
1.5502,-0.0550,0.3000
1.5526,-0.0550,0.3000
1.5551,-0.0550,0.3000
1.5576,-0.0550,0.3000
1.5601,-0.0550,0.3000
1.5626,-0.0550,0.3000
1.5651,-0.0550,0.3000
1.5676,-0.0550,0.3000
1.5701,-0.0550,0.3000
1.5725,-0.0550,0.3000
1.5750,-0.0550,0.3000
1.5775,-0.0550,0.3000
1.5800,-0.0550,0.3000
1.5826,-0.0550,0.3000
1.5851,-0.0550,0.3000
1.5876,-0.0550,0.3000
1.5900,-0.0550,0.3000
1.5925,-0.0550,0.3000
1.5950,-0.0550,0.3000
1.5975,-0.0550,0.3000
