-1.6000,-0.2710,0.3000
-1.5975,-0.2710,0.3000
-1.5950,-0.2710,0.3000
-1.5925,-0.2710,0.3000
-1.5900,-0.2710,0.3000
-1.5875,-0.2710,0.3000
-1.5851,-0.2710,0.3000
-1.5826,-0.2710,0.3000
-1.5801,-0.2710,0.3000
-1.5776,-0.2710,0.3000
-1.5751,-0.2710,0.3000
-1.5726,-0.2710,0.3000
-1.5701,-0.2710,0.3000
-1.5676,-0.2710,0.3000
-1.5651,-0.2710,0.3000
-1.5626,-0.2710,0.3000
-1.5602,-0.2710,0.3000
-1.5577,-0.2710,0.3000
-1.5552,-0.2710,0.3000
-1.5527,-0.2710,0.3000
-1.5501,-0.2710,0.3000
-1.5476,-0.2710,0.3000
-1.5451,-0.2710,0.3000
-1.5426,-0.2710,0.3000
-1.5401,-0.2710,0.3000
-1.5376,-0.2710,0.3000
-1.5352,-0.2710,0.3000
-1.5327,-0.2710,0.3000
-1.5302,-0.2710,0.3000
-1.5277,-0.2710,0.3000
-1.5252,-0.2710,0.3000
-1.5227,-0.2710,0.3000
-1.5202,-0.2710,0.3000
-1.5177,-0.2710,0.3000
-1.5152,-0.2710,0.3000
-1.5127,-0.2710,0.3000
-1.5103,-0.2710,0.3000
-1.5078,-0.2710,0.3000
-1.5053,-0.2710,0.3000
-1.5028,-0.2710,0.3000
-1.5003,-0.2710,0.3000
-1.4978,-0.2710,0.3000
-1.4953,-0.2710,0.3000
-1.4928,-0.2710,0.3000
-1.4903,-0.2710,0.3000
-1.4878,-0.2710,0.3000
-1.4853,-0.2710,0.3000
-1.4829,-0.2710,0.3000
-1.4804,-0.2710,0.3000
-1.4779,-0.2710,0.3000
-1.4754,-0.2710,0.3000
-1.4729,-0.2710,0.3000
-1.4704,-0.2710,0.3000
-1.4679,-0.2710,0.3000
-1.4654,-0.2710,0.3000
-1.4629,-0.2710,0.3000
-1.4604,-0.2710,0.3000
-1.4580,-0.2710,0.3000
-1.4554,-0.2710,0.3000
-1.4529,-0.2710,0.3000
-1.4504,-0.2710,0.3000
-1.4479,-0.2710,0.3000
-1.4454,-0.2710,0.3000
-1.4429,-0.2710,0.3000
-1.4404,-0.2710,0.3000
-1.4379,-0.2710,0.3000
-1.4354,-0.2710,0.3000
-1.4330,-0.2710,0.3000
-1.4305,-0.2710,0.3000
-1.4280,-0.2710,0.3000
-1.4255,-0.2710,0.3000
-1.4230,-0.2710,0.3000
-1.4205,-0.2710,0.3000
-1.4180,-0.2710,0.3000
-1.4155,-0.2710,0.3000
-1.4130,-0.2710,0.3000
-1.4105,-0.2710,0.3000
-1.4081,-0.2710,0.3000
-1.4056,-0.2710,0.3000
-1.4031,-0.2710,0.3000
-1.4006,-0.2710,0.3000
-1.3981,-0.2710,0.3000
-1.3956,-0.2710,0.3000
-1.3931,-0.2710,0.3000
-1.3906,-0.2710,0.3000
-1.3881,-0.2710,0.3000
-1.3856,-0.2710,0.3000
-1.3832,-0.2710,0.3000
-1.3807,-0.2710,0.3000
-1.3782,-0.2710,0.3000
-1.3757,-0.2710,0.3000
-1.3732,-0.2710,0.3000
-1.3707,-0.2710,0.3000
-1.3682,-0.2710,0.3000
-1.3657,-0.2710,0.3000
-1.3632,-0.2710,0.3000
-1.3607,-0.2710,0.3000
-1.3581,-0.2710,0.3000
-1.3557,-0.2710,0.3000
-1.3532,-0.2710,0.3000
-1.3507,-0.2710,0.3000
-1.3482,-0.2710,0.3000
-1.3457,-0.2710,0.3000
-1.3432,-0.2710,0.3000
-1.3407,-0.2710,0.3000
-1.3382,-0.2710,0.3000
-1.3357,-0.2710,0.3000
-1.3332,-0.2710,0.3000
-1.3308,-0.2710,0.3000
-1.3283,-0.2710,0.3000
-1.3258,-0.2710,0.3000
-1.3233,-0.2710,0.3000
-1.3208,-0.2710,0.3000
-1.3183,-0.2710,0.3000
-1.3158,-0.2710,0.3000
-1.3133,-0.2710,0.3000
-1.3108,-0.2710,0.3000
-1.3083,-0.2710,0.3000
-1.3059,-0.2710,0.3000
-1.3034,-0.2710,0.3000
-1.3009,-0.2710,0.3000
-1.2984,-0.2710,0.3000
-1.2959,-0.2710,0.3000
-1.2934,-0.2710,0.3000
-1.2909,-0.2710,0.3000
-1.2884,-0.2710,0.3000
-1.2859,-0.2710,0.3000
-1.2834,-0.2710,0.3000
-1.2810,-0.2710,0.3000
-1.2785,-0.2710,0.3000
-1.2760,-0.2710,0.3000
-1.2735,-0.2710,0.3000
-1.2710,-0.2710,0.3000
-1.2685,-0.2710,0.3000
-1.2660,-0.2710,0.3000
-1.2634,-0.2710,0.3000
-1.2609,-0.2710,0.3000
-1.2584,-0.2710,0.3000
-1.2559,-0.2710,0.3000
-1.2535,-0.2710,0.3000
-1.2510,-0.2710,0.3000
-1.2485,-0.2710,0.3000
-1.2460,-0.2710,0.3000
-1.2435,-0.2710,0.3000
-1.2410,-0.2710,0.3000
-1.2385,-0.2710,0.3000
-1.2360,-0.2710,0.3000
-1.2335,-0.2710,0.3000
-1.2310,-0.2710,0.3000
-1.2286,-0.2710,0.3000
-1.2261,-0.2710,0.3000
-1.2236,-0.2710,0.3000
-1.2211,-0.2710,0.3000
-1.2186,-0.2710,0.3000
-1.2161,-0.2710,0.3000
-1.2136,-0.2710,0.3000
-1.2111,-0.2710,0.3000
-1.2086,-0.2710,0.3000
-1.2061,-0.2710,0.3000
-1.2037,-0.2710,0.3000
-1.2012,-0.2710,0.3000
-1.1987,-0.2710,0.3000
-1.1962,-0.2710,0.3000
-1.1937,-0.2710,0.3000
-1.1912,-0.2710,0.3000
-1.1887,-0.2710,0.3000
-1.1862,-0.2710,0.3000
-1.1837,-0.2710,0.3000
-1.1812,-0.2710,0.3000
-1.1788,-0.2710,0.3000
-1.1763,-0.2710,0.3000
-1.1738,-0.2710,0.3000
-1.1712,-0.2710,0.3000
-1.1687,-0.2710,0.3000
-1.1662,-0.2710,0.3000
-1.1637,-0.2710,0.3000
-1.1612,-0.2710,0.3000
-1.1587,-0.2710,0.3000
-1.1562,-0.2710,0.3000
-1.1537,-0.2710,0.3000
-1.1513,-0.2710,0.3000
-1.1488,-0.2710,0.3000
-1.1463,-0.2710,0.3000
-1.1438,-0.2710,0.3000
-1.1413,-0.2710,0.3000
-1.1388,-0.2710,0.3000
-1.1363,-0.2710,0.3000
-1.1338,-0.2710,0.3000
-1.1313,-0.2710,0.3000
-1.1288,-0.2710,0.3000
-1.1264,-0.2710,0.3000
-1.1239,-0.2710,0.3000
-1.1214,-0.2710,0.3000
-1.1189,-0.2710,0.3000
-1.1164,-0.2710,0.3000
-1.1139,-0.2710,0.3000
-1.1114,-0.2710,0.3000
-1.1089,-0.2710,0.3000
-1.1064,-0.2710,0.3000
-1.1039,-0.2710,0.3000
-1.1015,-0.2710,0.3000
-1.0990,-0.2710,0.3000
-1.0965,-0.2710,0.3000
-1.0940,-0.2710,0.3000
-1.0915,-0.2710,0.3000
-1.0890,-0.2710,0.3000
-1.0865,-0.2710,0.3000
-1.0840,-0.2710,0.3000
-1.0815,-0.2710,0.3000
-1.0790,-0.2710,0.3000
-1.0765,-0.2710,0.3000
-1.0740,-0.2710,0.3000
-1.0715,-0.2710,0.3000
-1.0690,-0.2710,0.3000
-1.0665,-0.2710,0.3000
-1.0640,-0.2710,0.3000
-1.0615,-0.2710,0.3000
-1.0590,-0.2710,0.3000
-1.0565,-0.2710,0.3000
-1.0540,-0.2710,0.3000
-1.0516,-0.2710,0.3000
-1.0491,-0.2710,0.3000
-1.0466,-0.2710,0.3000
-1.0441,-0.2710,0.3000
-1.0416,-0.2710,0.3000
-1.0391,-0.2710,0.3000
-1.0366,-0.2710,0.3000
-1.0341,-0.2710,0.3000
-1.0316,-0.2710,0.3000
-1.0291,-0.2710,0.3000
-1.0266,-0.2710,0.3000
-1.0242,-0.2710,0.3000
-1.0217,-0.2710,0.3000
-1.0192,-0.2710,0.3000
-1.0167,-0.2710,0.3000
-1.0142,-0.2710,0.3000
-1.0117,-0.2710,0.3000
-1.0092,-0.2710,0.3000
-1.0067,-0.2710,0.3000
-1.0042,-0.2710,0.3000
-1.0017,-0.2710,0.3000
-0.9993,-0.2710,0.3000
-0.9968,-0.2710,0.3000
-0.9943,-0.2710,0.3000
-0.9918,-0.2710,0.3000
-0.9893,-0.2710,0.3000
-0.9868,-0.2710,0.3000
-0.9843,-0.2710,0.3000
-0.9818,-0.2710,0.3000
-0.9792,-0.2710,0.3000
-0.9767,-0.2710,0.3000
-0.9743,-0.2710,0.3000
-0.9718,-0.2710,0.3000
-0.9693,-0.2710,0.3000
-0.9668,-0.2710,0.3000
-0.9643,-0.2710,0.3000
-0.9618,-0.2710,0.3000
-0.9593,-0.2710,0.3000
-0.9568,-0.2710,0.3000
-0.9543,-0.2710,0.3000
-0.9518,-0.2710,0.3000
-0.9494,-0.2710,0.3000
-0.9469,-0.2710,0.3000
-0.9444,-0.2710,0.3000
-0.9419,-0.2710,0.3000
-0.9394,-0.2710,0.3000
-0.9369,-0.2710,0.3000
-0.9344,-0.2710,0.3000
-0.9319,-0.2710,0.3000
-0.9294,-0.2710,0.3000
-0.9269,-0.2710,0.3000
-0.9244,-0.2710,0.3000
-0.9220,-0.2710,0.3000
-0.9195,-0.2710,0.3000
-0.9170,-0.2710,0.3000
-0.9145,-0.2710,0.3000
-0.9120,-0.2710,0.3000
-0.9095,-0.2710,0.3000
-0.9070,-0.2710,0.3000
-0.9045,-0.2710,0.3000
-0.9020,-0.2710,0.3000
-0.8995,-0.2710,0.3000
-0.8971,-0.2710,0.3000
-0.8946,-0.2710,0.3000
-0.8921,-0.2710,0.3000
-0.8896,-0.2710,0.3000
-0.8871,-0.2710,0.3000
-0.8845,-0.2710,0.3000
-0.8820,-0.2710,0.3000
-0.8795,-0.2710,0.3000
-0.8770,-0.2710,0.3000
-0.8745,-0.2710,0.3000
-0.8721,-0.2710,0.3000
-0.8696,-0.2710,0.3000
-0.8671,-0.2710,0.3000
-0.8646,-0.2710,0.3000
-0.8621,-0.2710,0.3000
-0.8596,-0.2710,0.3000
-0.8571,-0.2710,0.3000
-0.8546,-0.2710,0.3000
-0.8521,-0.2710,0.3000
-0.8496,-0.2710,0.3000
-0.8472,-0.2710,0.3000
-0.8447,-0.2710,0.3000
-0.8422,-0.2710,0.3000
-0.8397,-0.2710,0.3000
-0.8372,-0.2710,0.3000
-0.8347,-0.2710,0.3000
-0.8322,-0.2710,0.3000
-0.8297,-0.2710,0.3000
-0.8272,-0.2710,0.3000
-0.8247,-0.2710,0.3000
-0.8222,-0.2710,0.3000
-0.8198,-0.2710,0.3000
-0.8173,-0.2710,0.3000
-0.8148,-0.2710,0.3000
-0.8123,-0.2710,0.3000
-0.8098,-0.2710,0.3000
-0.8073,-0.2710,0.3000
-0.8048,-0.2710,0.3000
-0.8023,-0.2710,0.3000
-0.7998,-0.2710,0.3000
-0.7973,-0.2710,0.3000
-0.7949,-0.2710,0.3000
-0.7924,-0.2710,0.3000
-0.7898,-0.2710,0.3000
-0.7873,-0.2710,0.3000
-0.7848,-0.2710,0.3000
-0.7823,-0.2710,0.3000
-0.7798,-0.2710,0.3000
-0.7773,-0.2710,0.3000
-0.7748,-0.2710,0.3000
-0.7723,-0.2710,0.3000
-0.7699,-0.2710,0.3000
-0.7674,-0.2710,0.3000
-0.7649,-0.2710,0.3000
-0.7624,-0.2710,0.3000
-0.7599,-0.2710,0.3000
-0.7574,-0.2710,0.3000
-0.7549,-0.2710,0.3000
-0.7524,-0.2710,0.3000
-0.7499,-0.2710,0.3000
-0.7474,-0.2710,0.3000
-0.7450,-0.2710,0.3000
-0.7425,-0.2710,0.3000
-0.7400,-0.2710,0.3000
-0.7375,-0.2710,0.3000
-0.7350,-0.2710,0.3000
-0.7325,-0.2710,0.3000
-0.7300,-0.2710,0.3000
-0.7275,-0.2710,0.3000
-0.7250,-0.2710,0.3000
-0.7225,-0.2710,0.3000
-0.7200,-0.2710,0.3000
-0.7176,-0.2710,0.3000
-0.7151,-0.2710,0.3000
-0.7126,-0.2710,0.3000
-0.7101,-0.2710,0.3000
-0.7076,-0.2710,0.3000
-0.7051,-0.2710,0.3000
-0.7026,-0.2710,0.3000
-0.7001,-0.2710,0.3000
-0.6976,-0.2710,0.3000
-0.6951,-0.2710,0.3000
-0.6926,-0.2710,0.3000
-0.6901,-0.2710,0.3000
-0.6876,-0.2710,0.3000
-0.6851,-0.2710,0.3000
-0.6826,-0.2710,0.3000
-0.6801,-0.2710,0.3000
-0.6776,-0.2710,0.3000
-0.6751,-0.2710,0.3000
-0.6726,-0.2710,0.3000
-0.6701,-0.2710,0.3000
-0.6677,-0.2710,0.3000
-0.6652,-0.2710,0.3000
-0.6627,-0.2710,0.3000
-0.6602,-0.2710,0.3000
-0.6577,-0.2710,0.3000
-0.6552,-0.2710,0.3000
-0.6527,-0.2710,0.3000
-0.6502,-0.2710,0.3000
-0.6477,-0.2710,0.3000
-0.6452,-0.2710,0.3000
-0.6428,-0.2710,0.3000
-0.6403,-0.2710,0.3000
-0.6378,-0.2710,0.3000
-0.6353,-0.2710,0.3000
-0.6328,-0.2710,0.3000
-0.6303,-0.2710,0.3000
-0.6278,-0.2710,0.3000
-0.6253,-0.2710,0.3000
-0.6228,-0.2710,0.3000
-0.6203,-0.2710,0.3000
-0.6179,-0.2710,0.3000
-0.6154,-0.2710,0.3000
-0.6129,-0.2710,0.3000
-0.6104,-0.2710,0.3000
-0.6079,-0.2710,0.3000
-0.6054,-0.2710,0.3000
-0.6029,-0.2710,0.3000
-0.6004,-0.2710,0.3000
-0.5978,-0.2710,0.3000
-0.5953,-0.2710,0.3000
-0.5928,-0.2710,0.3000
-0.5904,-0.2710,0.3000
-0.5879,-0.2710,0.3000
-0.5854,-0.2710,0.3000
-0.5829,-0.2710,0.3000
-0.5804,-0.2710,0.3000
-0.5779,-0.2710,0.3000
-0.5754,-0.2710,0.3000
-0.5729,-0.2710,0.3000
-0.5704,-0.2710,0.3000
-0.5679,-0.2710,0.3000
-0.5655,-0.2710,0.3000
-0.5630,-0.2710,0.3000
-0.5605,-0.2710,0.3000
-0.5580,-0.2710,0.3000
-0.5555,-0.2710,0.3000
-0.5530,-0.2710,0.3000
-0.5505,-0.2710,0.3000
-0.5480,-0.2710,0.3000
-0.5455,-0.2710,0.3000
-0.5430,-0.2710,0.3000
-0.5406,-0.2710,0.3000
-0.5381,-0.2710,0.3000
-0.5356,-0.2710,0.3000
-0.5331,-0.2710,0.3000
-0.5306,-0.2710,0.3000
-0.5281,-0.2710,0.3000
-0.5256,-0.2710,0.3000
-0.5231,-0.2710,0.3000
-0.5206,-0.2710,0.3000
-0.5181,-0.2710,0.3000
-0.5157,-0.2710,0.3000
-0.5132,-0.2710,0.3000
-0.5107,-0.2710,0.3000
-0.5082,-0.2710,0.3000
-0.5057,-0.2710,0.3000
-0.5031,-0.2710,0.3000
-0.5006,-0.2710,0.3000
-0.4981,-0.2710,0.3000
-0.4956,-0.2710,0.3000
-0.4931,-0.2710,0.3000
-0.4906,-0.2710,0.3000
-0.4882,-0.2710,0.3000
-0.4857,-0.2710,0.3000
-0.4832,-0.2710,0.3000
-0.4807,-0.2710,0.3000
-0.4782,-0.2710,0.3000
-0.4757,-0.2710,0.3000
-0.4732,-0.2710,0.3000
-0.4707,-0.2710,0.3000
-0.4682,-0.2710,0.3000
-0.4657,-0.2710,0.3000
-0.4633,-0.2710,0.3000
-0.4608,-0.2710,0.3000
-0.4583,-0.2710,0.3000
-0.4558,-0.2710,0.3000
-0.4533,-0.2710,0.3000
-0.4508,-0.2710,0.3000
-0.4483,-0.2710,0.3000
-0.4458,-0.2710,0.3000
-0.4433,-0.2710,0.3000
-0.4408,-0.2710,0.3000
-0.4384,-0.2710,0.3000
-0.4359,-0.2710,0.3000
-0.4334,-0.2710,0.3000
-0.4309,-0.2710,0.3000
-0.4284,-0.2710,0.3000
-0.4259,-0.2710,0.3000
-0.4234,-0.2710,0.3000
-0.4209,-0.2710,0.3000
-0.4184,-0.2710,0.3000
-0.4159,-0.2710,0.3000
-0.4135,-0.2710,0.3000
-0.4109,-0.2710,0.3000
-0.4084,-0.2710,0.3000
-0.4059,-0.2710,0.3000
-0.4034,-0.2710,0.3000
-0.4009,-0.2710,0.3000
-0.3984,-0.2710,0.3000
-0.3959,-0.2710,0.3000
-0.3934,-0.2710,0.3000
-0.3909,-0.2710,0.3000
-0.3884,-0.2710,0.3000
-0.3860,-0.2710,0.3000
-0.3835,-0.2710,0.3000
-0.3810,-0.2710,0.3000
-0.3785,-0.2710,0.3000
-0.3760,-0.2710,0.3000
-0.3735,-0.2710,0.3000
-0.3710,-0.2710,0.3000
-0.3685,-0.2710,0.3000
-0.3660,-0.2710,0.3000
-0.3635,-0.2710,0.3000
-0.3611,-0.2710,0.3000
-0.3586,-0.2710,0.3000
-0.3561,-0.2710,0.3000
-0.3536,-0.2710,0.3000
-0.3511,-0.2710,0.3000
-0.3486,-0.2710,0.3000
-0.3461,-0.2710,0.3000
-0.3436,-0.2710,0.3000
-0.3411,-0.2710,0.3000
-0.3386,-0.2710,0.3000
-0.3362,-0.2710,0.3000
-0.3337,-0.2710,0.3000
-0.3312,-0.2710,0.3000
-0.3287,-0.2710,0.3000
-0.3262,-0.2710,0.3000
-0.3237,-0.2710,0.3000
-0.3212,-0.2710,0.3000
-0.3187,-0.2710,0.3000
-0.3162,-0.2710,0.3000
-0.3136,-0.2710,0.3000
-0.3112,-0.2710,0.3000
-0.3087,-0.2710,0.3000
-0.3062,-0.2710,0.3000
-0.3037,-0.2710,0.3000
-0.3012,-0.2710,0.3000
-0.2987,-0.2710,0.3000
-0.2962,-0.2710,0.3000
-0.2937,-0.2710,0.3000
-0.2912,-0.2710,0.3000
-0.2887,-0.2710,0.3000
-0.2863,-0.2710,0.3000
-0.2838,-0.2710,0.3000
-0.2813,-0.2710,0.3000
-0.2788,-0.2710,0.3000
-0.2763,-0.2710,0.3000
-0.2738,-0.2710,0.3000
-0.2713,-0.2710,0.3000
-0.2688,-0.2710,0.3000
-0.2663,-0.2710,0.3000
-0.2638,-0.2710,0.3000
-0.2613,-0.2710,0.3000
-0.2589,-0.2710,0.3000
-0.2564,-0.2710,0.3000
-0.2539,-0.2710,0.3000
-0.2514,-0.2710,0.3000
-0.2489,-0.2710,0.3000
-0.2464,-0.2710,0.3000
-0.2439,-0.2710,0.3000
-0.2414,-0.2710,0.3000
-0.2389,-0.2710,0.3000
-0.2364,-0.2710,0.3000
-0.2340,-0.2710,0.3000
-0.2315,-0.2710,0.3000
-0.2290,-0.2710,0.3000
-0.2265,-0.2710,0.3000
-0.2240,-0.2710,0.3000
-0.2215,-0.2710,0.3000
-0.2189,-0.2710,0.3000
-0.2164,-0.2710,0.3000
-0.2139,-0.2710,0.3000
-0.2114,-0.2710,0.3000
-0.2090,-0.2710,0.3000
-0.2065,-0.2710,0.3000
-0.2040,-0.2710,0.3000
-0.2015,-0.2710,0.3000
-0.1990,-0.2710,0.3000
-0.1965,-0.2710,0.3000
-0.1940,-0.2710,0.3000
-0.1915,-0.2710,0.3000
-0.1890,-0.2710,0.3000
-0.1865,-0.2710,0.3000
-0.1841,-0.2710,0.3000
-0.1816,-0.2710,0.3000
-0.1791,-0.2710,0.3000
-0.1766,-0.2710,0.3000
-0.1741,-0.2710,0.5158
-0.1716,-0.2710,0.5158
-0.1653,-0.2710,0.8819
-0.1615,-0.2710,0.9796
-0.1590,-0.2710,0.9534
-0.1564,-0.2710,0.9280
-0.1539,-0.2710,0.9035
-0.1514,-0.2710,0.8799
-0.1489,-0.2710,0.8572
-0.1464,-0.2710,0.8354
-0.1438,-0.2710,0.8145
-0.1413,-0.2710,0.7945
-0.1388,-0.2710,0.7753
-0.1362,-0.2710,0.7571
-0.1337,-0.2710,0.7398
-0.1312,-0.2710,0.7233
-0.1287,-0.2710,0.7078
-0.1262,-0.2710,0.6932
-0.1237,-0.2710,0.6794
-0.1212,-0.2710,0.6665
-0.1186,-0.2710,0.6546
-0.1161,-0.2710,0.6435
-0.1136,-0.2710,0.6333
-0.1110,-0.2710,0.6240
-0.1085,-0.2710,0.6157
-0.1060,-0.2710,0.6082
-0.1035,-0.2710,0.6016
-0.1010,-0.2710,0.5959
-0.0985,-0.2710,0.5910
-0.0959,-0.2710,0.5871
-0.0934,-0.2710,0.5835
-0.0909,-0.2710,0.5802
-0.0883,-0.2710,0.5770
-0.0858,-0.2710,0.5739
-0.0833,-0.2710,0.5710
-0.0808,-0.2710,0.5683
-0.0782,-0.2710,0.5657
-0.0758,-0.2710,0.5633
-0.0732,-0.2710,0.5610
-0.0707,-0.2710,0.5589
-0.0682,-0.2710,0.5569
-0.0656,-0.2710,0.5551
-0.0631,-0.2710,0.5534
-0.0606,-0.2710,0.5519
-0.0581,-0.2710,0.5505
-0.0555,-0.2710,0.5493
-0.0530,-0.2710,0.5482
-0.0505,-0.2710,0.5473
-0.0480,-0.2710,0.5465
-0.0455,-0.2710,0.5459
-0.0429,-0.2710,0.5455
-0.0404,-0.2710,0.5451
-0.0379,-0.2710,0.5450
-0.0354,-0.2710,0.5450
-0.0328,-0.2710,0.5451
-0.0303,-0.2710,0.5454
-0.0278,-0.2710,0.5459
-0.0252,-0.2710,0.5465
-0.0228,-0.2710,0.5472
-0.0203,-0.2710,0.5481
-0.0177,-0.2710,0.5492
-0.0152,-0.2710,0.5504
-0.0127,-0.2710,0.5517
-0.0102,-0.2710,0.5533
-0.0076,-0.2710,0.5549
-0.0051,-0.2710,0.5567
-0.0026,-0.1346,0.5587
-0.0000,-0.1367,0.5608
0.0024,-0.2710,0.5631
0.0050,-0.2710,0.5655
0.0075,-0.2710,0.5681
0.0100,-0.2710,0.5708
0.0126,-0.2710,0.5737
0.0151,-0.2710,0.5767
0.0176,-0.2710,0.5799
0.0201,-0.2710,0.5832
0.0227,-0.2710,0.5527
0.0240,-0.2710,0.5158
0.0254,-0.2710,0.5158
0.0284,-0.2710,0.3000
0.0314,-0.2710,0.3000
0.0330,-0.2710,0.5158
0.0340,-0.2710,0.5158
0.0364,-0.2710,0.5276
0.0387,-0.2710,0.5275
0.0411,-0.2710,0.5099
0.0436,-0.2710,0.5146
0.0462,-0.2710,0.5189
0.0486,-0.2710,0.5228
0.0512,-0.2710,0.5263
0.0537,-0.2710,0.5293
0.0563,-0.2710,0.5319
0.0588,-0.2710,0.5340
0.0613,-0.2710,0.5357
0.0638,-0.2710,0.5370
0.0664,-0.2710,0.5379
0.0689,-0.2710,0.5383
0.0714,-0.2710,0.5383
0.0740,-0.2710,0.5379
0.0764,-0.2710,0.5370
0.0790,-0.2710,0.5357
0.0815,-0.2710,0.5340
0.0840,-0.2710,0.5319
0.0866,-0.2710,0.5293
0.0891,-0.2710,0.5263
0.0916,-0.2710,0.5228
0.0942,-0.2710,0.5189
0.0967,-0.2710,0.5146
0.0992,-0.2710,0.5099
0.1017,-0.2710,0.5047
0.1043,-0.2710,0.4991
0.1068,-0.2710,0.4931
0.1093,-0.2710,0.4866
0.1118,-0.2710,0.4797
0.1144,-0.2710,0.4724
0.1169,-0.2710,0.4646
0.1194,-0.2710,0.4565
0.1220,-0.2710,0.4478
0.1245,-0.2710,0.4388
0.1270,-0.2710,0.4293
0.1295,-0.2710,0.4194
0.1321,-0.2710,0.4090
0.1346,-0.2710,0.3983
0.1371,-0.2710,0.3871
0.1396,-0.2710,0.3754
0.1422,-0.2710,0.4078
0.1440,-0.2710,0.5158
0.1449,-0.2710,0.5158
0.1482,-0.2710,0.5300
0.1516,-0.2710,0.5556
0.1540,-0.2710,0.5058
0.1547,-0.2710,0.4615
0.1572,-0.2710,0.4185
0.1597,-0.2710,0.4264
0.1623,-0.2710,0.4328
0.1648,-0.2710,0.4378
0.1674,-0.2710,0.4414
0.1699,-0.2710,0.4436
0.1725,-0.2710,0.4443
0.1750,-0.2710,0.4436
0.1776,-0.2710,0.4414
0.1801,-0.2710,0.4378
0.1826,-0.2710,0.4328
0.1852,-0.2710,0.4263
0.1877,-0.2710,0.4184
0.1903,-0.2710,0.4091
0.1928,-0.2710,0.3983
0.1954,-0.2710,0.3861
0.1979,-0.2710,0.3724
0.2005,-0.2710,0.3573
0.2030,-0.2710,0.3408
0.2056,-0.2710,0.3229
0.2081,-0.2710,0.3035
0.2106,-0.2710,0.2826
0.2132,-0.2710,0.2604
0.2157,-0.2710,0.2367
0.2183,-0.2710,0.2115
0.2208,-0.2710,0.1850
0.2234,-0.2710,0.1570
0.2260,-0.2710,0.1275
0.2285,-0.2710,0.0966
0.2310,-0.2710,0.0643
0.2335,-0.2710,0.0306
0.2371,-0.2710,0.0653
0.2460,-0.2710,0.5158
0.2463,-0.2710,0.5158
0.2488,-0.2710,0.3000
0.2513,-0.2710,0.3000
0.2538,-0.2710,0.3000
0.2563,-0.2710,0.3000
0.2587,-0.2710,0.3000
0.2612,-0.2710,0.3000
0.2637,-0.2710,0.3000
0.2662,-0.2710,0.3000
0.2687,-0.2710,0.3000
0.2712,-0.2710,0.3000
0.2737,-0.2710,0.3000
0.2762,-0.2710,0.3000
0.2787,-0.2710,0.3000
0.2812,-0.2710,0.3000
0.2837,-0.2710,0.3000
0.2861,-0.2710,0.3000
0.2886,-0.2710,0.3000
0.2911,-0.2710,0.3000
0.2937,-0.2710,0.3000
0.2962,-0.2710,0.3000
0.2987,-0.2710,0.3000
0.3012,-0.2710,0.3000
0.3037,-0.2710,0.3000
0.3062,-0.2710,0.3000
0.3087,-0.2710,0.3000
0.3111,-0.2710,0.3000
0.3136,-0.2710,0.3000
0.3161,-0.2710,0.3000
0.3186,-0.2710,0.3000
0.3211,-0.2710,0.3000
0.3236,-0.2710,0.3000
0.3261,-0.2710,0.3000
0.3286,-0.2710,0.3000
0.3311,-0.2710,0.3000
0.3336,-0.2710,0.3000
0.3360,-0.2710,0.3000
0.3385,-0.2710,0.3000
0.3410,-0.2710,0.3000
0.3435,-0.2710,0.3000
0.3460,-0.2710,0.3000
0.3485,-0.2710,0.3000
0.3510,-0.2710,0.3000
0.3535,-0.2710,0.3000
0.3560,-0.2710,0.3000
0.3585,-0.2710,0.3000
0.3609,-0.2710,0.3000
0.3634,-0.2710,0.3000
0.3659,-0.2710,0.3000
0.3684,-0.2710,0.3000
0.3709,-0.2710,0.3000
0.3734,-0.2710,0.3000
0.3759,-0.2710,0.3000
0.3784,-0.2710,0.3000
0.3809,-0.2710,0.3000
0.3834,-0.2710,0.3000
0.3859,-0.2710,0.3000
0.3884,-0.2710,0.3000
0.3909,-0.2710,0.3000
0.3934,-0.2710,0.3000
0.3959,-0.2710,0.3000
0.3984,-0.2710,0.3000
0.4009,-0.2710,0.3000
0.4034,-0.2710,0.3000
0.4059,-0.2710,0.3000
0.4084,-0.2710,0.3000
0.4109,-0.2710,0.3000
0.4133,-0.2710,0.3000
0.4158,-0.2710,0.3000
0.4183,-0.2710,0.3000
0.4208,-0.2710,0.3000
0.4233,-0.2710,0.3000
0.4258,-0.2710,0.3000
0.4283,-0.2710,0.3000
0.4308,-0.2710,0.3000
0.4333,-0.2710,0.3000
0.4358,-0.2710,0.3000
0.4382,-0.2710,0.3000
0.4407,-0.2710,0.3000
0.4432,-0.2710,0.3000
0.4457,-0.2710,0.3000
0.4482,-0.2710,0.3000
0.4507,-0.2710,0.3000
0.4532,-0.2710,0.3000
0.4557,-0.2710,0.3000
0.4582,-0.2710,0.3000
0.4607,-0.2710,0.3000
0.4631,-0.2710,0.3000
0.4656,-0.2710,0.3000
0.4681,-0.2710,0.3000
0.4706,-0.2710,0.3000
0.4732,-0.2710,0.3000
0.4757,-0.2710,0.3000
0.4782,-0.2710,0.3000
0.4807,-0.2710,0.3000
0.4832,-0.2710,0.3000
0.4857,-0.2710,0.3000
0.4881,-0.2710,0.3000
0.4906,-0.2710,0.3000
0.4931,-0.2710,0.3000
0.4956,-0.2710,0.3000
0.4981,-0.2710,0.3000
0.5006,-0.2710,0.3000
0.5031,-0.2710,0.3000
0.5056,-0.2710,0.3000
0.5081,-0.2710,0.3000
0.5106,-0.2710,0.3000
0.5131,-0.2710,0.3000
0.5155,-0.2710,0.3000
0.5180,-0.2710,0.3000
0.5205,-0.2710,0.3000
0.5230,-0.2710,0.3000
0.5255,-0.2710,0.3000
0.5280,-0.2710,0.3000
0.5305,-0.2710,0.3000
0.5330,-0.2710,0.3000
0.5355,-0.2710,0.3000
0.5380,-0.2710,0.3000
0.5404,-0.2710,0.3000
0.5429,-0.2710,0.3000
0.5454,-0.2710,0.3000
0.5479,-0.2710,0.3000
0.5504,-0.2710,0.3000
0.5529,-0.2710,0.3000
0.5554,-0.2710,0.3000
0.5579,-0.2710,0.3000
0.5604,-0.2710,0.3000
0.5629,-0.2710,0.3000
0.5654,-0.2710,0.3000
0.5679,-0.2710,0.3000
0.5704,-0.2710,0.3000
0.5729,-0.2710,0.3000
0.5754,-0.2710,0.3000
0.5779,-0.2710,0.3000
0.5804,-0.2710,0.3000
0.5829,-0.2710,0.3000
0.5854,-0.2710,0.3000
0.5879,-0.2710,0.3000
0.5903,-0.2710,0.3000
0.5928,-0.2710,0.3000
0.5953,-0.2710,0.3000
0.5978,-0.2710,0.3000
0.6003,-0.2710,0.3000
0.6028,-0.2710,0.3000
0.6053,-0.2710,0.3000
0.6078,-0.2710,0.3000
0.6103,-0.2710,0.3000
0.6128,-0.2710,0.3000
0.6153,-0.2710,0.3000
0.6177,-0.2710,0.3000
0.6202,-0.2710,0.3000
0.6227,-0.2710,0.3000
0.6252,-0.2710,0.3000
0.6277,-0.2710,0.3000
0.6302,-0.2710,0.3000
0.6327,-0.2710,0.3000
0.6352,-0.2710,0.3000
0.6377,-0.2710,0.3000
0.6402,-0.2710,0.3000
0.6426,-0.2710,0.3000
0.6451,-0.2710,0.3000
0.6476,-0.2710,0.3000
0.6501,-0.2710,0.3000
0.6527,-0.2710,0.3000
0.6552,-0.2710,0.3000
0.6577,-0.2710,0.3000
0.6602,-0.2710,0.3000
0.6627,-0.2710,0.3000
0.6652,-0.2710,0.3000
0.6676,-0.2710,0.3000
0.6701,-0.2710,0.3000
0.6726,-0.2710,0.3000
0.6751,-0.2710,0.3000
0.6776,-0.2710,0.3000
0.6801,-0.2710,0.3000
0.6826,-0.2710,0.3000
0.6851,-0.2710,0.3000
0.6876,-0.2710,0.3000
0.6901,-0.2710,0.3000
0.6925,-0.2710,0.3000
0.6950,-0.2710,0.3000
0.6975,-0.2710,0.3000
0.7000,-0.2710,0.3000
0.7025,-0.2710,0.3000
0.7050,-0.2710,0.3000
0.7075,-0.2710,0.3000
0.7100,-0.2710,0.3000
0.7125,-0.2710,0.3000
0.7150,-0.2710,0.3000
0.7174,-0.2710,0.3000
0.7199,-0.2710,0.3000
0.7224,-0.2710,0.3000
0.7249,-0.2710,0.3000
0.7274,-0.2710,0.3000
0.7299,-0.2710,0.3000
0.7324,-0.2710,0.3000
0.7349,-0.2710,0.3000
0.7374,-0.2710,0.3000
0.7399,-0.2710,0.3000
0.7424,-0.2710,0.3000
0.7449,-0.2710,0.3000
0.7474,-0.2710,0.3000
0.7499,-0.2710,0.3000
0.7524,-0.2710,0.3000
0.7549,-0.2710,0.3000
0.7574,-0.2710,0.3000
0.7599,-0.2710,0.3000
0.7624,-0.2710,0.3000
0.7649,-0.2710,0.3000
0.7674,-0.2710,0.3000
0.7698,-0.2710,0.3000
0.7723,-0.2710,0.3000
0.7748,-0.2710,0.3000
0.7773,-0.2710,0.3000
0.7798,-0.2710,0.3000
0.7823,-0.2710,0.3000
0.7848,-0.2710,0.3000
0.7873,-0.2710,0.3000
0.7898,-0.2710,0.3000
0.7923,-0.2710,0.3000
0.7947,-0.2710,0.3000
0.7972,-0.2710,0.3000
0.7997,-0.2710,0.3000
0.8022,-0.2710,0.3000
0.8047,-0.2710,0.3000
0.8072,-0.2710,0.3000
0.8097,-0.2710,0.3000
0.8122,-0.2710,0.3000
0.8147,-0.2710,0.3000
0.8172,-0.2710,0.3000
0.8196,-0.2710,0.3000
0.8221,-0.2710,0.3000
0.8246,-0.2710,0.3000
0.8271,-0.2710,0.3000
0.8296,-0.2710,0.3000
0.8321,-0.2710,0.3000
0.8347,-0.2710,0.3000
0.8372,-0.2710,0.3000
0.8397,-0.2710,0.3000
0.8422,-0.2710,0.3000
0.8447,-0.2710,0.3000
0.8471,-0.2710,0.3000
0.8496,-0.2710,0.3000
0.8521,-0.2710,0.3000
0.8546,-0.2710,0.3000
0.8571,-0.2710,0.3000
0.8596,-0.2710,0.3000
0.8621,-0.2710,0.3000
0.8646,-0.2710,0.3000
0.8671,-0.2710,0.3000
0.8696,-0.2710,0.3000
0.8720,-0.2710,0.3000
0.8745,-0.2710,0.3000
0.8770,-0.2710,0.3000
0.8795,-0.2710,0.3000
0.8820,-0.2710,0.3000
0.8845,-0.2710,0.3000
0.8870,-0.2710,0.3000
0.8895,-0.2710,0.3000
0.8920,-0.2710,0.3000
0.8945,-0.2710,0.3000
0.8969,-0.2710,0.3000
0.8994,-0.2710,0.3000
0.9019,-0.2710,0.3000
0.9044,-0.2710,0.3000
0.9069,-0.2710,0.3000
0.9094,-0.2710,0.3000
0.9119,-0.2710,0.3000
0.9144,-0.2710,0.3000
0.9169,-0.2710,0.3000
0.9194,-0.2710,0.3000
0.9219,-0.2710,0.3000
0.9244,-0.2710,0.3000
0.9269,-0.2710,0.3000
0.9294,-0.2710,0.3000
0.9319,-0.2710,0.3000
0.9344,-0.2710,0.3000
0.9369,-0.2710,0.3000
0.9394,-0.2710,0.3000
0.9419,-0.2710,0.3000
0.9444,-0.2710,0.3000
0.9469,-0.2710,0.3000
0.9493,-0.2710,0.3000
0.9518,-0.2710,0.3000
0.9543,-0.2710,0.3000
0.9568,-0.2710,0.3000
0.9593,-0.2710,0.3000
0.9618,-0.2710,0.3000
0.9643,-0.2710,0.3000
0.9668,-0.2710,0.3000
0.9693,-0.2710,0.3000
0.9718,-0.2710,0.3000
0.9742,-0.2710,0.3000
0.9767,-0.2710,0.3000
0.9792,-0.2710,0.3000
0.9817,-0.2710,0.3000
0.9842,-0.2710,0.3000
0.9867,-0.2710,0.3000
0.9892,-0.2710,0.3000
0.9917,-0.2710,0.3000
0.9942,-0.2710,0.3000
0.9967,-0.2710,0.3000
0.9991,-0.2710,0.3000
1.0016,-0.2710,0.3000
1.0041,-0.2710,0.3000
1.0066,-0.2710,0.3000
1.0091,-0.2710,0.3000
1.0116,-0.2710,0.3000
1.0142,-0.2710,0.3000
1.0167,-0.2710,0.3000
1.0192,-0.2710,0.3000
1.0217,-0.2710,0.3000
1.0241,-0.2710,0.3000
1.0266,-0.2710,0.3000
1.0291,-0.2710,0.3000
1.0316,-0.2710,0.3000
1.0341,-0.2710,0.3000
1.0366,-0.2710,0.3000
1.0391,-0.2710,0.3000
1.0416,-0.2710,0.3000
1.0441,-0.2710,0.3000
1.0466,-0.2710,0.3000
1.0491,-0.2710,0.3000
1.0515,-0.2710,0.3000
1.0540,-0.2710,0.3000
1.0565,-0.2710,0.3000
1.0590,-0.2710,0.3000
1.0615,-0.2710,0.3000
1.0640,-0.2710,0.3000
1.0665,-0.2710,0.3000
1.0690,-0.2710,0.3000
1.0715,-0.2710,0.3000
1.0740,-0.2710,0.3000
1.0764,-0.2710,0.3000
1.0789,-0.2710,0.3000
1.0814,-0.2710,0.3000
1.0839,-0.2710,0.3000
1.0864,-0.2710,0.3000
1.0889,-0.2710,0.3000
1.0914,-0.2710,0.3000
1.0939,-0.2710,0.3000
1.0964,-0.2710,0.3000
1.0989,-0.2710,0.3000
1.1013,-0.2710,0.3000
1.1039,-0.2710,0.3000
1.1064,-0.2710,0.3000
1.1089,-0.2710,0.3000
1.1114,-0.2710,0.3000
1.1139,-0.2710,0.3000
1.1164,-0.2710,0.3000
1.1189,-0.2710,0.3000
1.1214,-0.2710,0.3000
1.1239,-0.2710,0.3000
1.1263,-0.2710,0.3000
1.1288,-0.2710,0.3000
1.1313,-0.2710,0.3000
1.1338,-0.2710,0.3000
1.1363,-0.2710,0.3000
1.1388,-0.2710,0.3000
1.1413,-0.2710,0.3000
1.1438,-0.2710,0.3000
1.1463,-0.2710,0.3000
1.1488,-0.2710,0.3000
1.1512,-0.2710,0.3000
1.1537,-0.2710,0.3000
1.1562,-0.2710,0.3000
1.1587,-0.2710,0.3000
1.1612,-0.2710,0.3000
1.1637,-0.2710,0.3000
1.1662,-0.2710,0.3000
1.1687,-0.2710,0.3000
1.1712,-0.2710,0.3000
1.1737,-0.2710,0.3000
1.1762,-0.2710,0.3000
1.1786,-0.2710,0.3000
1.1811,-0.2710,0.3000
1.1836,-0.2710,0.3000
1.1861,-0.2710,0.3000
1.1886,-0.2710,0.3000
1.1911,-0.2710,0.3000
1.1936,-0.2710,0.3000
1.1962,-0.2710,0.3000
1.1987,-0.2710,0.3000
1.2012,-0.2710,0.3000
1.2036,-0.2710,0.3000
1.2061,-0.2710,0.3000
1.2086,-0.2710,0.3000
1.2111,-0.2710,0.3000
1.2136,-0.2710,0.3000
1.2161,-0.2710,0.3000
1.2186,-0.2710,0.3000
1.2211,-0.2710,0.3000
1.2236,-0.2710,0.3000
1.2261,-0.2710,0.3000
1.2285,-0.2710,0.3000
1.2310,-0.2710,0.3000
1.2335,-0.2710,0.3000
1.2360,-0.2710,0.3000
1.2385,-0.2710,0.3000
1.2410,-0.2710,0.3000
1.2435,-0.2710,0.3000
1.2460,-0.2710,0.3000
1.2485,-0.2710,0.3000
1.2510,-0.2710,0.3000
1.2534,-0.2710,0.3000
1.2559,-0.2710,0.3000
1.2584,-0.2710,0.3000
1.2609,-0.2710,0.3000
1.2634,-0.2710,0.3000
1.2659,-0.2710,0.3000
1.2684,-0.2710,0.3000
1.2709,-0.2710,0.3000
1.2734,-0.2710,0.3000
1.2759,-0.2710,0.3000
1.2784,-0.2710,0.3000
1.2808,-0.2710,0.3000
1.2834,-0.2710,0.3000
1.2859,-0.2710,0.3000
1.2884,-0.2710,0.3000
1.2909,-0.2710,0.3000
1.2934,-0.2710,0.3000
1.2959,-0.2710,0.3000
1.2984,-0.2710,0.3000
1.3009,-0.2710,0.3000
1.3034,-0.2710,0.3000
1.3058,-0.2710,0.3000
1.3083,-0.2710,0.3000
1.3108,-0.2710,0.3000
1.3133,-0.2710,0.3000
1.3158,-0.2710,0.3000
1.3183,-0.2710,0.3000
1.3208,-0.2710,0.3000
1.3233,-0.2710,0.3000
1.3258,-0.2710,0.3000
1.3283,-0.2710,0.3000
1.3307,-0.2710,0.3000
1.3332,-0.2710,0.3000
1.3357,-0.2710,0.3000
1.3382,-0.2710,0.3000
1.3407,-0.2710,0.3000
1.3432,-0.2710,0.3000
1.3457,-0.2710,0.3000
1.3482,-0.2710,0.3000
1.3507,-0.2710,0.3000
1.3532,-0.2710,0.3000
1.3556,-0.2710,0.3000
1.3581,-0.2710,0.3000
1.3606,-0.2710,0.3000
1.3631,-0.2710,0.3000
1.3656,-0.2710,0.3000
1.3681,-0.2710,0.3000
1.3706,-0.2710,0.3000
1.3731,-0.2710,0.3000
1.3757,-0.2710,0.3000
1.3782,-0.2710,0.3000
1.3807,-0.2710,0.3000
1.3831,-0.2710,0.3000
1.3856,-0.2710,0.3000
1.3881,-0.2710,0.3000
1.3906,-0.2710,0.3000
1.3931,-0.2710,0.3000
1.3956,-0.2710,0.3000
1.3981,-0.2710,0.3000
1.4006,-0.2710,0.3000
1.4031,-0.2710,0.3000
1.4056,-0.2710,0.3000
1.4080,-0.2710,0.3000
1.4105,-0.2710,0.3000
1.4130,-0.2710,0.3000
1.4155,-0.2710,0.3000
1.4180,-0.2710,0.3000
1.4205,-0.2710,0.3000
1.4230,-0.2710,0.3000
1.4255,-0.2710,0.3000
1.4280,-0.2710,0.3000
1.4305,-0.2710,0.3000
1.4329,-0.2710,0.3000
1.4354,-0.2710,0.3000
1.4379,-0.2710,0.3000
1.4404,-0.2710,0.3000
1.4429,-0.2710,0.3000
1.4454,-0.2710,0.3000
1.4479,-0.2710,0.3000
1.4504,-0.2710,0.3000
1.4529,-0.2710,0.3000
1.4554,-0.2710,0.3000
1.4578,-0.2710,0.3000
1.4603,-0.2710,0.3000
1.4628,-0.2710,0.3000
1.4654,-0.2710,0.3000
1.4679,-0.2710,0.3000
1.4704,-0.2710,0.3000
1.4729,-0.2710,0.3000
1.4754,-0.2710,0.3000
1.4779,-0.2710,0.3000
1.4804,-0.2710,0.3000
1.4828,-0.2710,0.3000
1.4853,-0.2710,0.3000
1.4878,-0.2710,0.3000
1.4903,-0.2710,0.3000
1.4928,-0.2710,0.3000
1.4953,-0.2710,0.3000
1.4978,-0.2710,0.3000
1.5003,-0.2710,0.3000
1.5028,-0.2710,0.3000
1.5053,-0.2710,0.3000
1.5078,-0.2710,0.3000
1.5102,-0.2710,0.3000
1.5127,-0.2710,0.3000
1.5152,-0.2710,0.3000
1.5177,-0.2710,0.3000
1.5202,-0.2710,0.3000
1.5227,-0.2710,0.3000
1.5252,-0.2710,0.3000
1.5277,-0.2710,0.3000
1.5302,-0.2710,0.3000
1.5327,-0.2710,0.3000
1.5351,-0.2710,0.3000
1.5376,-0.2710,0.3000
1.5401,-0.2710,0.3000
1.5426,-0.2710,0.3000
1.5451,-0.2710,0.3000
1.5476,-0.2710,0.3000
1.5501,-0.2710,0.3000
1.5526,-0.2710,0.3000
1.5552,-0.2710,0.3000
1.5577,-0.2710,0.3000
1.5601,-0.2710,0.3000
1.5626,-0.2710,0.3000
1.5651,-0.2710,0.3000
1.5676,-0.2710,0.3000
1.5701,-0.2710,0.3000
1.5726,-0.2710,0.3000
1.5751,-0.2710,0.3000
1.5776,-0.2710,0.3000
1.5801,-0.2710,0.3000
1.5826,-0.2710,0.3000
1.5850,-0.2710,0.3000
1.5875,-0.2710,0.3000
1.5900,-0.2710,0.3000
1.5925,-0.2710,0.3000
1.5950,-0.2710,0.3000
1.5975,-0.2710,0.3000
