-1.6000,0.1130,0.3000
-1.5975,0.1130,0.3000
-1.5950,0.1130,0.3000
-1.5925,0.1130,0.3000
-1.5901,0.1130,0.3000
-1.5876,0.1130,0.3000
-1.5851,0.1130,0.3000
-1.5826,0.1130,0.3000
-1.5801,0.1130,0.3000
-1.5776,0.1130,0.3000
-1.5750,0.1130,0.3000
-1.5726,0.1130,0.3000
-1.5701,0.1130,0.3000
-1.5676,0.1130,0.3000
-1.5651,0.1130,0.3000
-1.5626,0.1130,0.3000
-1.5601,0.1130,0.3000
-1.5576,0.1130,0.3000
-1.5551,0.1130,0.3000
-1.5527,0.1130,0.3000
-1.5502,0.1130,0.3000
-1.5477,0.1130,0.3000
-1.5452,0.1130,0.3000
-1.5427,0.1130,0.3000
-1.5402,0.1130,0.3000
-1.5377,0.1130,0.3000
-1.5353,0.1130,0.3000
-1.5328,0.1130,0.3000
-1.5303,0.1130,0.3000
-1.5278,0.1130,0.3000
-1.5252,0.1130,0.3000
-1.5227,0.1130,0.3000
-1.5202,0.1130,0.3000
-1.5178,0.1130,0.3000
-1.5153,0.1130,0.3000
-1.5128,0.1130,0.3000
-1.5103,0.1130,0.3000
-1.5078,0.1130,0.3000
-1.5053,0.1130,0.3000
-1.5028,0.1130,0.3000
-1.5003,0.1130,0.3000
-1.4979,0.1130,0.3000
-1.4954,0.1130,0.3000
-1.4929,0.1130,0.3000
-1.4904,0.1130,0.3000
-1.4879,0.1130,0.3000
-1.4854,0.1130,0.3000
-1.4829,0.1130,0.3000
-1.4805,0.1130,0.3000
-1.4780,0.1130,0.3000
-1.4754,0.1130,0.3000
-1.4729,0.1130,0.3000
-1.4704,0.1130,0.3000
-1.4679,0.1130,0.3000
-1.4654,0.1130,0.3000
-1.4630,0.1130,0.3000
-1.4605,0.1130,0.3000
-1.4580,0.1130,0.3000
-1.4555,0.1130,0.3000
-1.4530,0.1130,0.3000
-1.4505,0.1130,0.3000
-1.4480,0.1130,0.3000
-1.4455,0.1130,0.3000
-1.4431,0.1130,0.3000
-1.4406,0.1130,0.3000
-1.4381,0.1130,0.3000
-1.4356,0.1130,0.3000
-1.4331,0.1130,0.3000
-1.4306,0.1130,0.3000
-1.4281,0.1130,0.3000
-1.4256,0.1130,0.3000
-1.4231,0.1130,0.3000
-1.4206,0.1130,0.3000
-1.4181,0.1130,0.3000
-1.4156,0.1130,0.3000
-1.4131,0.1130,0.3000
-1.4106,0.1130,0.3000
-1.4082,0.1130,0.3000
-1.4057,0.1130,0.3000
-1.4032,0.1130,0.3000
-1.4007,0.1130,0.3000
-1.3982,0.1130,0.3000
-1.3957,0.1130,0.3000
-1.3932,0.1130,0.3000
-1.3907,0.1130,0.3000
-1.3883,0.1130,0.3000
-1.3858,0.1130,0.3000
-1.3833,0.1130,0.3000
-1.3808,0.1130,0.3000
-1.3783,0.1130,0.3000
-1.3758,0.1130,0.3000
-1.3732,0.1130,0.3000
-1.3708,0.1130,0.3000
-1.3683,0.1130,0.3000
-1.3658,0.1130,0.3000
-1.3633,0.1130,0.3000
-1.3608,0.1130,0.3000
-1.3583,0.1130,0.3000
-1.3558,0.1130,0.3000
-1.3534,0.1130,0.3000
-1.3509,0.1130,0.3000
-1.3484,0.1130,0.3000
-1.3459,0.1130,0.3000
-1.3434,0.1130,0.3000
-1.3409,0.1130,0.3000
-1.3384,0.1130,0.3000
-1.3360,0.1130,0.3000
-1.3335,0.1130,0.3000
-1.3310,0.1130,0.3000
-1.3285,0.1130,0.3000
-1.3260,0.1130,0.3000
-1.3234,0.1130,0.3000
-1.3209,0.1130,0.3000
-1.3184,0.1130,0.3000
-1.3160,0.1130,0.3000
-1.3135,0.1130,0.3000
-1.3110,0.1130,0.3000
-1.3085,0.1130,0.3000
-1.3060,0.1130,0.3000
-1.3035,0.1130,0.3000
-1.3010,0.1130,0.3000
-1.2986,0.1130,0.3000
-1.2961,0.1130,0.3000
-1.2936,0.1130,0.3000
-1.2911,0.1130,0.3000
-1.2886,0.1130,0.3000
-1.2861,0.1130,0.3000
-1.2836,0.1130,0.3000
-1.2812,0.1130,0.3000
-1.2787,0.1130,0.3000
-1.2761,0.1130,0.3000
-1.2736,0.1130,0.3000
-1.2711,0.1130,0.3000
-1.2686,0.1130,0.3000
-1.2661,0.1130,0.3000
-1.2636,0.1130,0.3000
-1.2612,0.1130,0.3000
-1.2587,0.1130,0.3000
-1.2562,0.1130,0.3000
-1.2537,0.1130,0.3000
-1.2512,0.1130,0.3000
-1.2487,0.1130,0.3000
-1.2462,0.1130,0.3000
-1.2438,0.1130,0.3000
-1.2413,0.1130,0.3000
-1.2388,0.1130,0.3000
-1.2363,0.1130,0.3000
-1.2338,0.1130,0.3000
-1.2313,0.1130,0.3000
-1.2288,0.1130,0.3000
-1.2263,0.1130,0.3000
-1.2238,0.1130,0.3000
-1.2213,0.1130,0.3000
-1.2188,0.1130,0.3000
-1.2163,0.1130,0.3000
-1.2138,0.1130,0.3000
-1.2113,0.1130,0.3000
-1.2088,0.1130,0.3000
-1.2064,0.1130,0.3000
-1.2039,0.1130,0.3000
-1.2014,0.1130,0.3000
-1.1989,0.1130,0.3000
-1.1964,0.1130,0.3000
-1.1939,0.1130,0.3000
-1.1914,0.1130,0.3000
-1.1890,0.1130,0.3000
-1.1865,0.1130,0.3000
-1.1840,0.1130,0.3000
-1.1815,0.1130,0.3000
-1.1790,0.1130,0.3000
-1.1765,0.1130,0.3000
-1.1739,0.1130,0.3000
-1.1715,0.1130,0.3000
-1.1690,0.1130,0.3000
-1.1665,0.1130,0.3000
-1.1640,0.1130,0.3000
-1.1615,0.1130,0.3000
-1.1590,0.1130,0.3000
-1.1565,0.1130,0.3000
-1.1540,0.1130,0.3000
-1.1516,0.1130,0.3000
-1.1491,0.1130,0.3000
-1.1466,0.1130,0.3000
-1.1441,0.1130,0.3000
-1.1416,0.1130,0.3000
-1.1391,0.1130,0.3000
-1.1366,0.1130,0.3000
-1.1342,0.1130,0.3000
-1.1317,0.1130,0.3000
-1.1292,0.1130,0.3000
-1.1267,0.1130,0.3000
-1.1241,0.1130,0.3000
-1.1216,0.1130,0.3000
-1.1191,0.1130,0.3000
-1.1167,0.1130,0.3000
-1.1142,0.1130,0.3000
-1.1117,0.1130,0.3000
-1.1092,0.1130,0.3000
-1.1067,0.1130,0.3000
-1.1042,0.1130,0.3000
-1.1017,0.1130,0.3000
-1.0993,0.1130,0.3000
-1.0968,0.1130,0.3000
-1.0943,0.1130,0.3000
-1.0918,0.1130,0.3000
-1.0893,0.1130,0.3000
-1.0868,0.1130,0.3000
-1.0843,0.1130,0.3000
-1.0818,0.1130,0.3000
-1.0794,0.1130,0.3000
-1.0769,0.1130,0.3000
-1.0743,0.1130,0.3000
-1.0718,0.1130,0.3000
-1.0693,0.1130,0.3000
-1.0668,0.1130,0.3000
-1.0643,0.1130,0.3000
-1.0619,0.1130,0.3000
-1.0594,0.1130,0.3000
-1.0569,0.1130,0.3000
-1.0544,0.1130,0.3000
-1.0519,0.1130,0.3000
-1.0494,0.1130,0.3000
-1.0469,0.1130,0.3000
-1.0445,0.1130,0.3000
-1.0420,0.1130,0.3000
-1.0395,0.1130,0.3000
-1.0370,0.1130,0.3000
-1.0345,0.1130,0.3000
-1.0320,0.1130,0.3000
-1.0295,0.1130,0.3000
-1.0270,0.1130,0.3000
-1.0245,0.1130,0.3000
-1.0220,0.1130,0.3000
-1.0195,0.1130,0.3000
-1.0170,0.1130,0.3000
-1.0145,0.1130,0.3000
-1.0120,0.1130,0.3000
-1.0095,0.1130,0.3000
-1.0071,0.1130,0.3000
-1.0046,0.1130,0.3000
-1.0021,0.1130,0.3000
-0.9996,0.1130,0.3000
-0.9971,0.1130,0.3000
-0.9946,0.1130,0.3000
-0.9921,0.1130,0.3000
-0.9897,0.1130,0.3000
-0.9872,0.1130,0.3000
-0.9847,0.1130,0.3000
-0.9822,0.1130,0.3000
-0.9797,0.1130,0.3000
-0.9772,0.1130,0.3000
-0.9747,0.1130,0.3000
-0.9721,0.1130,0.3000
-0.9697,0.1130,0.3000
-0.9672,0.1130,0.3000
-0.9647,0.1130,0.3000
-0.9622,0.1130,0.3000
-0.9597,0.1130,0.3000
-0.9572,0.1130,0.3000
-0.9547,0.1130,0.3000
-0.9523,0.1130,0.3000
-0.9498,0.1130,0.3000
-0.9473,0.1130,0.3000
-0.9448,0.1130,0.3000
-0.9423,0.1130,0.3000
-0.9398,0.1130,0.3000
-0.9373,0.1130,0.3000
-0.9349,0.1130,0.3000
-0.9324,0.1130,0.3000
-0.9299,0.1130,0.3000
-0.9274,0.1130,0.3000
-0.9249,0.1130,0.3000
-0.9223,0.1130,0.3000
-0.9198,0.1130,0.3000
-0.9173,0.1130,0.3000
-0.9149,0.1130,0.3000
-0.9124,0.1130,0.3000
-0.9099,0.1130,0.3000
-0.9074,0.1130,0.3000
-0.9049,0.1130,0.3000
-0.9024,0.1130,0.3000
-0.8999,0.1130,0.3000
-0.8975,0.1130,0.3000
-0.8950,0.1130,0.3000
-0.8925,0.1130,0.3000
-0.8900,0.1130,0.3000
-0.8875,0.1130,0.3000
-0.8850,0.1130,0.3000
-0.8825,0.1130,0.3000
-0.8801,0.1130,0.3000
-0.8776,0.1130,0.3000
-0.8750,0.1130,0.3000
-0.8725,0.1130,0.3000
-0.8700,0.1130,0.3000
-0.8675,0.1130,0.3000
-0.8650,0.1130,0.3000
-0.8626,0.1130,0.3000
-0.8601,0.1130,0.3000
-0.8576,0.1130,0.3000
-0.8551,0.1130,0.3000
-0.8526,0.1130,0.3000
-0.8501,0.1130,0.3000
-0.8476,0.1130,0.3000
-0.8451,0.1130,0.3000
-0.8427,0.1130,0.3000
-0.8402,0.1130,0.3000
-0.8377,0.1130,0.3000
-0.8352,0.1130,0.3000
-0.8327,0.1130,0.3000
-0.8302,0.1130,0.3000
-0.8277,0.1130,0.3000
-0.8252,0.1130,0.3000
-0.8227,0.1130,0.3000
-0.8202,0.1130,0.3000
-0.8177,0.1130,0.3000
-0.8152,0.1130,0.3000
-0.8127,0.1130,0.3000
-0.8102,0.1130,0.3000
-0.8078,0.1130,0.3000
-0.8053,0.1130,0.3000
-0.8028,0.1130,0.3000
-0.8003,0.1130,0.3000
-0.7978,0.1130,0.3000
-0.7953,0.1130,0.3000
-0.7928,0.1130,0.3000
-0.7903,0.1130,0.3000
-0.7879,0.1130,0.3000
-0.7854,0.1130,0.3000
-0.7829,0.1130,0.3000
-0.7804,0.1130,0.3000
-0.7779,0.1130,0.3000
-0.7753,0.1130,0.3000
-0.7728,0.1130,0.3000
-0.7704,0.1130,0.3000
-0.7679,0.1130,0.3000
-0.7654,0.1130,0.3000
-0.7629,0.1130,0.3000
-0.7604,0.1130,0.3000
-0.7579,0.1130,0.3000
-0.7554,0.1130,0.3000
-0.7530,0.1130,0.3000
-0.7505,0.1130,0.3000
-0.7480,0.1130,0.3000
-0.7455,0.1130,0.3000
-0.7430,0.1130,0.3000
-0.7405,0.1130,0.3000
-0.7380,0.1130,0.3000
-0.7355,0.1130,0.3000
-0.7331,0.1130,0.3000
-0.7306,0.1130,0.3000
-0.7281,0.1130,0.3000
-0.7255,0.1130,0.3000
-0.7230,0.1130,0.3000
-0.7205,0.1130,0.3000
-0.7180,0.1130,0.3000
-0.7156,0.1130,0.3000
-0.7131,0.1130,0.3000
-0.7106,0.1130,0.3000
-0.7081,0.1130,0.3000
-0.7056,0.1130,0.3000
-0.7031,0.1130,0.3000
-0.7006,0.1130,0.3000
-0.6982,0.1130,0.3000
-0.6957,0.1130,0.3000
-0.6932,0.1130,0.3000
-0.6907,0.1130,0.3000
-0.6882,0.1130,0.3000
-0.6857,0.1130,0.3000
-0.6832,0.1130,0.3000
-0.6807,0.1130,0.3000
-0.6783,0.1130,0.3000
-0.6757,0.1130,0.3000
-0.6732,0.1130,0.3000
-0.6707,0.1130,0.3000
-0.6682,0.1130,0.3000
-0.6657,0.1130,0.3000
-0.6632,0.1130,0.3000
-0.6608,0.1130,0.3000
-0.6583,0.1130,0.3000
-0.6558,0.1130,0.3000
-0.6533,0.1130,0.3000
-0.6508,0.1130,0.3000
-0.6483,0.1130,0.3000
-0.6458,0.1130,0.3000
-0.6434,0.1130,0.3000
-0.6409,0.1130,0.3000
-0.6384,0.1130,0.3000
-0.6359,0.1130,0.3000
-0.6334,0.1130,0.3000
-0.6309,0.1130,0.3000
-0.6284,0.1130,0.3000
-0.6259,0.1130,0.3000
-0.6234,0.1130,0.3000
-0.6209,0.1130,0.3000
-0.6184,0.1130,0.3000
-0.6159,0.1130,0.3000
-0.6134,0.1130,0.3000
-0.6109,0.1130,0.3000
-0.6084,0.1130,0.3000
-0.6060,0.1130,0.3000
-0.6035,0.1130,0.3000
-0.6010,0.1130,0.3000
-0.5985,0.1130,0.3000
-0.5960,0.1130,0.3000
-0.5935,0.1130,0.3000
-0.5910,0.1130,0.3000
-0.5886,0.1130,0.3000
-0.5861,0.1130,0.3000
-0.5836,0.1130,0.3000
-0.5811,0.1130,0.3000
-0.5786,0.1130,0.3000
-0.5760,0.1130,0.3000
-0.5735,0.1130,0.3000
-0.5711,0.1130,0.3000
-0.5686,0.1130,0.3000
-0.5661,0.1130,0.3000
-0.5636,0.1130,0.3000
-0.5611,0.1130,0.3000
-0.5586,0.1130,0.3000
-0.5561,0.1130,0.3000
-0.5536,0.1130,0.3000
-0.5512,0.1130,0.3000
-0.5487,0.1130,0.3000
-0.5462,0.1130,0.3000
-0.5437,0.1130,0.3000
-0.5412,0.1130,0.3000
-0.5387,0.1130,0.3000
-0.5362,0.1130,0.3000
-0.5338,0.1130,0.3000
-0.5313,0.1130,0.3000
-0.5288,0.1130,0.3000
-0.5262,0.1130,0.3000
-0.5237,0.1130,0.3000
-0.5212,0.1130,0.3000
-0.5187,0.1130,0.3000
-0.5163,0.1130,0.3000
-0.5138,0.1130,0.3000
-0.5113,0.1130,0.3000
-0.5088,0.1130,0.3000
-0.5063,0.1130,0.3000
-0.5038,0.1130,0.3000
-0.5013,0.1130,0.3000
-0.4988,0.1130,0.3000
-0.4964,0.1130,0.3000
-0.4939,0.1130,0.3000
-0.4914,0.1130,0.3000
-0.4889,0.1130,0.3000
-0.4864,0.1130,0.3000
-0.4839,0.1130,0.3000
-0.4814,0.1130,0.3000
-0.4790,0.1130,0.3000
-0.4764,0.1130,0.3000
-0.4739,0.1130,0.3000
-0.4714,0.1130,0.3000
-0.4689,0.1130,0.3000
-0.4664,0.1130,0.3000
-0.4639,0.1130,0.3000
-0.4615,0.1130,0.3000
-0.4590,0.1130,0.3000
-0.4565,0.1130,0.3000
-0.4540,0.1130,0.3000
-0.4515,0.1130,0.3000
-0.4490,0.1130,0.3000
-0.4465,0.1130,0.3000
-0.4440,0.1130,0.3000
-0.4416,0.1130,0.3000
-0.4391,0.1130,0.3000
-0.4366,0.1130,0.3000
-0.4341,0.1130,0.3000
-0.4316,0.1130,0.3000
-0.4291,0.1130,0.3000
-0.4266,0.1130,0.3000
-0.4241,0.1130,0.3000
-0.4216,0.1130,0.3000
-0.4191,0.1130,0.3000
-0.4166,0.1130,0.3000
-0.4141,0.1130,0.3000
-0.4116,0.1130,0.3000
-0.4091,0.1130,0.3000
-0.4067,0.1130,0.3000
-0.4042,0.1130,0.3000
-0.4017,0.1130,0.3000
-0.3992,0.1130,0.3000
-0.3967,0.1130,0.3000
-0.3942,0.1130,0.3000
-0.3917,0.1130,0.3000
-0.3892,0.1130,0.3000
-0.3868,0.1130,0.3000
-0.3843,0.1130,0.3000
-0.3818,0.1130,0.3000
-0.3793,0.1130,0.3000
-0.3768,0.1130,0.3000
-0.3742,0.1130,0.3000
-0.3717,0.1130,0.3000
-0.3693,0.1130,0.3000
-0.3668,0.1130,0.3000
-0.3643,0.1130,0.3000
-0.3618,0.1130,0.3000
-0.3593,0.1130,0.3000
-0.3568,0.1130,0.3000
-0.3543,0.1130,0.3000
-0.3519,0.1130,0.3000
-0.3494,0.1130,0.3000
-0.3469,0.1130,0.3000
-0.3444,0.1130,0.3000
-0.3419,0.1130,0.3000
-0.3394,0.1130,0.3000
-0.3369,0.1130,0.3000
-0.3345,0.1130,0.3000
-0.3320,0.1130,0.3000
-0.3295,0.1130,0.3000
-0.3270,0.1130,0.3000
-0.3244,0.1130,0.3000
-0.3219,0.1130,0.3000
-0.3194,0.1130,0.3000
-0.3169,0.1130,0.3000
-0.3145,0.1130,0.3000
-0.3120,0.1130,0.3000
-0.3095,0.1130,0.3000
-0.3070,0.1130,0.3000
-0.3045,0.1130,0.3000
-0.3020,0.1130,0.3000
-0.2995,0.1130,0.3000
-0.2971,0.1130,0.3000
-0.2946,0.1130,0.3000
-0.2921,0.1130,0.3000
-0.2896,0.1130,0.3000
-0.2871,0.1130,0.3000
-0.2846,0.1130,0.3000
-0.2821,0.1130,0.3000
-0.2797,0.1130,0.3000
-0.2772,0.1130,0.3000
-0.2746,0.1130,0.3000
-0.2721,0.1130,0.3000
-0.2696,0.1130,0.3000
-0.2671,0.1130,0.3000
-0.2646,0.1130,0.3000
-0.2621,0.1130,0.3000
-0.2597,0.1130,0.3000
-0.2572,0.1130,0.3000
-0.2547,0.1130,0.3000
-0.2522,0.1130,0.3000
-0.2497,0.1130,0.3000
-0.2472,0.1130,0.3000
-0.2447,0.1130,0.3000
-0.2423,0.1130,0.3000
-0.2398,0.1130,0.3000
-0.2373,0.1130,0.3000
-0.2348,0.1130,0.3000
-0.2323,0.1130,0.3000
-0.2298,0.1130,0.3000
-0.2273,0.1130,0.3000
-0.2248,0.1130,0.3000
-0.2223,0.1130,0.3000
-0.2198,0.1130,0.3000
-0.2173,0.1130,0.3000
-0.2148,0.1130,0.3000
-0.2123,0.1130,0.3000
-0.2098,0.1130,0.3000
-0.2073,0.1130,0.3000
-0.2049,0.1130,0.3000
-0.2024,0.1130,0.3000
-0.1999,0.1130,0.3000
-0.1974,0.1130,0.3000
-0.1949,0.1130,0.3000
-0.1924,0.1130,0.3000
-0.1899,0.1130,0.3000
-0.1875,0.1130,0.3000
-0.1850,0.1130,0.3000
-0.1825,0.1130,0.3000
-0.1800,0.1130,0.3000
-0.1775,0.1130,0.3000
-0.1749,0.1130,0.3000
-0.1724,0.1130,0.3000
-0.1700,0.1130,0.3000
-0.1675,0.1130,0.3000
-0.1650,0.1130,0.3000
-0.1625,0.1130,0.3000
-0.1600,0.1130,0.3000
-0.1575,0.1130,0.3000
-0.1550,0.1130,0.3000
-0.1525,0.1130,0.3000
-0.1501,0.1130,0.3000
-0.1476,0.1130,0.3000
-0.1451,0.1130,0.3000
-0.1426,0.1130,0.3000
-0.1401,0.1130,0.3000
-0.1376,0.1130,0.3000
-0.1351,0.1130,0.3000
-0.1327,0.1130,0.3000
-0.1302,0.1130,0.3000
-0.1277,0.1130,0.3000
-0.1251,0.1130,0.3000
-0.1226,0.1130,0.3000
-0.1201,0.1130,0.3000
-0.1176,0.1130,0.3000
-0.1152,0.1130,0.3000
-0.1127,0.1130,0.3000
-0.1102,0.1130,0.3000
-0.1077,0.1130,0.3000
-0.1052,0.1130,0.5037
-0.1027,0.1130,0.5037
-0.1020,0.1130,0.5194
-0.1002,0.1130,0.5242
-0.0976,0.1130,0.5218
-0.0950,0.1130,0.5196
-0.0924,0.1130,0.5175
-0.0899,0.1130,0.5156
-0.0874,0.1130,0.5139
-0.0848,0.1130,0.5123
-0.0822,0.1130,0.5108
-0.0796,0.1130,0.5096
-0.0770,0.1130,0.5085
-0.0744,0.1130,0.5075
-0.0718,0.1130,0.5067
-0.0693,0.1130,0.5061
-0.0668,0.1130,0.5057
-0.0642,0.1130,0.5054
-0.0616,0.1130,0.5052
-0.0590,0.1130,0.5050
-0.0564,0.1130,0.5047
-0.0538,0.1130,0.5043
-0.0513,0.1130,0.5038
-0.0487,0.1130,0.5031
-0.0461,0.1130,0.5024
-0.0436,0.1130,0.5015
-0.0410,0.1130,0.5005
-0.0384,0.1130,0.4995
-0.0358,0.1130,0.4983
-0.0333,0.1130,0.4970
-0.0307,0.1130,0.4955
-0.0281,0.1130,0.4940
-0.0255,0.1130,0.4924
-0.0230,0.1130,0.4906
-0.0204,0.1130,0.4887
-0.0178,0.1130,0.4867
-0.0153,0.1130,0.4951
-0.0140,0.1130,0.5037
-0.0126,0.1130,0.3000
-0.0098,0.1130,0.3000
-0.0071,0.1130,0.3000
-0.0043,0.1130,0.3000
-0.0015,0.0580,0.3000
0.0012,0.0543,0.3000
0.0040,0.1130,0.3000
0.0067,0.1130,0.5037
0.0095,0.1130,0.5037
0.0110,0.1130,0.5270
0.0121,0.1130,0.5491
0.0147,0.1130,0.5360
0.0172,0.1130,0.5210
0.0197,0.1130,0.5085
0.0223,0.1130,0.5037
0.0248,0.1130,0.5051
0.0274,0.1130,0.5081
0.0298,0.1130,0.5113
0.0324,0.1130,0.5120
0.0349,0.1130,0.5062
0.0374,0.1130,0.4931
0.0400,0.1130,0.4866
0.0425,0.1130,0.5155
0.0451,0.1130,0.5229
0.0476,0.1130,0.3454
0.0501,0.1130,0.1826
0.0545,0.1130,0.3550
0.0611,0.1130,0.6214
0.0653,0.1130,0.5913
0.0679,0.1130,0.2844
0.0704,0.1130,0.5289
0.0737,0.1130,0.5491
0.0780,0.1130,0.7803
0.0805,0.1130,0.9183
0.0830,0.1130,0.5087
0.0856,0.1130,0.2524
0.0881,0.1130,0.6696
0.0906,0.1130,0.3916
0.0932,0.1130,0.5003
0.0957,0.1130,0.5901
0.0982,0.1130,0.3124
0.1007,0.1130,0.4815
0.1033,0.1130,0.5696
0.1058,0.1130,0.6013
0.1084,0.1130,0.5244
0.1109,0.1130,0.4765
0.1134,0.1130,0.4131
0.1159,0.1130,0.6264
0.1184,0.1130,0.3741
0.1222,0.1130,0.6529
0.1285,0.1130,0.5037
0.1307,0.1130,0.5037
0.1330,0.1130,0.5055
0.1353,0.1130,0.5091
0.1376,0.1130,0.4995
0.1401,0.1130,0.5010
0.1426,0.1130,0.5022
0.1452,0.1130,0.5031
0.1478,0.1130,0.5038
0.1504,0.1130,0.5043
0.1529,0.1130,0.5045
0.1555,0.1130,0.5044
0.1580,0.1130,0.5041
0.1605,0.1130,0.5035
0.1631,0.1130,0.5027
0.1657,0.1130,0.5017
0.1683,0.1130,0.5004
0.1708,0.1130,0.4988
0.1734,0.1130,0.4970
0.1759,0.1130,0.4949
0.1784,0.1130,0.4926
0.1810,0.1130,0.4901
0.1836,0.1130,0.4873
0.1862,0.1130,0.4842
0.1887,0.1130,0.4836
0.1910,0.1130,0.5037
0.1912,0.1130,0.5037
0.1938,0.1130,0.3000
0.1964,0.1130,0.3000
0.1990,0.1130,0.3000
0.2016,0.1130,0.3000
0.2041,0.1130,0.3000
0.2067,0.1130,0.3000
0.2092,0.1130,0.3000
0.2118,0.1130,0.3000
0.2144,0.1130,0.3000
0.2170,0.1130,0.3000
0.2196,0.1130,0.3000
0.2222,0.1130,0.3000
0.2247,0.1130,0.3000
0.2272,0.1130,0.5037
0.2298,0.1130,0.5039
0.2324,0.1130,0.5265
0.2350,0.1130,0.5037
0.2350,0.1130,0.5409
0.2376,0.1130,0.5171
0.2402,0.1130,0.5156
0.2427,0.1130,0.5144
0.2452,0.1130,0.5132
0.2478,0.1130,0.5121
0.2504,0.1130,0.5109
0.2530,0.1130,0.5098
0.2556,0.1130,0.5088
0.2582,0.1130,0.5077
0.2607,0.1130,0.5067
0.2632,0.1130,0.5057
0.2658,0.1130,0.5048
0.2684,0.1130,0.5038
0.2710,0.1130,0.5029
0.2736,0.1130,0.5021
0.2762,0.1130,0.5012
0.2787,0.1130,0.5004
0.2813,0.1130,0.4996
0.2838,0.1130,0.4989
0.2864,0.1130,0.4981
0.2890,0.1130,0.4974
0.2916,0.1130,0.4967
0.2942,0.1130,0.4961
0.2967,0.1130,0.4955
0.2993,0.1130,0.4949
0.3018,0.1130,0.4943
0.3044,0.1130,0.4938
0.3070,0.1130,0.4933
0.3096,0.1130,0.5019
0.3100,0.1130,0.5037
0.3121,0.1130,0.3000
0.3145,0.1130,0.3000
0.3170,0.1130,0.3000
0.3195,0.1130,0.3000
0.3220,0.1130,0.3000
0.3245,0.1130,0.3000
0.3270,0.1130,0.3000
0.3295,0.1130,0.3000
0.3320,0.1130,0.3000
0.3344,0.1130,0.3000
0.3370,0.1130,0.3000
0.3395,0.1130,0.3000
0.3420,0.1130,0.3000
0.3445,0.1130,0.3000
0.3470,0.1130,0.3000
0.3495,0.1130,0.3000
0.3519,0.1130,0.3000
0.3544,0.1130,0.3000
0.3569,0.1130,0.3000
0.3594,0.1130,0.3000
0.3619,0.1130,0.3000
0.3644,0.1130,0.3000
0.3669,0.1130,0.3000
0.3693,0.1130,0.3000
0.3718,0.1130,0.3000
0.3743,0.1130,0.3000
0.3768,0.1130,0.3000
0.3793,0.1130,0.3000
0.3818,0.1130,0.3000
0.3843,0.1130,0.3000
0.3868,0.1130,0.3000
0.3893,0.1130,0.3000
0.3918,0.1130,0.3000
0.3943,0.1130,0.3000
0.3968,0.1130,0.3000
0.3993,0.1130,0.3000
0.4018,0.1130,0.3000
0.4043,0.1130,0.3000
0.4067,0.1130,0.3000
0.4092,0.1130,0.3000
0.4117,0.1130,0.3000
0.4142,0.1130,0.3000
0.4167,0.1130,0.3000
0.4192,0.1130,0.3000
0.4217,0.1130,0.3000
0.4241,0.1130,0.3000
0.4266,0.1130,0.3000
0.4291,0.1130,0.3000
0.4316,0.1130,0.3000
0.4341,0.1130,0.3000
0.4366,0.1130,0.3000
0.4391,0.1130,0.3000
0.4416,0.1130,0.3000
0.4441,0.1130,0.3000
0.4466,0.1130,0.3000
0.4491,0.1130,0.3000
0.4516,0.1130,0.3000
0.4541,0.1130,0.3000
0.4566,0.1130,0.3000
0.4591,0.1130,0.3000
0.4615,0.1130,0.3000
0.4640,0.1130,0.3000
0.4665,0.1130,0.3000
0.4690,0.1130,0.3000
0.4715,0.1130,0.3000
0.4740,0.1130,0.3000
0.4765,0.1130,0.3000
0.4789,0.1130,0.3000
0.4814,0.1130,0.3000
0.4839,0.1130,0.3000
0.4864,0.1130,0.3000
0.4889,0.1130,0.3000
0.4914,0.1130,0.3000
0.4940,0.1130,0.3000
0.4964,0.1130,0.3000
0.4989,0.1130,0.3000
0.5014,0.1130,0.3000
0.5039,0.1130,0.3000
0.5064,0.1130,0.3000
0.5089,0.1130,0.3000
0.5114,0.1130,0.3000
0.5139,0.1130,0.3000
0.5163,0.1130,0.3000
0.5188,0.1130,0.3000
0.5213,0.1130,0.3000
0.5238,0.1130,0.3000
0.5263,0.1130,0.3000
0.5288,0.1130,0.3000
0.5313,0.1130,0.3000
0.5337,0.1130,0.3000
0.5362,0.1130,0.3000
0.5387,0.1130,0.3000
0.5412,0.1130,0.3000
0.5438,0.1130,0.3000
0.5463,0.1130,0.3000
0.5488,0.1130,0.3000
0.5512,0.1130,0.3000
0.5537,0.1130,0.3000
0.5562,0.1130,0.3000
0.5587,0.1130,0.3000
0.5612,0.1130,0.3000
0.5637,0.1130,0.3000
0.5662,0.1130,0.3000
0.5687,0.1130,0.3000
0.5711,0.1130,0.3000
0.5736,0.1130,0.3000
0.5761,0.1130,0.3000
0.5786,0.1130,0.3000
0.5811,0.1130,0.3000
0.5836,0.1130,0.3000
0.5861,0.1130,0.3000
0.5885,0.1130,0.3000
0.5910,0.1130,0.3000
0.5935,0.1130,0.3000
0.5961,0.1130,0.3000
0.5986,0.1130,0.3000
0.6011,0.1130,0.3000
0.6036,0.1130,0.3000
0.6060,0.1130,0.3000
0.6085,0.1130,0.3000
0.6110,0.1130,0.3000
0.6135,0.1130,0.3000
0.6160,0.1130,0.3000
0.6185,0.1130,0.3000
0.6210,0.1130,0.3000
0.6234,0.1130,0.3000
0.6259,0.1130,0.3000
0.6284,0.1130,0.3000
0.6309,0.1130,0.3000
0.6334,0.1130,0.3000
0.6359,0.1130,0.3000
0.6384,0.1130,0.3000
0.6409,0.1130,0.3000
0.6434,0.1130,0.3000
0.6459,0.1130,0.3000
0.6484,0.1130,0.3000
0.6509,0.1130,0.3000
0.6534,0.1130,0.3000
0.6559,0.1130,0.3000
0.6584,0.1130,0.3000
0.6608,0.1130,0.3000
0.6633,0.1130,0.3000
0.6658,0.1130,0.3000
0.6683,0.1130,0.3000
0.6708,0.1130,0.3000
0.6733,0.1130,0.3000
0.6758,0.1130,0.3000
0.6782,0.1130,0.3000
0.6807,0.1130,0.3000
0.6832,0.1130,0.3000
0.6857,0.1130,0.3000
0.6882,0.1130,0.3000
0.6907,0.1130,0.3000
0.6932,0.1130,0.3000
0.6957,0.1130,0.3000
0.6982,0.1130,0.3000
0.7007,0.1130,0.3000
0.7032,0.1130,0.3000
0.7057,0.1130,0.3000
0.7082,0.1130,0.3000
0.7107,0.1130,0.3000
0.7132,0.1130,0.3000
0.7156,0.1130,0.3000
0.7181,0.1130,0.3000
0.7206,0.1130,0.3000
0.7231,0.1130,0.3000
0.7256,0.1130,0.3000
0.7281,0.1130,0.3000
0.7306,0.1130,0.3000
0.7330,0.1130,0.3000
0.7355,0.1130,0.3000
0.7380,0.1130,0.3000
0.7405,0.1130,0.3000
0.7430,0.1130,0.3000
0.7455,0.1130,0.3000
0.7480,0.1130,0.3000
0.7505,0.1130,0.3000
0.7530,0.1130,0.3000
0.7555,0.1130,0.3000
0.7580,0.1130,0.3000
0.7605,0.1130,0.3000
0.7630,0.1130,0.3000
0.7655,0.1130,0.3000
0.7680,0.1130,0.3000
0.7704,0.1130,0.3000
0.7729,0.1130,0.3000
0.7754,0.1130,0.3000
0.7779,0.1130,0.3000
0.7804,0.1130,0.3000
0.7829,0.1130,0.3000
0.7854,0.1130,0.3000
0.7878,0.1130,0.3000
0.7903,0.1130,0.3000
0.7928,0.1130,0.3000
0.7953,0.1130,0.3000
0.7978,0.1130,0.3000
0.8004,0.1130,0.3000
0.8029,0.1130,0.3000
0.8054,0.1130,0.3000
0.8078,0.1130,0.3000
0.8103,0.1130,0.3000
0.8128,0.1130,0.3000
0.8153,0.1130,0.3000
0.8178,0.1130,0.3000
0.8203,0.1130,0.3000
0.8228,0.1130,0.3000
0.8252,0.1130,0.3000
0.8277,0.1130,0.3000
0.8302,0.1130,0.3000
0.8327,0.1130,0.3000
0.8352,0.1130,0.3000
0.8377,0.1130,0.3000
0.8402,0.1130,0.3000
0.8426,0.1130,0.3000
0.8451,0.1130,0.3000
0.8476,0.1130,0.3000
0.8501,0.1130,0.3000
0.8527,0.1130,0.3000
0.8552,0.1130,0.3000
0.8577,0.1130,0.3000
0.8602,0.1130,0.3000
0.8626,0.1130,0.3000
0.8651,0.1130,0.3000
0.8676,0.1130,0.3000
0.8701,0.1130,0.3000
0.8726,0.1130,0.3000
0.8751,0.1130,0.3000
0.8776,0.1130,0.3000
0.8800,0.1130,0.3000
0.8825,0.1130,0.3000
0.8850,0.1130,0.3000
0.8875,0.1130,0.3000
0.8900,0.1130,0.3000
0.8925,0.1130,0.3000
0.8950,0.1130,0.3000
0.8974,0.1130,0.3000
0.8999,0.1130,0.3000
0.9025,0.1130,0.3000
0.9050,0.1130,0.3000
0.9075,0.1130,0.3000
0.9100,0.1130,0.3000
0.9125,0.1130,0.3000
0.9149,0.1130,0.3000
0.9174,0.1130,0.3000
0.9199,0.1130,0.3000
0.9224,0.1130,0.3000
0.9249,0.1130,0.3000
0.9274,0.1130,0.3000
0.9299,0.1130,0.3000
0.9324,0.1130,0.3000
0.9348,0.1130,0.3000
0.9373,0.1130,0.3000
0.9398,0.1130,0.3000
0.9423,0.1130,0.3000
0.9448,0.1130,0.3000
0.9473,0.1130,0.3000
0.9498,0.1130,0.3000
0.9522,0.1130,0.3000
0.9548,0.1130,0.3000
0.9573,0.1130,0.3000
0.9598,0.1130,0.3000
0.9623,0.1130,0.3000
0.9648,0.1130,0.3000
0.9673,0.1130,0.3000
0.9697,0.1130,0.3000
0.9722,0.1130,0.3000
0.9747,0.1130,0.3000
0.9772,0.1130,0.3000
0.9797,0.1130,0.3000
0.9822,0.1130,0.3000
0.9847,0.1130,0.3000
0.9872,0.1130,0.3000
0.9896,0.1130,0.3000
0.9921,0.1130,0.3000
0.9946,0.1130,0.3000
0.9971,0.1130,0.3000
0.9996,0.1130,0.3000
1.0021,0.1130,0.3000
1.0046,0.1130,0.3000
1.0071,0.1130,0.3000
1.0096,0.1130,0.3000
1.0121,0.1130,0.3000
1.0146,0.1130,0.3000
1.0171,0.1130,0.3000
1.0196,0.1130,0.3000
1.0221,0.1130,0.3000
1.0245,0.1130,0.3000
1.0270,0.1130,0.3000
1.0295,0.1130,0.3000
1.0320,0.1130,0.3000
1.0345,0.1130,0.3000
1.0370,0.1130,0.3000
1.0395,0.1130,0.3000
1.0420,0.1130,0.3000
1.0444,0.1130,0.3000
1.0469,0.1130,0.3000
1.0494,0.1130,0.3000
1.0519,0.1130,0.3000
1.0544,0.1130,0.3000
1.0569,0.1130,0.3000
1.0595,0.1130,0.3000
1.0619,0.1130,0.3000
1.0644,0.1130,0.3000
1.0669,0.1130,0.3000
1.0694,0.1130,0.3000
1.0719,0.1130,0.3000
1.0744,0.1130,0.3000
1.0769,0.1130,0.3000
1.0793,0.1130,0.3000
1.0818,0.1130,0.3000
1.0843,0.1130,0.3000
1.0868,0.1130,0.3000
1.0893,0.1130,0.3000
1.0918,0.1130,0.3000
1.0943,0.1130,0.3000
1.0968,0.1130,0.3000
1.0992,0.1130,0.3000
1.1017,0.1130,0.3000
1.1042,0.1130,0.3000
1.1067,0.1130,0.3000
1.1092,0.1130,0.3000
1.1118,0.1130,0.3000
1.1143,0.1130,0.3000
1.1167,0.1130,0.3000
1.1192,0.1130,0.3000
1.1217,0.1130,0.3000
1.1242,0.1130,0.3000
1.1267,0.1130,0.3000
1.1292,0.1130,0.3000
1.1317,0.1130,0.3000
1.1341,0.1130,0.3000
1.1366,0.1130,0.3000
1.1391,0.1130,0.3000
1.1416,0.1130,0.3000
1.1441,0.1130,0.3000
1.1466,0.1130,0.3000
1.1491,0.1130,0.3000
1.1515,0.1130,0.3000
1.1540,0.1130,0.3000
1.1565,0.1130,0.3000
1.1590,0.1130,0.3000
1.1616,0.1130,0.3000
1.1641,0.1130,0.3000
1.1666,0.1130,0.3000
1.1691,0.1130,0.3000
1.1715,0.1130,0.3000
1.1740,0.1130,0.3000
1.1765,0.1130,0.3000
1.1790,0.1130,0.3000
1.1815,0.1130,0.3000
1.1840,0.1130,0.3000
1.1865,0.1130,0.3000
1.1889,0.1130,0.3000
1.1914,0.1130,0.3000
1.1939,0.1130,0.3000
1.1964,0.1130,0.3000
1.1989,0.1130,0.3000
1.2014,0.1130,0.3000
1.2039,0.1130,0.3000
1.2063,0.1130,0.3000
1.2088,0.1130,0.3000
1.2113,0.1130,0.3000
1.2139,0.1130,0.3000
1.2164,0.1130,0.3000
1.2189,0.1130,0.3000
1.2214,0.1130,0.3000
1.2239,0.1130,0.3000
1.2263,0.1130,0.3000
1.2288,0.1130,0.3000
1.2313,0.1130,0.3000
1.2338,0.1130,0.3000
1.2363,0.1130,0.3000
1.2388,0.1130,0.3000
1.2413,0.1130,0.3000
1.2437,0.1130,0.3000
1.2462,0.1130,0.3000
1.2487,0.1130,0.3000
1.2512,0.1130,0.3000
1.2537,0.1130,0.3000
1.2562,0.1130,0.3000
1.2587,0.1130,0.3000
1.2611,0.1130,0.3000
1.2636,0.1130,0.3000
1.2662,0.1130,0.3000
1.2687,0.1130,0.3000
1.2712,0.1130,0.3000
1.2737,0.1130,0.3000
1.2762,0.1130,0.3000
1.2787,0.1130,0.3000
1.2811,0.1130,0.3000
1.2836,0.1130,0.3000
1.2861,0.1130,0.3000
1.2886,0.1130,0.3000
1.2911,0.1130,0.3000
1.2936,0.1130,0.3000
1.2961,0.1130,0.3000
1.2985,0.1130,0.3000
1.3010,0.1130,0.3000
1.3035,0.1130,0.3000
1.3060,0.1130,0.3000
1.3085,0.1130,0.3000
1.3110,0.1130,0.3000
1.3135,0.1130,0.3000
1.3160,0.1130,0.3000
1.3185,0.1130,0.3000
1.3210,0.1130,0.3000
1.3235,0.1130,0.3000
1.3260,0.1130,0.3000
1.3285,0.1130,0.3000
1.3310,0.1130,0.3000
1.3335,0.1130,0.3000
1.3359,0.1130,0.3000
1.3384,0.1130,0.3000
1.3409,0.1130,0.3000
1.3434,0.1130,0.3000
1.3459,0.1130,0.3000
1.3484,0.1130,0.3000
1.3509,0.1130,0.3000
1.3533,0.1130,0.3000
1.3558,0.1130,0.3000
1.3583,0.1130,0.3000
1.3608,0.1130,0.3000
1.3633,0.1130,0.3000
1.3658,0.1130,0.3000
1.3683,0.1130,0.3000
1.3708,0.1130,0.3000
1.3733,0.1130,0.3000
1.3758,0.1130,0.3000
1.3783,0.1130,0.3000
1.3808,0.1130,0.3000
1.3833,0.1130,0.3000
1.3858,0.1130,0.3000
1.3882,0.1130,0.3000
1.3907,0.1130,0.3000
1.3932,0.1130,0.3000
1.3957,0.1130,0.3000
1.3982,0.1130,0.3000
1.4007,0.1130,0.3000
1.4032,0.1130,0.3000
1.4057,0.1130,0.3000
1.4081,0.1130,0.3000
1.4106,0.1130,0.3000
1.4131,0.1130,0.3000
1.4156,0.1130,0.3000
1.4181,0.1130,0.3000
1.4207,0.1130,0.3000
1.4232,0.1130,0.3000
1.4256,0.1130,0.3000
1.4281,0.1130,0.3000
1.4306,0.1130,0.3000
1.4331,0.1130,0.3000
1.4356,0.1130,0.3000
1.4381,0.1130,0.3000
1.4406,0.1130,0.3000
1.4430,0.1130,0.3000
1.4455,0.1130,0.3000
1.4480,0.1130,0.3000
1.4505,0.1130,0.3000
1.4530,0.1130,0.3000
1.4555,0.1130,0.3000
1.4580,0.1130,0.3000
1.4605,0.1130,0.3000
1.4629,0.1130,0.3000
1.4654,0.1130,0.3000
1.4679,0.1130,0.3000
1.4704,0.1130,0.3000
1.4730,0.1130,0.3000
1.4755,0.1130,0.3000
1.4780,0.1130,0.3000
1.4804,0.1130,0.3000
1.4829,0.1130,0.3000
1.4854,0.1130,0.3000
1.4879,0.1130,0.3000
1.4904,0.1130,0.3000
1.4929,0.1130,0.3000
1.4954,0.1130,0.3000
1.4978,0.1130,0.3000
1.5003,0.1130,0.3000
1.5028,0.1130,0.3000
1.5053,0.1130,0.3000
1.5078,0.1130,0.3000
1.5103,0.1130,0.3000
1.5128,0.1130,0.3000
1.5153,0.1130,0.3000
1.5177,0.1130,0.3000
1.5202,0.1130,0.3000
1.5227,0.1130,0.3000
1.5253,0.1130,0.3000
1.5278,0.1130,0.3000
1.5303,0.1130,0.3000
1.5328,0.1130,0.3000
1.5352,0.1130,0.3000
1.5377,0.1130,0.3000
1.5402,0.1130,0.3000
1.5427,0.1130,0.3000
1.5452,0.1130,0.3000
1.5477,0.1130,0.3000
1.5502,0.1130,0.3000
1.5526,0.1130,0.3000
1.5551,0.1130,0.3000
1.5576,0.1130,0.3000
1.5601,0.1130,0.3000
1.5626,0.1130,0.3000
1.5651,0.1130,0.3000
1.5676,0.1130,0.3000
1.5701,0.1130,0.3000
1.5725,0.1130,0.3000
1.5751,0.1130,0.3000
1.5776,0.1130,0.3000
1.5801,0.1130,0.3000
1.5826,0.1130,0.3000
1.5851,0.1130,0.3000
1.5876,0.1130,0.3000
1.5900,0.1130,0.3000
1.5925,0.1130,0.3000
1.5950,0.1130,0.3000
1.5975,0.1130,0.3000
