-1.6000,-0.2310,0.3000
-1.5975,-0.2310,0.3000
-1.5950,-0.2310,0.3000
-1.5925,-0.2310,0.3000
-1.5900,-0.2310,0.3000
-1.5876,-0.2310,0.3000
-1.5851,-0.2310,0.3000
-1.5826,-0.2310,0.3000
-1.5801,-0.2310,0.3000
-1.5776,-0.2310,0.3000
-1.5751,-0.2310,0.3000
-1.5726,-0.2310,0.3000
-1.5701,-0.2310,0.3000
-1.5677,-0.2310,0.3000
-1.5651,-0.2310,0.3000
-1.5626,-0.2310,0.3000
-1.5601,-0.2310,0.3000
-1.5576,-0.2310,0.3000
-1.5551,-0.2310,0.3000
-1.5526,-0.2310,0.3000
-1.5501,-0.2310,0.3000
-1.5476,-0.2310,0.3000
-1.5452,-0.2310,0.3000
-1.5427,-0.2310,0.3000
-1.5402,-0.2310,0.3000
-1.5377,-0.2310,0.3000
-1.5352,-0.2310,0.3000
-1.5327,-0.2310,0.3000
-1.5302,-0.2310,0.3000
-1.5277,-0.2310,0.3000
-1.5253,-0.2310,0.3000
-1.5228,-0.2310,0.3000
-1.5203,-0.2310,0.3000
-1.5178,-0.2310,0.3000
-1.5153,-0.2310,0.3000
-1.5128,-0.2310,0.3000
-1.5103,-0.2310,0.3000
-1.5078,-0.2310,0.3000
-1.5053,-0.2310,0.3000
-1.5029,-0.2310,0.3000
-1.5004,-0.2310,0.3000
-1.4979,-0.2310,0.3000
-1.4953,-0.2310,0.3000
-1.4928,-0.2310,0.3000
-1.4903,-0.2310,0.3000
-1.4878,-0.2310,0.3000
-1.4853,-0.2310,0.3000
-1.4829,-0.2310,0.3000
-1.4804,-0.2310,0.3000
-1.4779,-0.2310,0.3000
-1.4754,-0.2310,0.3000
-1.4729,-0.2310,0.3000
-1.4704,-0.2310,0.3000
-1.4679,-0.2310,0.3000
-1.4654,-0.2310,0.3000
-1.4629,-0.2310,0.3000
-1.4605,-0.2310,0.3000
-1.4580,-0.2310,0.3000
-1.4555,-0.2310,0.3000
-1.4530,-0.2310,0.3000
-1.4505,-0.2310,0.3000
-1.4480,-0.2310,0.3000
-1.4455,-0.2310,0.3000
-1.4430,-0.2310,0.3000
-1.4406,-0.2310,0.3000
-1.4381,-0.2310,0.3000
-1.4356,-0.2310,0.3000
-1.4331,-0.2310,0.3000
-1.4306,-0.2310,0.3000
-1.4281,-0.2310,0.3000
-1.4256,-0.2310,0.3000
-1.4230,-0.2310,0.3000
-1.4205,-0.2310,0.3000
-1.4181,-0.2310,0.3000
-1.4156,-0.2310,0.3000
-1.4131,-0.2310,0.3000
-1.4106,-0.2310,0.3000
-1.4081,-0.2310,0.3000
-1.4056,-0.2310,0.3000
-1.4031,-0.2310,0.3000
-1.4006,-0.2310,0.3000
-1.3981,-0.2310,0.3000
-1.3957,-0.2310,0.3000
-1.3932,-0.2310,0.3000
-1.3907,-0.2310,0.3000
-1.3882,-0.2310,0.3000
-1.3857,-0.2310,0.3000
-1.3832,-0.2310,0.3000
-1.3807,-0.2310,0.3000
-1.3782,-0.2310,0.3000
-1.3758,-0.2310,0.3000
-1.3733,-0.2310,0.3000
-1.3708,-0.2310,0.3000
-1.3683,-0.2310,0.3000
-1.3658,-0.2310,0.3000
-1.3633,-0.2310,0.3000
-1.3608,-0.2310,0.3000
-1.3583,-0.2310,0.3000
-1.3558,-0.2310,0.3000
-1.3533,-0.2310,0.3000
-1.3508,-0.2310,0.3000
-1.3483,-0.2310,0.3000
-1.3458,-0.2310,0.3000
-1.3433,-0.2310,0.3000
-1.3408,-0.2310,0.3000
-1.3383,-0.2310,0.3000
-1.3358,-0.2310,0.3000
-1.3334,-0.2310,0.3000
-1.3309,-0.2310,0.3000
-1.3284,-0.2310,0.3000
-1.3259,-0.2310,0.3000
-1.3234,-0.2310,0.3000
-1.3209,-0.2310,0.3000
-1.3184,-0.2310,0.3000
-1.3159,-0.2310,0.3000
-1.3134,-0.2310,0.3000
-1.3110,-0.2310,0.3000
-1.3085,-0.2310,0.3000
-1.3060,-0.2310,0.3000
-1.3035,-0.2310,0.3000
-1.3010,-0.2310,0.3000
-1.2985,-0.2310,0.3000
-1.2960,-0.2310,0.3000
-1.2935,-0.2310,0.3000
-1.2911,-0.2310,0.3000
-1.2886,-0.2310,0.3000
-1.2860,-0.2310,0.3000
-1.2835,-0.2310,0.3000
-1.2810,-0.2310,0.3000
-1.2785,-0.2310,0.3000
-1.2760,-0.2310,0.3000
-1.2735,-0.2310,0.3000
-1.2710,-0.2310,0.3000
-1.2686,-0.2310,0.3000
-1.2661,-0.2310,0.3000
-1.2636,-0.2310,0.3000
-1.2611,-0.2310,0.3000
-1.2586,-0.2310,0.3000
-1.2561,-0.2310,0.3000
-1.2536,-0.2310,0.3000
-1.2511,-0.2310,0.3000
-1.2487,-0.2310,0.3000
-1.2462,-0.2310,0.3000
-1.2437,-0.2310,0.3000
-1.2412,-0.2310,0.3000
-1.2387,-0.2310,0.3000
-1.2362,-0.2310,0.3000
-1.2337,-0.2310,0.3000
-1.2312,-0.2310,0.3000
-1.2287,-0.2310,0.3000
-1.2263,-0.2310,0.3000
-1.2238,-0.2310,0.3000
-1.2213,-0.2310,0.3000
-1.2188,-0.2310,0.3000
-1.2163,-0.2310,0.3000
-1.2137,-0.2310,0.3000
-1.2112,-0.2310,0.3000
-1.2087,-0.2310,0.3000
-1.2063,-0.2310,0.3000
-1.2038,-0.2310,0.3000
-1.2013,-0.2310,0.3000
-1.1988,-0.2310,0.3000
-1.1963,-0.2310,0.3000
-1.1938,-0.2310,0.3000
-1.1913,-0.2310,0.3000
-1.1888,-0.2310,0.3000
-1.1863,-0.2310,0.3000
-1.1839,-0.2310,0.3000
-1.1814,-0.2310,0.3000
-1.1789,-0.2310,0.3000
-1.1764,-0.2310,0.3000
-1.1739,-0.2310,0.3000
-1.1714,-0.2310,0.3000
-1.1689,-0.2310,0.3000
-1.1664,-0.2310,0.3000
-1.1640,-0.2310,0.3000
-1.1615,-0.2310,0.3000
-1.1590,-0.2310,0.3000
-1.1565,-0.2310,0.3000
-1.1540,-0.2310,0.3000
-1.1515,-0.2310,0.3000
-1.1490,-0.2310,0.3000
-1.1465,-0.2310,0.3000
-1.1439,-0.2310,0.3000
-1.1415,-0.2310,0.3000
-1.1390,-0.2310,0.3000
-1.1365,-0.2310,0.3000
-1.1340,-0.2310,0.3000
-1.1315,-0.2310,0.3000
-1.1290,-0.2310,0.3000
-1.1265,-0.2310,0.3000
-1.1240,-0.2310,0.3000
-1.1216,-0.2310,0.3000
-1.1191,-0.2310,0.3000
-1.1166,-0.2310,0.3000
-1.1141,-0.2310,0.3000
-1.1116,-0.2310,0.3000
-1.1091,-0.2310,0.3000
-1.1066,-0.2310,0.3000
-1.1041,-0.2310,0.3000
-1.1016,-0.2310,0.3000
-1.0992,-0.2310,0.3000
-1.0967,-0.2310,0.3000
-1.0942,-0.2310,0.3000
-1.0917,-0.2310,0.3000
-1.0892,-0.2310,0.3000
-1.0867,-0.2310,0.3000
-1.0842,-0.2310,0.3000
-1.0817,-0.2310,0.3000
-1.0793,-0.2310,0.3000
-1.0768,-0.2310,0.3000
-1.0742,-0.2310,0.3000
-1.0717,-0.2310,0.3000
-1.0692,-0.2310,0.3000
-1.0667,-0.2310,0.3000
-1.0642,-0.2310,0.3000
-1.0617,-0.2310,0.3000
-1.0592,-0.2310,0.3000
-1.0568,-0.2310,0.3000
-1.0543,-0.2310,0.3000
-1.0518,-0.2310,0.3000
-1.0493,-0.2310,0.3000
-1.0468,-0.2310,0.3000
-1.0443,-0.2310,0.3000
-1.0418,-0.2310,0.3000
-1.0393,-0.2310,0.3000
-1.0369,-0.2310,0.3000
-1.0344,-0.2310,0.3000
-1.0319,-0.2310,0.3000
-1.0294,-0.2310,0.3000
-1.0269,-0.2310,0.3000
-1.0244,-0.2310,0.3000
-1.0219,-0.2310,0.3000
-1.0194,-0.2310,0.3000
-1.0169,-0.2310,0.3000
-1.0145,-0.2310,0.3000
-1.0120,-0.2310,0.3000
-1.0095,-0.2310,0.3000
-1.0070,-0.2310,0.3000
-1.0044,-0.2310,0.3000
-1.0019,-0.2310,0.3000
-0.9994,-0.2310,0.3000
-0.9969,-0.2310,0.3000
-0.9944,-0.2310,0.3000
-0.9920,-0.2310,0.3000
-0.9895,-0.2310,0.3000
-0.9870,-0.2310,0.3000
-0.9845,-0.2310,0.3000
-0.9820,-0.2310,0.3000
-0.9795,-0.2310,0.3000
-0.9770,-0.2310,0.3000
-0.9745,-0.2310,0.3000
-0.9721,-0.2310,0.3000
-0.9696,-0.2310,0.3000
-0.9671,-0.2310,0.3000
-0.9646,-0.2310,0.3000
-0.9621,-0.2310,0.3000
-0.9596,-0.2310,0.3000
-0.9571,-0.2310,0.3000
-0.9546,-0.2310,0.3000
-0.9521,-0.2310,0.3000
-0.9497,-0.2310,0.3000
-0.9472,-0.2310,0.3000
-0.9447,-0.2310,0.3000
-0.9422,-0.2310,0.3000
-0.9397,-0.2310,0.3000
-0.9372,-0.2310,0.3000
-0.9347,-0.2310,0.3000
-0.9321,-0.2310,0.3000
-0.9297,-0.2310,0.3000
-0.9272,-0.2310,0.3000
-0.9247,-0.2310,0.3000
-0.9222,-0.2310,0.3000
-0.9197,-0.2310,0.3000
-0.9172,-0.2310,0.3000
-0.9147,-0.2310,0.3000
-0.9122,-0.2310,0.3000
-0.9097,-0.2310,0.3000
-0.9073,-0.2310,0.3000
-0.9048,-0.2310,0.3000
-0.9023,-0.2310,0.3000
-0.8998,-0.2310,0.3000
-0.8973,-0.2310,0.3000
-0.8948,-0.2310,0.3000
-0.8923,-0.2310,0.3000
-0.8898,-0.2310,0.3000
-0.8874,-0.2310,0.3000
-0.8849,-0.2310,0.3000
-0.8824,-0.2310,0.3000
-0.8799,-0.2310,0.3000
-0.8774,-0.2310,0.3000
-0.8749,-0.2310,0.3000
-0.8724,-0.2310,0.3000
-0.8699,-0.2310,0.3000
-0.8674,-0.2310,0.3000
-0.8649,-0.2310,0.3000
-0.8624,-0.2310,0.3000
-0.8599,-0.2310,0.3000
-0.8574,-0.2310,0.3000
-0.8549,-0.2310,0.3000
-0.8524,-0.2310,0.3000
-0.8499,-0.2310,0.3000
-0.8474,-0.2310,0.3000
-0.8450,-0.2310,0.3000
-0.8425,-0.2310,0.3000
-0.8400,-0.2310,0.3000
-0.8375,-0.2310,0.3000
-0.8350,-0.2310,0.3000
-0.8325,-0.2310,0.3000
-0.8300,-0.2310,0.3000
-0.8275,-0.2310,0.3000
-0.8250,-0.2310,0.3000
-0.8226,-0.2310,0.3000
-0.8201,-0.2310,0.3000
-0.8176,-0.2310,0.3000
-0.8151,-0.2310,0.3000
-0.8126,-0.2310,0.3000
-0.8101,-0.2310,0.3000
-0.8076,-0.2310,0.3000
-0.8051,-0.2310,0.3000
-0.8027,-0.2310,0.3000
-0.8002,-0.2310,0.3000
-0.7976,-0.2310,0.3000
-0.7951,-0.2310,0.3000
-0.7926,-0.2310,0.3000
-0.7901,-0.2310,0.3000
-0.7876,-0.2310,0.3000
-0.7851,-0.2310,0.3000
-0.7826,-0.2310,0.3000
-0.7802,-0.2310,0.3000
-0.7777,-0.2310,0.3000
-0.7752,-0.2310,0.3000
-0.7727,-0.2310,0.3000
-0.7702,-0.2310,0.3000
-0.7677,-0.2310,0.3000
-0.7652,-0.2310,0.3000
-0.7627,-0.2310,0.3000
-0.7603,-0.2310,0.3000
-0.7578,-0.2310,0.3000
-0.7553,-0.2310,0.3000
-0.7528,-0.2310,0.3000
-0.7503,-0.2310,0.3000
-0.7478,-0.2310,0.3000
-0.7453,-0.2310,0.3000
-0.7428,-0.2310,0.3000
-0.7403,-0.2310,0.3000
-0.7379,-0.2310,0.3000
-0.7354,-0.2310,0.3000
-0.7329,-0.2310,0.3000
-0.7304,-0.2310,0.3000
-0.7279,-0.2310,0.3000
-0.7253,-0.2310,0.3000
-0.7228,-0.2310,0.3000
-0.7203,-0.2310,0.3000
-0.7179,-0.2310,0.3000
-0.7154,-0.2310,0.3000
-0.7129,-0.2310,0.3000
-0.7104,-0.2310,0.3000
-0.7079,-0.2310,0.3000
-0.7054,-0.2310,0.3000
-0.7029,-0.2310,0.3000
-0.7004,-0.2310,0.3000
-0.6979,-0.2310,0.3000
-0.6955,-0.2310,0.3000
-0.6930,-0.2310,0.3000
-0.6905,-0.2310,0.3000
-0.6880,-0.2310,0.3000
-0.6855,-0.2310,0.3000
-0.6830,-0.2310,0.3000
-0.6805,-0.2310,0.3000
-0.6780,-0.2310,0.3000
-0.6756,-0.2310,0.3000
-0.6731,-0.2310,0.3000
-0.6706,-0.2310,0.3000
-0.6681,-0.2310,0.3000
-0.6656,-0.2310,0.3000
-0.6631,-0.2310,0.3000
-0.6606,-0.2310,0.3000
-0.6581,-0.2310,0.3000
-0.6555,-0.2310,0.3000
-0.6531,-0.2310,0.3000
-0.6506,-0.2310,0.3000
-0.6481,-0.2310,0.3000
-0.6456,-0.2310,0.3000
-0.6431,-0.2310,0.3000
-0.6406,-0.2310,0.3000
-0.6381,-0.2310,0.3000
-0.6356,-0.2310,0.3000
-0.6332,-0.2310,0.3000
-0.6307,-0.2310,0.3000
-0.6282,-0.2310,0.3000
-0.6257,-0.2310,0.3000
-0.6232,-0.2310,0.3000
-0.6207,-0.2310,0.3000
-0.6182,-0.2310,0.3000
-0.6157,-0.2310,0.3000
-0.6132,-0.2310,0.3000
-0.6108,-0.2310,0.3000
-0.6083,-0.2310,0.3000
-0.6058,-0.2310,0.3000
-0.6033,-0.2310,0.3000
-0.6008,-0.2310,0.3000
-0.5983,-0.2310,0.3000
-0.5958,-0.2310,0.3000
-0.5933,-0.2310,0.3000
-0.5908,-0.2310,0.3000
-0.5884,-0.2310,0.3000
-0.5858,-0.2310,0.3000
-0.5833,-0.2310,0.3000
-0.5808,-0.2310,0.3000
-0.5783,-0.2310,0.3000
-0.5758,-0.2310,0.3000
-0.5733,-0.2310,0.3000
-0.5708,-0.2310,0.3000
-0.5684,-0.2310,0.3000
-0.5659,-0.2310,0.3000
-0.5634,-0.2310,0.3000
-0.5609,-0.2310,0.3000
-0.5584,-0.2310,0.3000
-0.5559,-0.2310,0.3000
-0.5534,-0.2310,0.3000
-0.5509,-0.2310,0.3000
-0.5484,-0.2310,0.3000
-0.5460,-0.2310,0.3000
-0.5435,-0.2310,0.3000
-0.5410,-0.2310,0.3000
-0.5385,-0.2310,0.3000
-0.5360,-0.2310,0.3000
-0.5335,-0.2310,0.3000
-0.5310,-0.2310,0.3000
-0.5285,-0.2310,0.3000
-0.5261,-0.2310,0.3000
-0.5236,-0.2310,0.3000
-0.5211,-0.2310,0.3000
-0.5186,-0.2310,0.3000
-0.5160,-0.2310,0.3000
-0.5135,-0.2310,0.3000
-0.5110,-0.2310,0.3000
-0.5085,-0.2310,0.3000
-0.5060,-0.2310,0.3000
-0.5036,-0.2310,0.3000
-0.5011,-0.2310,0.3000
-0.4986,-0.2310,0.3000
-0.4961,-0.2310,0.3000
-0.4936,-0.2310,0.3000
-0.4911,-0.2310,0.3000
-0.4886,-0.2310,0.3000
-0.4861,-0.2310,0.3000
-0.4837,-0.2310,0.3000
-0.4812,-0.2310,0.3000
-0.4787,-0.2310,0.3000
-0.4762,-0.2310,0.3000
-0.4737,-0.2310,0.3000
-0.4712,-0.2310,0.3000
-0.4687,-0.2310,0.3000
-0.4662,-0.2310,0.3000
-0.4637,-0.2310,0.3000
-0.4613,-0.2310,0.3000
-0.4588,-0.2310,0.3000
-0.4563,-0.2310,0.3000
-0.4538,-0.2310,0.3000
-0.4513,-0.2310,0.3000
-0.4488,-0.2310,0.3000
-0.4462,-0.2310,0.3000
-0.4437,-0.2310,0.3000
-0.4413,-0.2310,0.3000
-0.4388,-0.2310,0.3000
-0.4363,-0.2310,0.3000
-0.4338,-0.2310,0.3000
-0.4313,-0.2310,0.3000
-0.4288,-0.2310,0.3000
-0.4263,-0.2310,0.3000
-0.4238,-0.2310,0.3000
-0.4213,-0.2310,0.3000
-0.4189,-0.2310,0.3000
-0.4164,-0.2310,0.3000
-0.4139,-0.2310,0.3000
-0.4114,-0.2310,0.3000
-0.4089,-0.2310,0.3000
-0.4064,-0.2310,0.3000
-0.4039,-0.2310,0.3000
-0.4014,-0.2310,0.3000
-0.3990,-0.2310,0.3000
-0.3965,-0.2310,0.3000
-0.3940,-0.2310,0.3000
-0.3915,-0.2310,0.3000
-0.3890,-0.2310,0.3000
-0.3865,-0.2310,0.3000
-0.3840,-0.2310,0.3000
-0.3815,-0.2310,0.3000
-0.3790,-0.2310,0.3000
-0.3765,-0.2310,0.3000
-0.3740,-0.2310,0.3000
-0.3715,-0.2310,0.3000
-0.3690,-0.2310,0.3000
-0.3665,-0.2310,0.3000
-0.3640,-0.2310,0.3000
-0.3615,-0.2310,0.3000
-0.3590,-0.2310,0.3000
-0.3566,-0.2310,0.3000
-0.3541,-0.2310,0.3000
-0.3516,-0.2310,0.3000
-0.3491,-0.2310,0.3000
-0.3466,-0.2310,0.3000
-0.3441,-0.2310,0.3000
-0.3416,-0.2310,0.3000
-0.3391,-0.2310,0.3000
-0.3366,-0.2310,0.3000
-0.3342,-0.2310,0.3000
-0.3317,-0.2310,0.3000
-0.3292,-0.2310,0.3000
-0.3267,-0.2310,0.3000
-0.3242,-0.2310,0.3000
-0.3217,-0.2310,0.3000
-0.3192,-0.2310,0.3000
-0.3167,-0.2310,0.3000
-0.3143,-0.2310,0.3000
-0.3118,-0.2310,0.3000
-0.3093,-0.2310,0.3000
-0.3067,-0.2310,0.3000
-0.3042,-0.2310,0.3000
-0.3017,-0.2310,0.3000
-0.2992,-0.2310,0.3000
-0.2967,-0.2310,0.3000
-0.2942,-0.2310,0.3000
-0.2918,-0.2310,0.3000
-0.2893,-0.2310,0.3000
-0.2868,-0.2310,0.3000
-0.2843,-0.2310,0.3000
-0.2818,-0.2310,0.3000
-0.2793,-0.2310,0.3000
-0.2768,-0.2310,0.3000
-0.2743,-0.2310,0.3000
-0.2719,-0.2310,0.3000
-0.2694,-0.2310,0.3000
-0.2669,-0.2310,0.3000
-0.2644,-0.2310,0.3000
-0.2619,-0.2310,0.3000
-0.2594,-0.2310,0.3000
-0.2569,-0.2310,0.3000
-0.2544,-0.2310,0.3000
-0.2519,-0.2310,0.3000
-0.2495,-0.2310,0.3000
-0.2470,-0.2310,0.3000
-0.2445,-0.2310,0.3000
-0.2420,-0.2310,0.3000
-0.2395,-0.2310,0.3000
-0.2370,-0.2310,0.3000
-0.2344,-0.2310,0.3000
-0.2319,-0.2310,0.3000
-0.2295,-0.2310,0.3000
-0.2270,-0.2310,0.3000
-0.2245,-0.2310,0.3000
-0.2220,-0.2310,0.3000
-0.2195,-0.2310,0.3000
-0.2170,-0.2310,0.3000
-0.2145,-0.2310,0.3000
-0.2120,-0.2310,0.3000
-0.2095,-0.2310,0.3000
-0.2071,-0.2310,0.5261
-0.2046,-0.2310,0.5261
-0.2001,-0.2310,0.7006
-0.1942,-0.2310,0.9897
-0.1916,-0.2310,0.9623
-0.1889,-0.2310,0.9373
-0.1863,-0.2310,0.9146
-0.1837,-0.2310,0.8944
-0.1811,-0.2310,0.8765
-0.1785,-0.2310,0.8610
-0.1759,-0.2310,0.8480
-0.1733,-0.2310,0.8373
-0.1707,-0.2310,0.8290
-0.1680,-0.2310,0.8231
-0.1654,-0.2310,0.7747
-0.1628,-0.2310,0.6289
-0.1610,-0.2310,0.4918
-0.1600,-0.2310,0.4466
-0.1567,-0.2310,0.5261
-0.1533,-0.2310,0.5261
-0.1510,-0.2310,0.5644
-0.1503,-0.2310,0.6605
-0.1478,-0.2310,0.6582
-0.1452,-0.2310,0.6559
-0.1427,-0.2310,0.6536
-0.1402,-0.2310,0.6514
-0.1377,-0.2310,0.6491
-0.1352,-0.2310,0.6469
-0.1327,-0.2310,0.6446
-0.1302,-0.2310,0.6424
-0.1276,-0.2310,0.6402
-0.1251,-0.2310,0.6380
-0.1226,-0.2310,0.6358
-0.1200,-0.2310,0.6336
-0.1176,-0.2310,0.6314
-0.1150,-0.2310,0.6293
-0.1125,-0.2310,0.6271
-0.1100,-0.2310,0.6250
-0.1075,-0.2310,0.6228
-0.1050,-0.2310,0.6207
-0.1024,-0.2310,0.6186
-0.0999,-0.2310,0.6165
-0.0974,-0.2310,0.6144
-0.0949,-0.2310,0.6123
-0.0924,-0.2310,0.6103
-0.0899,-0.2310,0.6082
-0.0873,-0.2310,0.6062
-0.0848,-0.2310,0.6042
-0.0823,-0.2310,0.6021
-0.0798,-0.2310,0.6001
-0.0772,-0.2310,0.5981
-0.0748,-0.2310,0.5961
-0.0723,-0.2310,0.5942
-0.0697,-0.2310,0.5922
-0.0672,-0.2310,0.5902
-0.0647,-0.2310,0.5883
-0.0621,-0.2310,0.5863
-0.0596,-0.2310,0.5844
-0.0571,-0.2310,0.5825
-0.0545,-0.2310,0.5806
-0.0521,-0.2310,0.5787
-0.0496,-0.2310,0.5768
-0.0471,-0.2310,0.5750
-0.0445,-0.2310,0.5731
-0.0420,-0.2310,0.5712
-0.0395,-0.2310,0.5694
-0.0369,-0.2310,0.5676
-0.0344,-0.2310,0.5658
-0.0319,-0.2310,0.5640
-0.0294,-0.2310,0.5622
-0.0269,-0.2310,0.5604
-0.0244,-0.2310,0.5586
-0.0219,-0.2310,0.5568
-0.0193,-0.2310,0.5551
-0.0168,-0.2310,0.5533
-0.0143,-0.2310,0.5516
-0.0117,-0.2310,0.5499
-0.0093,-0.2310,0.5482
-0.0068,-0.2310,0.5465
-0.0042,-0.2294,0.5448
-0.0017,-0.0022,0.5431
0.0008,-0.2305,0.5414
0.0033,-0.2310,0.5398
0.0059,-0.2310,0.5381
0.0084,-0.2310,0.5365
0.0108,-0.2310,0.5349
0.0134,-0.2310,0.5332
0.0159,-0.2310,0.5263
0.0179,-0.2310,0.5261
0.0199,-0.2310,0.5261
0.0219,-0.2310,0.5365
0.0239,-0.2310,0.5063
0.0264,-0.2310,0.5078
0.0289,-0.2310,0.5109
0.0314,-0.2310,0.5138
0.0340,-0.2310,0.5166
0.0365,-0.2310,0.5193
0.0391,-0.2310,0.5218
0.0416,-0.2310,0.5242
0.0442,-0.2310,0.5265
0.0467,-0.2310,0.5286
0.0492,-0.2310,0.5306
0.0517,-0.2310,0.5324
0.0543,-0.2310,0.5341
0.0568,-0.2310,0.5357
0.0594,-0.2310,0.5371
0.0619,-0.2310,0.5384
0.0645,-0.2310,0.5395
0.0670,-0.2310,0.5406
0.0696,-0.2310,0.5414
0.0721,-0.2310,0.5422
0.0746,-0.2310,0.5428
0.0771,-0.2310,0.5432
0.0797,-0.2310,0.5435
0.0822,-0.2310,0.5437
0.0848,-0.2310,0.5438
0.0873,-0.2310,0.5437
0.0899,-0.2310,0.5435
0.0924,-0.2310,0.5431
0.0949,-0.2310,0.5426
0.0974,-0.2310,0.5419
0.1000,-0.2310,0.5412
0.1025,-0.2310,0.5290
0.1030,-0.2310,0.5261
0.1056,-0.2310,0.3000
0.1090,-0.2310,0.5261
0.1123,-0.2310,0.5261
0.1130,-0.2310,0.4010
0.1149,-0.2310,0.3756
0.1175,-0.2310,0.3872
0.1200,-0.2310,0.3981
0.1225,-0.2310,0.4083
0.1250,-0.2310,0.4177
0.1276,-0.2310,0.4264
0.1301,-0.2310,0.4344
0.1326,-0.2310,0.4416
0.1350,-0.2310,0.4481
0.1376,-0.2310,0.4539
0.1401,-0.2310,0.4589
0.1426,-0.2310,0.4633
0.1451,-0.2310,0.4669
0.1477,-0.2310,0.4697
0.1502,-0.2310,0.4719
0.1527,-0.2310,0.4733
0.1552,-0.2310,0.4740
0.1577,-0.2310,0.4739
0.1602,-0.2310,0.4731
0.1627,-0.2310,0.4716
0.1653,-0.2310,0.4694
0.1678,-0.2310,0.4664
0.1703,-0.2310,0.4627
0.1728,-0.2310,0.4582
0.1753,-0.2310,0.4531
0.1778,-0.2310,0.4472
0.1803,-0.2310,0.4406
0.1828,-0.2310,0.4332
0.1854,-0.2310,0.4251
0.1879,-0.2310,0.4163
0.1904,-0.2310,0.4068
0.1929,-0.2310,0.3965
0.1954,-0.2310,0.3855
0.1980,-0.2310,0.3737
0.2004,-0.2310,0.3613
0.2029,-0.2310,0.3481
0.2055,-0.2310,0.3342
0.2080,-0.2310,0.3195
0.2105,-0.2310,0.3041
0.2130,-0.2310,0.2880
0.2156,-0.2310,0.2712
0.2181,-0.2310,0.2536
0.2206,-0.2310,0.2353
0.2231,-0.2310,0.2163
0.2256,-0.2310,0.1965
0.2281,-0.2310,0.1760
0.2306,-0.2310,0.1548
0.2331,-0.2310,0.1329
0.2357,-0.2310,0.1102
0.2382,-0.2310,0.0868
0.2407,-0.2310,0.0626
0.2432,-0.2310,0.0378
0.2457,-0.2310,0.0122
0.2522,-0.2310,0.2780
0.2570,-0.2310,0.5261
0.2583,-0.2310,0.5261
0.2608,-0.2310,0.3000
0.2633,-0.2310,0.3000
0.2658,-0.2310,0.3000
0.2683,-0.2310,0.3000
0.2707,-0.2310,0.3000
0.2732,-0.2310,0.3000
0.2757,-0.2310,0.3000
0.2783,-0.2310,0.3000
0.2808,-0.2310,0.3000
0.2833,-0.2310,0.3000
0.2858,-0.2310,0.3000
0.2883,-0.2310,0.3000
0.2907,-0.2310,0.3000
0.2932,-0.2310,0.3000
0.2957,-0.2310,0.3000
0.2982,-0.2310,0.3000
0.3007,-0.2310,0.3000
0.3032,-0.2310,0.3000
0.3057,-0.2310,0.3000
0.3082,-0.2310,0.3000
0.3107,-0.2310,0.3000
0.3131,-0.2310,0.3000
0.3156,-0.2310,0.3000
0.3181,-0.2310,0.3000
0.3206,-0.2310,0.3000
0.3231,-0.2310,0.3000
0.3257,-0.2310,0.3000
0.3282,-0.2310,0.3000
0.3307,-0.2310,0.3000
0.3331,-0.2310,0.3000
0.3356,-0.2310,0.3000
0.3381,-0.2310,0.3000
0.3406,-0.2310,0.3000
0.3431,-0.2310,0.3000
0.3456,-0.2310,0.3000
0.3481,-0.2310,0.3000
0.3506,-0.2310,0.3000
0.3531,-0.2310,0.3000
0.3555,-0.2310,0.3000
0.3580,-0.2310,0.3000
0.3605,-0.2310,0.3000
0.3630,-0.2310,0.3000
0.3655,-0.2310,0.3000
0.3680,-0.2310,0.3000
0.3706,-0.2310,0.3000
0.3731,-0.2310,0.3000
0.3755,-0.2310,0.3000
0.3780,-0.2310,0.3000
0.3805,-0.2310,0.3000
0.3830,-0.2310,0.3000
0.3855,-0.2310,0.3000
0.3880,-0.2310,0.3000
0.3905,-0.2310,0.3000
0.3930,-0.2310,0.3000
0.3955,-0.2310,0.3000
0.3979,-0.2310,0.3000
0.4004,-0.2310,0.3000
0.4029,-0.2310,0.3000
0.4054,-0.2310,0.3000
0.4079,-0.2310,0.3000
0.4104,-0.2310,0.3000
0.4129,-0.2310,0.3000
0.4155,-0.2310,0.3000
0.4179,-0.2310,0.3000
0.4204,-0.2310,0.3000
0.4229,-0.2310,0.3000
0.4254,-0.2310,0.3000
0.4279,-0.2310,0.3000
0.4304,-0.2310,0.3000
0.4329,-0.2310,0.3000
0.4354,-0.2310,0.3000
0.4379,-0.2310,0.3000
0.4403,-0.2310,0.3000
0.4428,-0.2310,0.3000
0.4453,-0.2310,0.3000
0.4478,-0.2310,0.3000
0.4503,-0.2310,0.3000
0.4528,-0.2310,0.3000
0.4553,-0.2310,0.3000
0.4578,-0.2310,0.3000
0.4603,-0.2310,0.3000
0.4628,-0.2310,0.3000
0.4653,-0.2310,0.3000
0.4678,-0.2310,0.3000
0.4703,-0.2310,0.3000
0.4728,-0.2310,0.3000
0.4753,-0.2310,0.3000
0.4778,-0.2310,0.3000
0.4803,-0.2310,0.3000
0.4827,-0.2310,0.3000
0.4852,-0.2310,0.3000
0.4877,-0.2310,0.3000
0.4902,-0.2310,0.3000
0.4927,-0.2310,0.3000
0.4952,-0.2310,0.3000
0.4977,-0.2310,0.3000
0.5002,-0.2310,0.3000
0.5027,-0.2310,0.3000
0.5052,-0.2310,0.3000
0.5077,-0.2310,0.3000
0.5102,-0.2310,0.3000
0.5127,-0.2310,0.3000
0.5152,-0.2310,0.3000
0.5177,-0.2310,0.3000
0.5202,-0.2310,0.3000
0.5227,-0.2310,0.3000
0.5251,-0.2310,0.3000
0.5276,-0.2310,0.3000
0.5301,-0.2310,0.3000
0.5326,-0.2310,0.3000
0.5351,-0.2310,0.3000
0.5376,-0.2310,0.3000
0.5401,-0.2310,0.3000
0.5426,-0.2310,0.3000
0.5450,-0.2310,0.3000
0.5475,-0.2310,0.3000
0.5501,-0.2310,0.3000
0.5526,-0.2310,0.3000
0.5551,-0.2310,0.3000
0.5576,-0.2310,0.3000
0.5601,-0.2310,0.3000
0.5626,-0.2310,0.3000
0.5651,-0.2310,0.3000
0.5675,-0.2310,0.3000
0.5700,-0.2310,0.3000
0.5725,-0.2310,0.3000
0.5750,-0.2310,0.3000
0.5775,-0.2310,0.3000
0.5800,-0.2310,0.3000
0.5825,-0.2310,0.3000
0.5850,-0.2310,0.3000
0.5874,-0.2310,0.3000
0.5899,-0.2310,0.3000
0.5925,-0.2310,0.3000
0.5950,-0.2310,0.3000
0.5975,-0.2310,0.3000
0.6000,-0.2310,0.3000
0.6025,-0.2310,0.3000
0.6050,-0.2310,0.3000
0.6075,-0.2310,0.3000
0.6099,-0.2310,0.3000
0.6124,-0.2310,0.3000
0.6149,-0.2310,0.3000
0.6174,-0.2310,0.3000
0.6199,-0.2310,0.3000
0.6224,-0.2310,0.3000
0.6249,-0.2310,0.3000
0.6274,-0.2310,0.3000
0.6299,-0.2310,0.3000
0.6323,-0.2310,0.3000
0.6348,-0.2310,0.3000
0.6374,-0.2310,0.3000
0.6399,-0.2310,0.3000
0.6424,-0.2310,0.3000
0.6449,-0.2310,0.3000
0.6474,-0.2310,0.3000
0.6499,-0.2310,0.3000
0.6523,-0.2310,0.3000
0.6548,-0.2310,0.3000
0.6573,-0.2310,0.3000
0.6598,-0.2310,0.3000
0.6623,-0.2310,0.3000
0.6648,-0.2310,0.3000
0.6673,-0.2310,0.3000
0.6698,-0.2310,0.3000
0.6723,-0.2310,0.3000
0.6747,-0.2310,0.3000
0.6772,-0.2310,0.3000
0.6797,-0.2310,0.3000
0.6823,-0.2310,0.3000
0.6848,-0.2310,0.3000
0.6873,-0.2310,0.3000
0.6898,-0.2310,0.3000
0.6923,-0.2310,0.3000
0.6947,-0.2310,0.3000
0.6972,-0.2310,0.3000
0.6997,-0.2310,0.3000
0.7022,-0.2310,0.3000
0.7047,-0.2310,0.3000
0.7072,-0.2310,0.3000
0.7097,-0.2310,0.3000
0.7122,-0.2310,0.3000
0.7147,-0.2310,0.3000
0.7171,-0.2310,0.3000
0.7196,-0.2310,0.3000
0.7221,-0.2310,0.3000
0.7246,-0.2310,0.3000
0.7272,-0.2310,0.3000
0.7297,-0.2310,0.3000
0.7322,-0.2310,0.3000
0.7347,-0.2310,0.3000
0.7371,-0.2310,0.3000
0.7396,-0.2310,0.3000
0.7421,-0.2310,0.3000
0.7446,-0.2310,0.3000
0.7471,-0.2310,0.3000
0.7496,-0.2310,0.3000
0.7521,-0.2310,0.3000
0.7546,-0.2310,0.3000
0.7571,-0.2310,0.3000
0.7595,-0.2310,0.3000
0.7620,-0.2310,0.3000
0.7645,-0.2310,0.3000
0.7670,-0.2310,0.3000
0.7695,-0.2310,0.3000
0.7720,-0.2310,0.3000
0.7746,-0.2310,0.3000
0.7771,-0.2310,0.3000
0.7795,-0.2310,0.3000
0.7820,-0.2310,0.3000
0.7845,-0.2310,0.3000
0.7870,-0.2310,0.3000
0.7895,-0.2310,0.3000
0.7920,-0.2310,0.3000
0.7945,-0.2310,0.3000
0.7970,-0.2310,0.3000
0.7995,-0.2310,0.3000
0.8019,-0.2310,0.3000
0.8044,-0.2310,0.3000
0.8069,-0.2310,0.3000
0.8094,-0.2310,0.3000
0.8119,-0.2310,0.3000
0.8144,-0.2310,0.3000
0.8169,-0.2310,0.3000
0.8195,-0.2310,0.3000
0.8219,-0.2310,0.3000
0.8244,-0.2310,0.3000
0.8269,-0.2310,0.3000
0.8294,-0.2310,0.3000
0.8319,-0.2310,0.3000
0.8344,-0.2310,0.3000
0.8369,-0.2310,0.3000
0.8394,-0.2310,0.3000
0.8419,-0.2310,0.3000
0.8443,-0.2310,0.3000
0.8468,-0.2310,0.3000
0.8493,-0.2310,0.3000
0.8518,-0.2310,0.3000
0.8543,-0.2310,0.3000
0.8568,-0.2310,0.3000
0.8593,-0.2310,0.3000
0.8618,-0.2310,0.3000
0.8643,-0.2310,0.3000
0.8668,-0.2310,0.3000
0.8693,-0.2310,0.3000
0.8718,-0.2310,0.3000
0.8743,-0.2310,0.3000
0.8768,-0.2310,0.3000
0.8793,-0.2310,0.3000
0.8818,-0.2310,0.3000
0.8843,-0.2310,0.3000
0.8867,-0.2310,0.3000
0.8892,-0.2310,0.3000
0.8917,-0.2310,0.3000
0.8942,-0.2310,0.3000
0.8967,-0.2310,0.3000
0.8992,-0.2310,0.3000
0.9017,-0.2310,0.3000
0.9042,-0.2310,0.3000
0.9067,-0.2310,0.3000
0.9092,-0.2310,0.3000
0.9117,-0.2310,0.3000
0.9142,-0.2310,0.3000
0.9167,-0.2310,0.3000
0.9192,-0.2310,0.3000
0.9217,-0.2310,0.3000
0.9242,-0.2310,0.3000
0.9267,-0.2310,0.3000
0.9291,-0.2310,0.3000
0.9316,-0.2310,0.3000
0.9341,-0.2310,0.3000
0.9366,-0.2310,0.3000
0.9391,-0.2310,0.3000
0.9416,-0.2310,0.3000
0.9441,-0.2310,0.3000
0.9466,-0.2310,0.3000
0.9491,-0.2310,0.3000
0.9516,-0.2310,0.3000
0.9541,-0.2310,0.3000
0.9566,-0.2310,0.3000
0.9591,-0.2310,0.3000
0.9616,-0.2310,0.3000
0.9641,-0.2310,0.3000
0.9666,-0.2310,0.3000
0.9691,-0.2310,0.3000
0.9715,-0.2310,0.3000
0.9740,-0.2310,0.3000
0.9765,-0.2310,0.3000
0.9790,-0.2310,0.3000
0.9815,-0.2310,0.3000
0.9840,-0.2310,0.3000
0.9865,-0.2310,0.3000
0.9890,-0.2310,0.3000
0.9914,-0.2310,0.3000
0.9940,-0.2310,0.3000
0.9965,-0.2310,0.3000
0.9990,-0.2310,0.3000
1.0015,-0.2310,0.3000
1.0040,-0.2310,0.3000
1.0065,-0.2310,0.3000
1.0090,-0.2310,0.3000
1.0115,-0.2310,0.3000
1.0139,-0.2310,0.3000
1.0164,-0.2310,0.3000
1.0189,-0.2310,0.3000
1.0214,-0.2310,0.3000
1.0239,-0.2310,0.3000
1.0264,-0.2310,0.3000
1.0289,-0.2310,0.3000
1.0314,-0.2310,0.3000
1.0339,-0.2310,0.3000
1.0363,-0.2310,0.3000
1.0388,-0.2310,0.3000
1.0414,-0.2310,0.3000
1.0439,-0.2310,0.3000
1.0464,-0.2310,0.3000
1.0489,-0.2310,0.3000
1.0514,-0.2310,0.3000
1.0539,-0.2310,0.3000
1.0563,-0.2310,0.3000
1.0588,-0.2310,0.3000
1.0613,-0.2310,0.3000
1.0638,-0.2310,0.3000
1.0663,-0.2310,0.3000
1.0688,-0.2310,0.3000
1.0713,-0.2310,0.3000
1.0738,-0.2310,0.3000
1.0763,-0.2310,0.3000
1.0787,-0.2310,0.3000
1.0812,-0.2310,0.3000
1.0837,-0.2310,0.3000
1.0863,-0.2310,0.3000
1.0888,-0.2310,0.3000
1.0913,-0.2310,0.3000
1.0938,-0.2310,0.3000
1.0963,-0.2310,0.3000
1.0987,-0.2310,0.3000
1.1012,-0.2310,0.3000
1.1037,-0.2310,0.3000
1.1062,-0.2310,0.3000
1.1087,-0.2310,0.3000
1.1112,-0.2310,0.3000
1.1137,-0.2310,0.3000
1.1162,-0.2310,0.3000
1.1187,-0.2310,0.3000
1.1211,-0.2310,0.3000
1.1236,-0.2310,0.3000
1.1261,-0.2310,0.3000
1.1286,-0.2310,0.3000
1.1312,-0.2310,0.3000
1.1337,-0.2310,0.3000
1.1362,-0.2310,0.3000
1.1387,-0.2310,0.3000
1.1411,-0.2310,0.3000
1.1436,-0.2310,0.3000
1.1461,-0.2310,0.3000
1.1486,-0.2310,0.3000
1.1511,-0.2310,0.3000
1.1536,-0.2310,0.3000
1.1561,-0.2310,0.3000
1.1586,-0.2310,0.3000
1.1611,-0.2310,0.3000
1.1635,-0.2310,0.3000
1.1660,-0.2310,0.3000
1.1685,-0.2310,0.3000
1.1710,-0.2310,0.3000
1.1735,-0.2310,0.3000
1.1761,-0.2310,0.3000
1.1786,-0.2310,0.3000
1.1811,-0.2310,0.3000
1.1835,-0.2310,0.3000
1.1860,-0.2310,0.3000
1.1885,-0.2310,0.3000
1.1910,-0.2310,0.3000
1.1935,-0.2310,0.3000
1.1960,-0.2310,0.3000
1.1985,-0.2310,0.3000
1.2010,-0.2310,0.3000
1.2035,-0.2310,0.3000
1.2059,-0.2310,0.3000
1.2084,-0.2310,0.3000
1.2109,-0.2310,0.3000
1.2134,-0.2310,0.3000
1.2159,-0.2310,0.3000
1.2184,-0.2310,0.3000
1.2209,-0.2310,0.3000
1.2235,-0.2310,0.3000
1.2259,-0.2310,0.3000
1.2284,-0.2310,0.3000
1.2309,-0.2310,0.3000
1.2334,-0.2310,0.3000
1.2359,-0.2310,0.3000
1.2384,-0.2310,0.3000
1.2409,-0.2310,0.3000
1.2434,-0.2310,0.3000
1.2459,-0.2310,0.3000
1.2483,-0.2310,0.3000
1.2508,-0.2310,0.3000
1.2533,-0.2310,0.3000
1.2558,-0.2310,0.3000
1.2583,-0.2310,0.3000
1.2608,-0.2310,0.3000
1.2633,-0.2310,0.3000
1.2659,-0.2310,0.3000
1.2683,-0.2310,0.3000
1.2708,-0.2310,0.3000
1.2733,-0.2310,0.3000
1.2758,-0.2310,0.3000
1.2783,-0.2310,0.3000
1.2808,-0.2310,0.3000
1.2833,-0.2310,0.3000
1.2858,-0.2310,0.3000
1.2883,-0.2310,0.3000
1.2907,-0.2310,0.3000
1.2932,-0.2310,0.3000
1.2957,-0.2310,0.3000
1.2982,-0.2310,0.3000
1.3007,-0.2310,0.3000
1.3032,-0.2310,0.3000
1.3057,-0.2310,0.3000
1.3082,-0.2310,0.3000
1.3107,-0.2310,0.3000
1.3132,-0.2310,0.3000
1.3157,-0.2310,0.3000
1.3182,-0.2310,0.3000
1.3207,-0.2310,0.3000
1.3232,-0.2310,0.3000
1.3257,-0.2310,0.3000
1.3282,-0.2310,0.3000
1.3307,-0.2310,0.3000
1.3331,-0.2310,0.3000
1.3356,-0.2310,0.3000
1.3381,-0.2310,0.3000
1.3406,-0.2310,0.3000
1.3431,-0.2310,0.3000
1.3456,-0.2310,0.3000
1.3481,-0.2310,0.3000
1.3506,-0.2310,0.3000
1.3531,-0.2310,0.3000
1.3556,-0.2310,0.3000
1.3581,-0.2310,0.3000
1.3606,-0.2310,0.3000
1.3631,-0.2310,0.3000
1.3656,-0.2310,0.3000
1.3681,-0.2310,0.3000
1.3706,-0.2310,0.3000
1.3731,-0.2310,0.3000
1.3755,-0.2310,0.3000
1.3780,-0.2310,0.3000
1.3805,-0.2310,0.3000
1.3830,-0.2310,0.3000
1.3855,-0.2310,0.3000
1.3880,-0.2310,0.3000
1.3905,-0.2310,0.3000
1.3930,-0.2310,0.3000
1.3954,-0.2310,0.3000
1.3980,-0.2310,0.3000
1.4005,-0.2310,0.3000
1.4030,-0.2310,0.3000
1.4055,-0.2310,0.3000
1.4080,-0.2310,0.3000
1.4105,-0.2310,0.3000
1.4130,-0.2310,0.3000
1.4155,-0.2310,0.3000
1.4179,-0.2310,0.3000
1.4204,-0.2310,0.3000
1.4229,-0.2310,0.3000
1.4254,-0.2310,0.3000
1.4279,-0.2310,0.3000
1.4304,-0.2310,0.3000
1.4329,-0.2310,0.3000
1.4354,-0.2310,0.3000
1.4379,-0.2310,0.3000
1.4403,-0.2310,0.3000
1.4429,-0.2310,0.3000
1.4454,-0.2310,0.3000
1.4479,-0.2310,0.3000
1.4504,-0.2310,0.3000
1.4529,-0.2310,0.3000
1.4554,-0.2310,0.3000
1.4579,-0.2310,0.3000
1.4603,-0.2310,0.3000
1.4628,-0.2310,0.3000
1.4653,-0.2310,0.3000
1.4678,-0.2310,0.3000
1.4703,-0.2310,0.3000
1.4728,-0.2310,0.3000
1.4753,-0.2310,0.3000
1.4778,-0.2310,0.3000
1.4803,-0.2310,0.3000
1.4827,-0.2310,0.3000
1.4852,-0.2310,0.3000
1.4877,-0.2310,0.3000
1.4903,-0.2310,0.3000
1.4928,-0.2310,0.3000
1.4953,-0.2310,0.3000
1.4978,-0.2310,0.3000
1.5003,-0.2310,0.3000
1.5027,-0.2310,0.3000
1.5052,-0.2310,0.3000
1.5077,-0.2310,0.3000
1.5102,-0.2310,0.3000
1.5127,-0.2310,0.3000
1.5152,-0.2310,0.3000
1.5177,-0.2310,0.3000
1.5202,-0.2310,0.3000
1.5227,-0.2310,0.3000
1.5251,-0.2310,0.3000
1.5276,-0.2310,0.3000
1.5301,-0.2310,0.3000
1.5326,-0.2310,0.3000
1.5352,-0.2310,0.3000
1.5377,-0.2310,0.3000
1.5402,-0.2310,0.3000
1.5427,-0.2310,0.3000
1.5451,-0.2310,0.3000
1.5476,-0.2310,0.3000
1.5501,-0.2310,0.3000
1.5526,-0.2310,0.3000
1.5551,-0.2310,0.3000
1.5576,-0.2310,0.3000
1.5601,-0.2310,0.3000
1.5626,-0.2310,0.3000
1.5651,-0.2310,0.3000
1.5675,-0.2310,0.3000
1.5700,-0.2310,0.3000
1.5725,-0.2310,0.3000
1.5750,-0.2310,0.3000
1.5775,-0.2310,0.3000
1.5801,-0.2310,0.3000
1.5826,-0.2310,0.3000
1.5851,-0.2310,0.3000
1.5875,-0.2310,0.3000
1.5900,-0.2310,0.3000
1.5925,-0.2310,0.3000
1.5950,-0.2310,0.3000
1.5975,-0.2310,0.3000
