-1.6000,0.4250,0.3000
-1.5975,0.4250,0.3000
-1.5950,0.4250,0.3000
-1.5925,0.4250,0.3000
-1.5901,0.4250,0.3000
-1.5876,0.4250,0.3000
-1.5851,0.4250,0.3000
-1.5826,0.4250,0.3000
-1.5801,0.4250,0.3000
-1.5776,0.4250,0.3000
-1.5751,0.4250,0.3000
-1.5727,0.4250,0.3000
-1.5702,0.4250,0.3000
-1.5677,0.4250,0.3000
-1.5652,0.4250,0.3000
-1.5626,0.4250,0.3000
-1.5601,0.4250,0.3000
-1.5576,0.4250,0.3000
-1.5551,0.4250,0.3000
-1.5527,0.4250,0.3000
-1.5502,0.4250,0.3000
-1.5477,0.4250,0.3000
-1.5452,0.4250,0.3000
-1.5427,0.4250,0.3000
-1.5402,0.4250,0.3000
-1.5377,0.4250,0.3000
-1.5353,0.4250,0.3000
-1.5328,0.4250,0.3000
-1.5303,0.4250,0.3000
-1.5278,0.4250,0.3000
-1.5253,0.4250,0.3000
-1.5228,0.4250,0.3000
-1.5203,0.4250,0.3000
-1.5179,0.4250,0.3000
-1.5154,0.4250,0.3000
-1.5129,0.4250,0.3000
-1.5104,0.4250,0.3000
-1.5079,0.4250,0.3000
-1.5054,0.4250,0.3000
-1.5029,0.4250,0.3000
-1.5004,0.4250,0.3000
-1.4980,0.4250,0.3000
-1.4955,0.4250,0.3000
-1.4930,0.4250,0.3000
-1.4905,0.4250,0.3000
-1.4879,0.4250,0.3000
-1.4854,0.4250,0.3000
-1.4829,0.4250,0.3000
-1.4805,0.4250,0.3000
-1.4780,0.4250,0.3000
-1.4755,0.4250,0.3000
-1.4730,0.4250,0.3000
-1.4705,0.4250,0.3000
-1.4680,0.4250,0.3000
-1.4655,0.4250,0.3000
-1.4631,0.4250,0.3000
-1.4606,0.4250,0.3000
-1.4581,0.4250,0.3000
-1.4556,0.4250,0.3000
-1.4531,0.4250,0.3000
-1.4506,0.4250,0.3000
-1.4481,0.4250,0.3000
-1.4456,0.4250,0.3000
-1.4432,0.4250,0.3000
-1.4407,0.4250,0.3000
-1.4382,0.4250,0.3000
-1.4357,0.4250,0.3000
-1.4332,0.4250,0.3000
-1.4307,0.4250,0.3000
-1.4282,0.4250,0.3000
-1.4258,0.4250,0.3000
-1.4233,0.4250,0.3000
-1.4208,0.4250,0.3000
-1.4183,0.4250,0.3000
-1.4158,0.4250,0.3000
-1.4132,0.4250,0.3000
-1.4107,0.4250,0.3000
-1.4083,0.4250,0.3000
-1.4058,0.4250,0.3000
-1.4033,0.4250,0.3000
-1.4008,0.4250,0.3000
-1.3983,0.4250,0.3000
-1.3958,0.4250,0.3000
-1.3933,0.4250,0.3000
-1.3908,0.4250,0.3000
-1.3884,0.4250,0.3000
-1.3859,0.4250,0.3000
-1.3834,0.4250,0.3000
-1.3809,0.4250,0.3000
-1.3784,0.4250,0.3000
-1.3759,0.4250,0.3000
-1.3734,0.4250,0.3000
-1.3710,0.4250,0.3000
-1.3685,0.4250,0.3000
-1.3660,0.4250,0.3000
-1.3635,0.4250,0.3000
-1.3610,0.4250,0.3000
-1.3585,0.4250,0.3000
-1.3560,0.4250,0.3000
-1.3536,0.4250,0.3000
-1.3511,0.4250,0.3000
-1.3486,0.4250,0.3000
-1.3461,0.4250,0.3000
-1.3436,0.4250,0.3000
-1.3411,0.4250,0.3000
-1.3385,0.4250,0.3000
-1.3361,0.4250,0.3000
-1.3336,0.4250,0.3000
-1.3311,0.4250,0.3000
-1.3286,0.4250,0.3000
-1.3261,0.4250,0.3000
-1.3236,0.4250,0.3000
-1.3211,0.4250,0.3000
-1.3186,0.4250,0.3000
-1.3162,0.4250,0.3000
-1.3137,0.4250,0.3000
-1.3112,0.4250,0.3000
-1.3087,0.4250,0.3000
-1.3062,0.4250,0.3000
-1.3037,0.4250,0.3000
-1.3012,0.4250,0.3000
-1.2988,0.4250,0.3000
-1.2963,0.4250,0.3000
-1.2938,0.4250,0.3000
-1.2913,0.4250,0.3000
-1.2888,0.4250,0.3000
-1.2863,0.4250,0.3000
-1.2838,0.4250,0.3000
-1.2814,0.4250,0.3000
-1.2789,0.4250,0.3000
-1.2764,0.4250,0.3000
-1.2739,0.4250,0.3000
-1.2714,0.4250,0.3000
-1.2689,0.4250,0.3000
-1.2663,0.4250,0.3000
-1.2638,0.4250,0.3000
-1.2614,0.4250,0.3000
-1.2589,0.4250,0.3000
-1.2564,0.4250,0.3000
-1.2539,0.4250,0.3000
-1.2514,0.4250,0.3000
-1.2489,0.4250,0.3000
-1.2464,0.4250,0.3000
-1.2440,0.4250,0.3000
-1.2415,0.4250,0.3000
-1.2390,0.4250,0.3000
-1.2365,0.4250,0.3000
-1.2340,0.4250,0.3000
-1.2315,0.4250,0.3000
-1.2290,0.4250,0.3000
-1.2266,0.4250,0.3000
-1.2241,0.4250,0.3000
-1.2216,0.4250,0.3000
-1.2191,0.4250,0.3000
-1.2166,0.4250,0.3000
-1.2141,0.4250,0.3000
-1.2116,0.4250,0.3000
-1.2091,0.4250,0.3000
-1.2067,0.4250,0.3000
-1.2042,0.4250,0.3000
-1.2017,0.4250,0.3000
-1.1992,0.4250,0.3000
-1.1967,0.4250,0.3000
-1.1942,0.4250,0.3000
-1.1916,0.4250,0.3000
-1.1892,0.4250,0.3000
-1.1867,0.4250,0.3000
-1.1842,0.4250,0.3000
-1.1817,0.4250,0.3000
-1.1792,0.4250,0.3000
-1.1767,0.4250,0.3000
-1.1742,0.4250,0.3000
-1.1718,0.4250,0.3000
-1.1693,0.4250,0.3000
-1.1668,0.4250,0.3000
-1.1643,0.4250,0.3000
-1.1618,0.4250,0.3000
-1.1593,0.4250,0.3000
-1.1568,0.4250,0.3000
-1.1543,0.4250,0.3000
-1.1519,0.4250,0.3000
-1.1494,0.4250,0.3000
-1.1469,0.4250,0.3000
-1.1444,0.4250,0.3000
-1.1419,0.4250,0.3000
-1.1394,0.4250,0.3000
-1.1369,0.4250,0.3000
-1.1345,0.4250,0.3000
-1.1320,0.4250,0.3000
-1.1295,0.4250,0.3000
-1.1270,0.4250,0.3000
-1.1245,0.4250,0.3000
-1.1220,0.4250,0.3000
-1.1194,0.4250,0.3000
-1.1170,0.4250,0.3000
-1.1145,0.4250,0.3000
-1.1120,0.4250,0.3000
-1.1095,0.4250,0.3000
-1.1070,0.4250,0.3000
-1.1045,0.4250,0.3000
-1.1020,0.4250,0.3000
-1.0996,0.4250,0.3000
-1.0971,0.4250,0.3000
-1.0946,0.4250,0.3000
-1.0921,0.4250,0.3000
-1.0896,0.4250,0.3000
-1.0871,0.4250,0.3000
-1.0846,0.4250,0.3000
-1.0821,0.4250,0.3000
-1.0797,0.4250,0.3000
-1.0772,0.4250,0.3000
-1.0747,0.4250,0.3000
-1.0722,0.4250,0.3000
-1.0697,0.4250,0.3000
-1.0672,0.4250,0.3000
-1.0647,0.4250,0.3000
-1.0623,0.4250,0.3000
-1.0598,0.4250,0.3000
-1.0573,0.4250,0.3000
-1.0548,0.4250,0.3000
-1.0523,0.4250,0.3000
-1.0498,0.4250,0.3000
-1.0473,0.4250,0.3000
-1.0448,0.4250,0.3000
-1.0423,0.4250,0.3000
-1.0398,0.4250,0.3000
-1.0373,0.4250,0.3000
-1.0348,0.4250,0.3000
-1.0323,0.4250,0.3000
-1.0298,0.4250,0.3000
-1.0273,0.4250,0.3000
-1.0249,0.4250,0.3000
-1.0224,0.4250,0.3000
-1.0199,0.4250,0.3000
-1.0174,0.4250,0.3000
-1.0149,0.4250,0.3000
-1.0124,0.4250,0.3000
-1.0099,0.4250,0.3000
-1.0075,0.4250,0.3000
-1.0050,0.4250,0.3000
-1.0025,0.4250,0.3000
-1.0000,0.4250,0.3000
-0.9975,0.4250,0.3000
-0.9950,0.4250,0.3000
-0.9925,0.4250,0.3000
-0.9901,0.4250,0.3000
-0.9876,0.4250,0.3000
-0.9851,0.4250,0.3000
-0.9826,0.4250,0.3000
-0.9801,0.4250,0.3000
-0.9776,0.4250,0.3000
-0.9751,0.4250,0.3000
-0.9726,0.4250,0.3000
-0.9701,0.4250,0.3000
-0.9676,0.4250,0.3000
-0.9651,0.4250,0.3000
-0.9626,0.4250,0.3000
-0.9601,0.4250,0.3000
-0.9576,0.4250,0.3000
-0.9551,0.4250,0.3000
-0.9527,0.4250,0.3000
-0.9502,0.4250,0.3000
-0.9477,0.4250,0.3000
-0.9452,0.4250,0.3000
-0.9427,0.4250,0.3000
-0.9402,0.4250,0.3000
-0.9377,0.4250,0.3000
-0.9353,0.4250,0.3000
-0.9328,0.4250,0.3000
-0.9303,0.4250,0.3000
-0.9278,0.4250,0.3000
-0.9253,0.4250,0.3000
-0.9228,0.4250,0.3000
-0.9203,0.4250,0.3000
-0.9178,0.4250,0.3000
-0.9154,0.4250,0.3000
-0.9129,0.4250,0.3000
-0.9104,0.4250,0.3000
-0.9079,0.4250,0.3000
-0.9054,0.4250,0.3000
-0.9029,0.4250,0.3000
-0.9004,0.4250,0.3000
-0.8979,0.4250,0.3000
-0.8954,0.4250,0.3000
-0.8929,0.4250,0.3000
-0.8904,0.4250,0.3000
-0.8879,0.4250,0.3000
-0.8854,0.4250,0.3000
-0.8829,0.4250,0.3000
-0.8805,0.4250,0.3000
-0.8780,0.4250,0.3000
-0.8755,0.4250,0.3000
-0.8730,0.4250,0.3000
-0.8705,0.4250,0.3000
-0.8680,0.4250,0.3000
-0.8655,0.4250,0.3000
-0.8631,0.4250,0.3000
-0.8606,0.4250,0.3000
-0.8581,0.4250,0.3000
-0.8556,0.4250,0.3000
-0.8531,0.4250,0.3000
-0.8506,0.4250,0.3000
-0.8481,0.4250,0.3000
-0.8456,0.4250,0.3000
-0.8432,0.4250,0.3000
-0.8407,0.4250,0.3000
-0.8382,0.4250,0.3000
-0.8357,0.4250,0.3000
-0.8332,0.4250,0.3000
-0.8307,0.4250,0.3000
-0.8282,0.4250,0.3000
-0.8257,0.4250,0.3000
-0.8232,0.4250,0.3000
-0.8207,0.4250,0.3000
-0.8182,0.4250,0.3000
-0.8157,0.4250,0.3000
-0.8132,0.4250,0.3000
-0.8107,0.4250,0.3000
-0.8083,0.4250,0.3000
-0.8058,0.4250,0.3000
-0.8033,0.4250,0.3000
-0.8008,0.4250,0.3000
-0.7983,0.4250,0.3000
-0.7958,0.4250,0.3000
-0.7933,0.4250,0.3000
-0.7908,0.4250,0.3000
-0.7884,0.4250,0.3000
-0.7859,0.4250,0.3000
-0.7834,0.4250,0.3000
-0.7809,0.4250,0.3000
-0.7784,0.4250,0.3000
-0.7759,0.4250,0.3000
-0.7734,0.4250,0.3000
-0.7710,0.4250,0.3000
-0.7685,0.4250,0.3000
-0.7660,0.4250,0.3000
-0.7635,0.4250,0.3000
-0.7610,0.4250,0.3000
-0.7585,0.4250,0.3000
-0.7560,0.4250,0.3000
-0.7536,0.4250,0.3000
-0.7511,0.4250,0.3000
-0.7485,0.4250,0.3000
-0.7460,0.4250,0.3000
-0.7435,0.4250,0.3000
-0.7410,0.4250,0.3000
-0.7385,0.4250,0.3000
-0.7360,0.4250,0.3000
-0.7336,0.4250,0.3000
-0.7311,0.4250,0.3000
-0.7286,0.4250,0.3000
-0.7261,0.4250,0.3000
-0.7236,0.4250,0.3000
-0.7211,0.4250,0.3000
-0.7186,0.4250,0.3000
-0.7162,0.4250,0.3000
-0.7137,0.4250,0.3000
-0.7112,0.4250,0.3000
-0.7087,0.4250,0.3000
-0.7062,0.4250,0.3000
-0.7037,0.4250,0.3000
-0.7012,0.4250,0.3000
-0.6988,0.4250,0.3000
-0.6963,0.4250,0.3000
-0.6938,0.4250,0.3000
-0.6913,0.4250,0.3000
-0.6888,0.4250,0.3000
-0.6863,0.4250,0.3000
-0.6838,0.4250,0.3000
-0.6813,0.4250,0.3000
-0.6789,0.4250,0.3000
-0.6763,0.4250,0.3000
-0.6738,0.4250,0.3000
-0.6713,0.4250,0.3000
-0.6688,0.4250,0.3000
-0.6663,0.4250,0.3000
-0.6638,0.4250,0.3000
-0.6614,0.4250,0.3000
-0.6589,0.4250,0.3000
-0.6564,0.4250,0.3000
-0.6539,0.4250,0.3000
-0.6514,0.4250,0.3000
-0.6489,0.4250,0.3000
-0.6464,0.4250,0.3000
-0.6440,0.4250,0.3000
-0.6415,0.4250,0.3000
-0.6390,0.4250,0.3000
-0.6365,0.4250,0.3000
-0.6340,0.4250,0.3000
-0.6315,0.4250,0.3000
-0.6290,0.4250,0.3000
-0.6265,0.4250,0.3000
-0.6241,0.4250,0.3000
-0.6216,0.4250,0.3000
-0.6191,0.4250,0.3000
-0.6166,0.4250,0.3000
-0.6141,0.4250,0.3000
-0.6116,0.4250,0.3000
-0.6091,0.4250,0.3000
-0.6067,0.4250,0.3000
-0.6042,0.4250,0.3000
-0.6016,0.4250,0.3000
-0.5991,0.4250,0.3000
-0.5966,0.4250,0.3000
-0.5941,0.4250,0.3000
-0.5916,0.4250,0.3000
-0.5892,0.4250,0.3000
-0.5867,0.4250,0.3000
-0.5842,0.4250,0.3000
-0.5817,0.4250,0.3000
-0.5792,0.4250,0.3000
-0.5767,0.4250,0.3000
-0.5742,0.4250,0.3000
-0.5718,0.4250,0.3000
-0.5693,0.4250,0.3000
-0.5668,0.4250,0.3000
-0.5643,0.4250,0.3000
-0.5618,0.4250,0.3000
-0.5593,0.4250,0.3000
-0.5568,0.4250,0.3000
-0.5543,0.4250,0.3000
-0.5519,0.4250,0.3000
-0.5494,0.4250,0.3000
-0.5469,0.4250,0.3000
-0.5444,0.4250,0.3000
-0.5419,0.4250,0.3000
-0.5394,0.4250,0.3000
-0.5369,0.4250,0.3000
-0.5345,0.4250,0.3000
-0.5320,0.4250,0.3000
-0.5294,0.4250,0.3000
-0.5269,0.4250,0.3000
-0.5244,0.4250,0.3000
-0.5219,0.4250,0.3000
-0.5194,0.4250,0.3000
-0.5170,0.4250,0.3000
-0.5145,0.4250,0.3000
-0.5120,0.4250,0.3000
-0.5095,0.4250,0.3000
-0.5070,0.4250,0.3000
-0.5045,0.4250,0.3000
-0.5020,0.4250,0.3000
-0.4995,0.4250,0.3000
-0.4971,0.4250,0.3000
-0.4946,0.4250,0.3000
-0.4921,0.4250,0.3000
-0.4896,0.4250,0.3000
-0.4871,0.4250,0.3000
-0.4846,0.4250,0.3000
-0.4821,0.4250,0.3000
-0.4797,0.4250,0.3000
-0.4772,0.4250,0.3000
-0.4747,0.4250,0.3000
-0.4722,0.4250,0.3000
-0.4697,0.4250,0.3000
-0.4672,0.4250,0.3000
-0.4647,0.4250,0.3000
-0.4623,0.4250,0.3000
-0.4598,0.4250,0.3000
-0.4573,0.4250,0.3000
-0.4547,0.4250,0.3000
-0.4522,0.4250,0.3000
-0.4497,0.4250,0.3000
-0.4472,0.4250,0.3000
-0.4447,0.4250,0.3000
-0.4423,0.4250,0.3000
-0.4398,0.4250,0.3000
-0.4373,0.4250,0.3000
-0.4348,0.4250,0.3000
-0.4323,0.4250,0.3000
-0.4298,0.4250,0.3000
-0.4273,0.4250,0.3000
-0.4249,0.4250,0.3000
-0.4224,0.4250,0.3000
-0.4199,0.4250,0.3000
-0.4174,0.4250,0.3000
-0.4149,0.4250,0.3000
-0.4124,0.4250,0.3000
-0.4099,0.4250,0.3000
-0.4075,0.4250,0.3000
-0.4050,0.4250,0.3000
-0.4025,0.4250,0.3000
-0.4000,0.4250,0.3000
-0.3975,0.4250,0.3000
-0.3950,0.4250,0.3000
-0.3925,0.4250,0.3000
-0.3900,0.4250,0.3000
-0.3876,0.4250,0.3000
-0.3851,0.4250,0.3000
-0.3826,0.4250,0.3000
-0.3800,0.4250,0.3000
-0.3775,0.4250,0.3000
-0.3750,0.4250,0.3000
-0.3725,0.4250,0.3000
-0.3701,0.4250,0.3000
-0.3676,0.4250,0.3000
-0.3651,0.4250,0.3000
-0.3626,0.4250,0.3000
-0.3601,0.4250,0.3000
-0.3576,0.4250,0.3000
-0.3551,0.4250,0.3000
-0.3527,0.4250,0.3000
-0.3502,0.4250,0.3000
-0.3477,0.4250,0.3000
-0.3452,0.4250,0.3000
-0.3427,0.4250,0.3000
-0.3402,0.4250,0.3000
-0.3377,0.4250,0.3000
-0.3353,0.4250,0.3000
-0.3328,0.4250,0.3000
-0.3303,0.4250,0.3000
-0.3278,0.4250,0.3000
-0.3253,0.4250,0.3000
-0.3228,0.4250,0.3000
-0.3203,0.4250,0.3000
-0.3178,0.4250,0.3000
-0.3154,0.4250,0.3000
-0.3129,0.4250,0.3000
-0.3104,0.4250,0.3000
-0.3079,0.4250,0.3000
-0.3053,0.4250,0.3000
-0.3028,0.4250,0.3000
-0.3003,0.4250,0.3000
-0.2979,0.4250,0.3000
-0.2954,0.4250,0.3000
-0.2929,0.4250,0.3000
-0.2904,0.4250,0.3000
-0.2879,0.4250,0.3000
-0.2854,0.4250,0.3000
-0.2829,0.4250,0.3000
-0.2805,0.4250,0.3000
-0.2780,0.4250,0.3000
-0.2755,0.4250,0.3000
-0.2730,0.4250,0.3000
-0.2705,0.4250,0.3000
-0.2680,0.4250,0.3000
-0.2655,0.4250,0.3000
-0.2630,0.4250,0.3000
-0.2606,0.4250,0.3000
-0.2581,0.4250,0.3000
-0.2556,0.4250,0.3000
-0.2531,0.4250,0.3000
-0.2506,0.4250,0.3000
-0.2481,0.4250,0.3000
-0.2456,0.4250,0.3000
-0.2432,0.4250,0.3000
-0.2407,0.4250,0.3000
-0.2382,0.4250,0.3000
-0.2357,0.4250,0.3000
-0.2331,0.4250,0.3000
-0.2306,0.4250,0.3000
-0.2281,0.4250,0.3000
-0.2257,0.4250,0.3000
-0.2232,0.4250,0.3000
-0.2207,0.4250,0.3000
-0.2182,0.4250,0.3000
-0.2157,0.4250,0.3000
-0.2132,0.4250,0.3000
-0.2107,0.4250,0.3000
-0.2082,0.4250,0.3000
-0.2058,0.4250,0.3000
-0.2033,0.4250,0.3000
-0.2008,0.4250,0.3000
-0.1983,0.4250,0.3000
-0.1958,0.4250,0.3000
-0.1933,0.4250,0.3000
-0.1908,0.4250,0.3000
-0.1884,0.4250,0.3000
-0.1859,0.4250,0.3000
-0.1834,0.4250,0.3000
-0.1809,0.4250,0.3000
-0.1784,0.4250,0.3000
-0.1759,0.4250,0.3000
-0.1734,0.4250,0.3000
-0.1710,0.4250,0.3000
-0.1685,0.4250,0.3000
-0.1660,0.4250,0.3000
-0.1635,0.4250,0.3000
-0.1610,0.4250,0.3000
-0.1584,0.4250,0.3000
-0.1559,0.4250,0.3000
-0.1534,0.4250,0.3000
-0.1510,0.4250,0.3000
-0.1485,0.4250,0.3000
-0.1460,0.4250,0.3000
-0.1435,0.4250,0.3000
-0.1410,0.4250,0.3000
-0.1385,0.4250,0.3000
-0.1360,0.4250,0.3000
-0.1336,0.4250,0.3000
-0.1311,0.4250,0.3000
-0.1286,0.4250,0.3000
-0.1261,0.4250,0.4918
-0.1236,0.4250,0.4918
-0.1230,0.4250,0.5605
-0.1210,0.4250,0.6216
-0.1183,0.4250,0.6605
-0.1156,0.4250,0.6830
-0.1129,0.4250,0.6893
-0.1103,0.4250,0.6793
-0.1076,0.4250,0.6531
-0.1049,0.4250,0.6105
-0.1022,0.4250,0.5517
-0.0995,0.4250,0.4766
-0.0968,0.4250,0.4798
-0.0960,0.4250,0.4918
-0.0933,0.4250,0.5241
-0.0893,0.4250,0.5070
-0.0880,0.4250,0.5604
-0.0861,0.4250,0.5215
-0.0833,0.4250,0.4573
-0.0806,0.4250,0.4139
-0.0779,0.4250,0.3686
-0.0751,0.4250,0.3213
-0.0723,0.4250,0.2722
-0.0696,0.4250,0.2212
-0.0668,0.4250,0.1682
-0.0641,0.4250,0.3623
-0.0615,0.4250,0.4918
-0.0591,0.4250,0.4918
-0.0566,0.4250,0.3000
-0.0542,0.4250,0.3000
-0.0518,0.4250,0.3000
-0.0494,0.4250,0.3000
-0.0469,0.4250,0.3000
-0.0445,0.4250,0.3000
-0.0421,0.4250,0.3000
-0.0396,0.4250,0.3000
-0.0372,0.4250,0.3000
-0.0348,0.4250,0.3000
-0.0324,0.4250,0.3000
-0.0299,0.4250,0.3000
-0.0275,0.4250,0.3000
-0.0251,0.4250,0.3000
-0.0226,0.4250,0.3000
-0.0202,0.4250,0.3000
-0.0178,0.4250,0.3000
-0.0154,0.4250,0.3000
-0.0129,0.4250,0.3000
-0.0105,0.4250,0.3000
-0.0081,0.4250,0.3000
-0.0057,0.4250,0.3000
-0.0032,0.2173,0.3000
-0.0008,0.2033,0.3000
0.0016,0.4250,0.3000
0.0041,0.4250,0.3000
0.0065,0.4250,0.3000
0.0089,0.4250,0.3000
0.0113,0.4250,0.4918
0.0138,0.4250,0.4918
0.0162,0.4250,0.5850
0.0209,0.4250,0.7379
0.0262,0.4250,0.7256
0.0288,0.4250,0.6329
0.0313,0.4250,0.5970
0.0338,0.4250,0.5660
0.0364,0.4250,0.5398
0.0389,0.4250,0.5184
0.0414,0.4250,0.5019
0.0440,0.4250,0.4903
0.0466,0.4250,0.4835
0.0491,0.4250,0.4815
0.0516,0.4250,0.4845
0.0542,0.4250,0.4918
0.0567,0.4250,0.5004
0.0592,0.4250,0.5057
0.0618,0.4250,0.5064
0.0643,0.4250,0.5024
0.0669,0.4250,0.4937
0.0694,0.4250,0.4705
0.0720,0.4250,0.3061
0.0745,0.4250,0.0335
0.0778,0.4250,0.1082
0.0829,0.4250,0.2887
0.0872,0.4250,0.3584
0.0890,0.4250,0.4918
0.0898,0.4250,0.4918
0.0924,0.4250,0.3000
0.0951,0.4250,0.3000
0.0976,0.4250,0.3000
0.1003,0.4250,0.3000
0.1029,0.4250,0.3000
0.1055,0.4250,0.3000
0.1082,0.4250,0.3000
0.1108,0.4250,0.3000
0.1134,0.4250,0.3000
0.1160,0.4250,0.3000
0.1186,0.4250,0.3000
0.1212,0.4250,0.3000
0.1239,0.4250,0.3000
0.1265,0.4250,0.3000
0.1291,0.4250,0.3000
0.1318,0.4250,0.3000
0.1344,0.4250,0.3000
0.1370,0.4250,0.3000
0.1396,0.4250,0.3000
0.1422,0.4250,0.3000
0.1449,0.4250,0.4918
0.1470,0.4250,0.4966
0.1475,0.4250,0.6025
0.1505,0.4250,0.9902
0.1553,0.4250,0.9040
0.1579,0.4250,0.6780
0.1605,0.4250,0.4880
0.1631,0.4250,0.3916
0.1657,0.4250,0.3864
0.1684,0.4250,0.4468
0.1709,0.4250,0.5046
0.1735,0.4250,0.5425
0.1761,0.4250,0.5605
0.1787,0.4250,0.5586
0.1813,0.4250,0.5368
0.1840,0.4250,0.4951
0.1866,0.4250,0.4335
0.1891,0.4250,0.3519
0.1917,0.4250,0.2505
0.1943,0.4250,0.1291
0.1972,0.4250,0.0373
0.2020,0.4250,0.4918
0.2022,0.4250,0.4918
0.2046,0.4250,0.3000
0.2071,0.4250,0.3000
0.2096,0.4250,0.3000
0.2121,0.4250,0.3000
0.2146,0.4250,0.3000
0.2171,0.4250,0.3000
0.2196,0.4250,0.3000
0.2221,0.4250,0.3000
0.2245,0.4250,0.3000
0.2271,0.4250,0.3000
0.2296,0.4250,0.3000
0.2321,0.4250,0.3000
0.2346,0.4250,0.3000
0.2371,0.4250,0.3000
0.2396,0.4250,0.3000
0.2420,0.4250,0.3000
0.2445,0.4250,0.3000
0.2470,0.4250,0.3000
0.2495,0.4250,0.3000
0.2520,0.4250,0.3000
0.2545,0.4250,0.3000
0.2570,0.4250,0.3000
0.2594,0.4250,0.3000
0.2619,0.4250,0.3000
0.2644,0.4250,0.3000
0.2669,0.4250,0.3000
0.2694,0.4250,0.3000
0.2720,0.4250,0.3000
0.2745,0.4250,0.3000
0.2770,0.4250,0.3000
0.2794,0.4250,0.3000
0.2819,0.4250,0.3000
0.2844,0.4250,0.3000
0.2869,0.4250,0.3000
0.2894,0.4250,0.3000
0.2919,0.4250,0.3000
0.2944,0.4250,0.3000
0.2968,0.4250,0.3000
0.2993,0.4250,0.3000
0.3018,0.4250,0.3000
0.3043,0.4250,0.3000
0.3068,0.4250,0.3000
0.3093,0.4250,0.3000
0.3118,0.4250,0.3000
0.3142,0.4250,0.3000
0.3167,0.4250,0.3000
0.3193,0.4250,0.3000
0.3218,0.4250,0.3000
0.3243,0.4250,0.3000
0.3268,0.4250,0.3000
0.3293,0.4250,0.3000
0.3318,0.4250,0.3000
0.3342,0.4250,0.3000
0.3367,0.4250,0.3000
0.3392,0.4250,0.3000
0.3417,0.4250,0.3000
0.3442,0.4250,0.3000
0.3467,0.4250,0.3000
0.3492,0.4250,0.3000
0.3516,0.4250,0.3000
0.3541,0.4250,0.3000
0.3566,0.4250,0.3000
0.3591,0.4250,0.3000
0.3616,0.4250,0.3000
0.3641,0.4250,0.3000
0.3666,0.4250,0.3000
0.3691,0.4250,0.3000
0.3716,0.4250,0.3000
0.3741,0.4250,0.3000
0.3766,0.4250,0.3000
0.3791,0.4250,0.3000
0.3816,0.4250,0.3000
0.3841,0.4250,0.3000
0.3865,0.4250,0.3000
0.3890,0.4250,0.3000
0.3915,0.4250,0.3000
0.3940,0.4250,0.3000
0.3965,0.4250,0.3000
0.3990,0.4250,0.3000
0.4015,0.4250,0.3000
0.4040,0.4250,0.3000
0.4064,0.4250,0.3000
0.4089,0.4250,0.3000
0.4115,0.4250,0.3000
0.4140,0.4250,0.3000
0.4165,0.4250,0.3000
0.4190,0.4250,0.3000
0.4215,0.4250,0.3000
0.4239,0.4250,0.3000
0.4264,0.4250,0.3000
0.4289,0.4250,0.3000
0.4314,0.4250,0.3000
0.4339,0.4250,0.3000
0.4364,0.4250,0.3000
0.4389,0.4250,0.3000
0.4413,0.4250,0.3000
0.4438,0.4250,0.3000
0.4463,0.4250,0.3000
0.4488,0.4250,0.3000
0.4513,0.4250,0.3000
0.4538,0.4250,0.3000
0.4563,0.4250,0.3000
0.4588,0.4250,0.3000
0.4613,0.4250,0.3000
0.4638,0.4250,0.3000
0.4663,0.4250,0.3000
0.4688,0.4250,0.3000
0.4713,0.4250,0.3000
0.4738,0.4250,0.3000
0.4763,0.4250,0.3000
0.4787,0.4250,0.3000
0.4812,0.4250,0.3000
0.4837,0.4250,0.3000
0.4862,0.4250,0.3000
0.4887,0.4250,0.3000
0.4912,0.4250,0.3000
0.4937,0.4250,0.3000
0.4961,0.4250,0.3000
0.4986,0.4250,0.3000
0.5011,0.4250,0.3000
0.5036,0.4250,0.3000
0.5062,0.4250,0.3000
0.5087,0.4250,0.3000
0.5112,0.4250,0.3000
0.5137,0.4250,0.3000
0.5161,0.4250,0.3000
0.5186,0.4250,0.3000
0.5211,0.4250,0.3000
0.5236,0.4250,0.3000
0.5261,0.4250,0.3000
0.5286,0.4250,0.3000
0.5311,0.4250,0.3000
0.5335,0.4250,0.3000
0.5360,0.4250,0.3000
0.5385,0.4250,0.3000
0.5410,0.4250,0.3000
0.5435,0.4250,0.3000
0.5460,0.4250,0.3000
0.5485,0.4250,0.3000
0.5510,0.4250,0.3000
0.5535,0.4250,0.3000
0.5560,0.4250,0.3000
0.5585,0.4250,0.3000
0.5610,0.4250,0.3000
0.5635,0.4250,0.3000
0.5660,0.4250,0.3000
0.5685,0.4250,0.3000
0.5709,0.4250,0.3000
0.5734,0.4250,0.3000
0.5759,0.4250,0.3000
0.5784,0.4250,0.3000
0.5809,0.4250,0.3000
0.5834,0.4250,0.3000
0.5859,0.4250,0.3000
0.5883,0.4250,0.3000
0.5908,0.4250,0.3000
0.5933,0.4250,0.3000
0.5958,0.4250,0.3000
0.5983,0.4250,0.3000
0.6009,0.4250,0.3000
0.6034,0.4250,0.3000
0.6058,0.4250,0.3000
0.6083,0.4250,0.3000
0.6108,0.4250,0.3000
0.6133,0.4250,0.3000
0.6158,0.4250,0.3000
0.6183,0.4250,0.3000
0.6208,0.4250,0.3000
0.6232,0.4250,0.3000
0.6257,0.4250,0.3000
0.6282,0.4250,0.3000
0.6307,0.4250,0.3000
0.6332,0.4250,0.3000
0.6357,0.4250,0.3000
0.6382,0.4250,0.3000
0.6407,0.4250,0.3000
0.6432,0.4250,0.3000
0.6457,0.4250,0.3000
0.6482,0.4250,0.3000
0.6507,0.4250,0.3000
0.6532,0.4250,0.3000
0.6557,0.4250,0.3000
0.6582,0.4250,0.3000
0.6606,0.4250,0.3000
0.6631,0.4250,0.3000
0.6656,0.4250,0.3000
0.6681,0.4250,0.3000
0.6706,0.4250,0.3000
0.6731,0.4250,0.3000
0.6756,0.4250,0.3000
0.6780,0.4250,0.3000
0.6805,0.4250,0.3000
0.6830,0.4250,0.3000
0.6855,0.4250,0.3000
0.6880,0.4250,0.3000
0.6905,0.4250,0.3000
0.6931,0.4250,0.3000
0.6956,0.4250,0.3000
0.6980,0.4250,0.3000
0.7005,0.4250,0.3000
0.7030,0.4250,0.3000
0.7055,0.4250,0.3000
0.7080,0.4250,0.3000
0.7105,0.4250,0.3000
0.7130,0.4250,0.3000
0.7154,0.4250,0.3000
0.7179,0.4250,0.3000
0.7204,0.4250,0.3000
0.7229,0.4250,0.3000
0.7254,0.4250,0.3000
0.7279,0.4250,0.3000
0.7304,0.4250,0.3000
0.7328,0.4250,0.3000
0.7353,0.4250,0.3000
0.7379,0.4250,0.3000
0.7404,0.4250,0.3000
0.7429,0.4250,0.3000
0.7454,0.4250,0.3000
0.7479,0.4250,0.3000
0.7504,0.4250,0.3000
0.7528,0.4250,0.3000
0.7553,0.4250,0.3000
0.7578,0.4250,0.3000
0.7603,0.4250,0.3000
0.7628,0.4250,0.3000
0.7653,0.4250,0.3000
0.7678,0.4250,0.3000
0.7702,0.4250,0.3000
0.7727,0.4250,0.3000
0.7752,0.4250,0.3000
0.7777,0.4250,0.3000
0.7802,0.4250,0.3000
0.7827,0.4250,0.3000
0.7852,0.4250,0.3000
0.7877,0.4250,0.3000
0.7902,0.4250,0.3000
0.7927,0.4250,0.3000
0.7952,0.4250,0.3000
0.7977,0.4250,0.3000
0.8002,0.4250,0.3000
0.8027,0.4250,0.3000
0.8052,0.4250,0.3000
0.8076,0.4250,0.3000
0.8101,0.4250,0.3000
0.8126,0.4250,0.3000
0.8151,0.4250,0.3000
0.8176,0.4250,0.3000
0.8201,0.4250,0.3000
0.8226,0.4250,0.3000
0.8250,0.4250,0.3000
0.8275,0.4250,0.3000
0.8300,0.4250,0.3000
0.8326,0.4250,0.3000
0.8351,0.4250,0.3000
0.8376,0.4250,0.3000
0.8401,0.4250,0.3000
0.8425,0.4250,0.3000
0.8450,0.4250,0.3000
0.8475,0.4250,0.3000
0.8500,0.4250,0.3000
0.8525,0.4250,0.3000
0.8550,0.4250,0.3000
0.8575,0.4250,0.3000
0.8600,0.4250,0.3000
0.8624,0.4250,0.3000
0.8649,0.4250,0.3000
0.8674,0.4250,0.3000
0.8699,0.4250,0.3000
0.8724,0.4250,0.3000
0.8749,0.4250,0.3000
0.8774,0.4250,0.3000
0.8799,0.4250,0.3000
0.8824,0.4250,0.3000
0.8849,0.4250,0.3000
0.8874,0.4250,0.3000
0.8899,0.4250,0.3000
0.8924,0.4250,0.3000
0.8949,0.4250,0.3000
0.8973,0.4250,0.3000
0.8998,0.4250,0.3000
0.9023,0.4250,0.3000
0.9048,0.4250,0.3000
0.9073,0.4250,0.3000
0.9098,0.4250,0.3000
0.9123,0.4250,0.3000
0.9147,0.4250,0.3000
0.9172,0.4250,0.3000
0.9197,0.4250,0.3000
0.9222,0.4250,0.3000
0.9247,0.4250,0.3000
0.9273,0.4250,0.3000
0.9298,0.4250,0.3000
0.9323,0.4250,0.3000
0.9347,0.4250,0.3000
0.9372,0.4250,0.3000
0.9397,0.4250,0.3000
0.9422,0.4250,0.3000
0.9447,0.4250,0.3000
0.9472,0.4250,0.3000
0.9497,0.4250,0.3000
0.9521,0.4250,0.3000
0.9546,0.4250,0.3000
0.9571,0.4250,0.3000
0.9596,0.4250,0.3000
0.9621,0.4250,0.3000
0.9646,0.4250,0.3000
0.9671,0.4250,0.3000
0.9696,0.4250,0.3000
0.9721,0.4250,0.3000
0.9746,0.4250,0.3000
0.9771,0.4250,0.3000
0.9796,0.4250,0.3000
0.9821,0.4250,0.3000
0.9846,0.4250,0.3000
0.9871,0.4250,0.3000
0.9895,0.4250,0.3000
0.9920,0.4250,0.3000
0.9945,0.4250,0.3000
0.9970,0.4250,0.3000
0.9995,0.4250,0.3000
1.0020,0.4250,0.3000
1.0045,0.4250,0.3000
1.0069,0.4250,0.3000
1.0094,0.4250,0.3000
1.0119,0.4250,0.3000
1.0144,0.4250,0.3000
1.0169,0.4250,0.3000
1.0195,0.4250,0.3000
1.0220,0.4250,0.3000
1.0244,0.4250,0.3000
1.0269,0.4250,0.3000
1.0294,0.4250,0.3000
1.0319,0.4250,0.3000
1.0344,0.4250,0.3000
1.0369,0.4250,0.3000
1.0394,0.4250,0.3000
1.0419,0.4250,0.3000
1.0443,0.4250,0.3000
1.0468,0.4250,0.3000
1.0493,0.4250,0.3000
1.0518,0.4250,0.3000
1.0543,0.4250,0.3000
1.0568,0.4250,0.3000
1.0593,0.4250,0.3000
1.0617,0.4250,0.3000
1.0642,0.4250,0.3000
1.0668,0.4250,0.3000
1.0693,0.4250,0.3000
1.0718,0.4250,0.3000
1.0743,0.4250,0.3000
1.0768,0.4250,0.3000
1.0792,0.4250,0.3000
1.0817,0.4250,0.3000
1.0842,0.4250,0.3000
1.0867,0.4250,0.3000
1.0892,0.4250,0.3000
1.0917,0.4250,0.3000
1.0942,0.4250,0.3000
1.0967,0.4250,0.3000
1.0991,0.4250,0.3000
1.1016,0.4250,0.3000
1.1041,0.4250,0.3000
1.1066,0.4250,0.3000
1.1091,0.4250,0.3000
1.1117,0.4250,0.3000
1.1142,0.4250,0.3000
1.1166,0.4250,0.3000
1.1191,0.4250,0.3000
1.1216,0.4250,0.3000
1.1241,0.4250,0.3000
1.1266,0.4250,0.3000
1.1291,0.4250,0.3000
1.1316,0.4250,0.3000
1.1340,0.4250,0.3000
1.1365,0.4250,0.3000
1.1390,0.4250,0.3000
1.1415,0.4250,0.3000
1.1440,0.4250,0.3000
1.1465,0.4250,0.3000
1.1490,0.4250,0.3000
1.1514,0.4250,0.3000
1.1539,0.4250,0.3000
1.1564,0.4250,0.3000
1.1590,0.4250,0.3000
1.1615,0.4250,0.3000
1.1640,0.4250,0.3000
1.1665,0.4250,0.3000
1.1690,0.4250,0.3000
1.1714,0.4250,0.3000
1.1739,0.4250,0.3000
1.1764,0.4250,0.3000
1.1789,0.4250,0.3000
1.1814,0.4250,0.3000
1.1839,0.4250,0.3000
1.1864,0.4250,0.3000
1.1888,0.4250,0.3000
1.1913,0.4250,0.3000
1.1938,0.4250,0.3000
1.1963,0.4250,0.3000
1.1988,0.4250,0.3000
1.2013,0.4250,0.3000
1.2038,0.4250,0.3000
1.2063,0.4250,0.3000
1.2088,0.4250,0.3000
1.2113,0.4250,0.3000
1.2138,0.4250,0.3000
1.2163,0.4250,0.3000
1.2188,0.4250,0.3000
1.2213,0.4250,0.3000
1.2238,0.4250,0.3000
1.2262,0.4250,0.3000
1.2287,0.4250,0.3000
1.2312,0.4250,0.3000
1.2337,0.4250,0.3000
1.2362,0.4250,0.3000
1.2387,0.4250,0.3000
1.2412,0.4250,0.3000
1.2436,0.4250,0.3000
1.2461,0.4250,0.3000
1.2486,0.4250,0.3000
1.2512,0.4250,0.3000
1.2537,0.4250,0.3000
1.2562,0.4250,0.3000
1.2587,0.4250,0.3000
1.2611,0.4250,0.3000
1.2636,0.4250,0.3000
1.2661,0.4250,0.3000
1.2686,0.4250,0.3000
1.2711,0.4250,0.3000
1.2736,0.4250,0.3000
1.2761,0.4250,0.3000
1.2786,0.4250,0.3000
1.2810,0.4250,0.3000
1.2835,0.4250,0.3000
1.2860,0.4250,0.3000
1.2885,0.4250,0.3000
1.2910,0.4250,0.3000
1.2935,0.4250,0.3000
1.2960,0.4250,0.3000
1.2985,0.4250,0.3000
1.3010,0.4250,0.3000
1.3035,0.4250,0.3000
1.3060,0.4250,0.3000
1.3085,0.4250,0.3000
1.3110,0.4250,0.3000
1.3135,0.4250,0.3000
1.3159,0.4250,0.3000
1.3184,0.4250,0.3000
1.3209,0.4250,0.3000
1.3234,0.4250,0.3000
1.3259,0.4250,0.3000
1.3284,0.4250,0.3000
1.3309,0.4250,0.3000
1.3334,0.4250,0.3000
1.3358,0.4250,0.3000
1.3383,0.4250,0.3000
1.3408,0.4250,0.3000
1.3434,0.4250,0.3000
1.3459,0.4250,0.3000
1.3484,0.4250,0.3000
1.3509,0.4250,0.3000
1.3533,0.4250,0.3000
1.3558,0.4250,0.3000
1.3583,0.4250,0.3000
1.3608,0.4250,0.3000
1.3633,0.4250,0.3000
1.3658,0.4250,0.3000
1.3683,0.4250,0.3000
1.3707,0.4250,0.3000
1.3732,0.4250,0.3000
1.3757,0.4250,0.3000
1.3782,0.4250,0.3000
1.3807,0.4250,0.3000
1.3832,0.4250,0.3000
1.3857,0.4250,0.3000
1.3881,0.4250,0.3000
1.3907,0.4250,0.3000
1.3932,0.4250,0.3000
1.3957,0.4250,0.3000
1.3982,0.4250,0.3000
1.4007,0.4250,0.3000
1.4032,0.4250,0.3000
1.4057,0.4250,0.3000
1.4081,0.4250,0.3000
1.4106,0.4250,0.3000
1.4131,0.4250,0.3000
1.4156,0.4250,0.3000
1.4181,0.4250,0.3000
1.4206,0.4250,0.3000
1.4231,0.4250,0.3000
1.4255,0.4250,0.3000
1.4280,0.4250,0.3000
1.4305,0.4250,0.3000
1.4330,0.4250,0.3000
1.4355,0.4250,0.3000
1.4381,0.4250,0.3000
1.4406,0.4250,0.3000
1.4430,0.4250,0.3000
1.4455,0.4250,0.3000
1.4480,0.4250,0.3000
1.4505,0.4250,0.3000
1.4530,0.4250,0.3000
1.4555,0.4250,0.3000
1.4580,0.4250,0.3000
1.4605,0.4250,0.3000
1.4629,0.4250,0.3000
1.4654,0.4250,0.3000
1.4679,0.4250,0.3000
1.4704,0.4250,0.3000
1.4729,0.4250,0.3000
1.4754,0.4250,0.3000
1.4779,0.4250,0.3000
1.4803,0.4250,0.3000
1.4829,0.4250,0.3000
1.4854,0.4250,0.3000
1.4879,0.4250,0.3000
1.4904,0.4250,0.3000
1.4929,0.4250,0.3000
1.4954,0.4250,0.3000
1.4978,0.4250,0.3000
1.5003,0.4250,0.3000
1.5028,0.4250,0.3000
1.5053,0.4250,0.3000
1.5078,0.4250,0.3000
1.5103,0.4250,0.3000
1.5128,0.4250,0.3000
1.5153,0.4250,0.3000
1.5177,0.4250,0.3000
1.5202,0.4250,0.3000
1.5227,0.4250,0.3000
1.5252,0.4250,0.3000
1.5277,0.4250,0.3000
1.5302,0.4250,0.3000
1.5328,0.4250,0.3000
1.5352,0.4250,0.3000
1.5377,0.4250,0.3000
1.5402,0.4250,0.3000
1.5427,0.4250,0.3000
1.5452,0.4250,0.3000
1.5477,0.4250,0.3000
1.5502,0.4250,0.3000
1.5526,0.4250,0.3000
1.5551,0.4250,0.3000
1.5576,0.4250,0.3000
1.5601,0.4250,0.3000
1.5626,0.4250,0.3000
1.5651,0.4250,0.3000
1.5676,0.4250,0.3000
1.5701,0.4250,0.3000
1.5725,0.4250,0.3000
1.5750,0.4250,0.3000
1.5776,0.4250,0.3000
1.5801,0.4250,0.3000
1.5826,0.4250,0.3000
1.5851,0.4250,0.3000
1.5876,0.4250,0.3000
1.5900,0.4250,0.3000
1.5925,0.4250,0.3000
1.5950,0.4250,0.3000
1.5975,0.4250,0.3000
