-1.6000,-0.1030,0.3000
-1.5975,-0.1030,0.3000
-1.5950,-0.1030,0.3000
-1.5925,-0.1030,0.3000
-1.5900,-0.1030,0.3000
-1.5876,-0.1030,0.3000
-1.5851,-0.1030,0.3000
-1.5826,-0.1030,0.3000
-1.5801,-0.1030,0.3000
-1.5776,-0.1030,0.3000
-1.5751,-0.1030,0.3000
-1.5726,-0.1030,0.3000
-1.5701,-0.1030,0.3000
-1.5677,-0.1030,0.3000
-1.5652,-0.1030,0.3000
-1.5627,-0.1030,0.3000
-1.5602,-0.1030,0.3000
-1.5577,-0.1030,0.3000
-1.5551,-0.1030,0.3000
-1.5526,-0.1030,0.3000
-1.5501,-0.1030,0.3000
-1.5476,-0.1030,0.3000
-1.5452,-0.1030,0.3000
-1.5427,-0.1030,0.3000
-1.5402,-0.1030,0.3000
-1.5377,-0.1030,0.3000
-1.5352,-0.1030,0.3000
-1.5327,-0.1030,0.3000
-1.5302,-0.1030,0.3000
-1.5277,-0.1030,0.3000
-1.5253,-0.1030,0.3000
-1.5228,-0.1030,0.3000
-1.5203,-0.1030,0.3000
-1.5178,-0.1030,0.3000
-1.5153,-0.1030,0.3000
-1.5128,-0.1030,0.3000
-1.5103,-0.1030,0.3000
-1.5078,-0.1030,0.3000
-1.5053,-0.1030,0.3000
-1.5029,-0.1030,0.3000
-1.5004,-0.1030,0.3000
-1.4979,-0.1030,0.3000
-1.4954,-0.1030,0.3000
-1.4929,-0.1030,0.3000
-1.4904,-0.1030,0.3000
-1.4879,-0.1030,0.3000
-1.4854,-0.1030,0.3000
-1.4830,-0.1030,0.3000
-1.4805,-0.1030,0.3000
-1.4780,-0.1030,0.3000
-1.4755,-0.1030,0.3000
-1.4730,-0.1030,0.3000
-1.4705,-0.1030,0.3000
-1.4680,-0.1030,0.3000
-1.4655,-0.1030,0.3000
-1.4629,-0.1030,0.3000
-1.4605,-0.1030,0.3000
-1.4580,-0.1030,0.3000
-1.4555,-0.1030,0.3000
-1.4530,-0.1030,0.3000
-1.4505,-0.1030,0.3000
-1.4480,-0.1030,0.3000
-1.4455,-0.1030,0.3000
-1.4430,-0.1030,0.3000
-1.4406,-0.1030,0.3000
-1.4381,-0.1030,0.3000
-1.4356,-0.1030,0.3000
-1.4331,-0.1030,0.3000
-1.4306,-0.1030,0.3000
-1.4281,-0.1030,0.3000
-1.4256,-0.1030,0.3000
-1.4231,-0.1030,0.3000
-1.4206,-0.1030,0.3000
-1.4182,-0.1030,0.3000
-1.4157,-0.1030,0.3000
-1.4132,-0.1030,0.3000
-1.4107,-0.1030,0.3000
-1.4082,-0.1030,0.3000
-1.4057,-0.1030,0.3000
-1.4032,-0.1030,0.3000
-1.4007,-0.1030,0.3000
-1.3982,-0.1030,0.3000
-1.3958,-0.1030,0.3000
-1.3933,-0.1030,0.3000
-1.3908,-0.1030,0.3000
-1.3883,-0.1030,0.3000
-1.3858,-0.1030,0.3000
-1.3833,-0.1030,0.3000
-1.3808,-0.1030,0.3000
-1.3783,-0.1030,0.3000
-1.3758,-0.1030,0.3000
-1.3733,-0.1030,0.3000
-1.3708,-0.1030,0.3000
-1.3683,-0.1030,0.3000
-1.3658,-0.1030,0.3000
-1.3633,-0.1030,0.3000
-1.3608,-0.1030,0.3000
-1.3583,-0.1030,0.3000
-1.3558,-0.1030,0.3000
-1.3534,-0.1030,0.3000
-1.3509,-0.1030,0.3000
-1.3484,-0.1030,0.3000
-1.3459,-0.1030,0.3000
-1.3434,-0.1030,0.3000
-1.3409,-0.1030,0.3000
-1.3384,-0.1030,0.3000
-1.3359,-0.1030,0.3000
-1.3335,-0.1030,0.3000
-1.3310,-0.1030,0.3000
-1.3285,-0.1030,0.3000
-1.3260,-0.1030,0.3000
-1.3235,-0.1030,0.3000
-1.3210,-0.1030,0.3000
-1.3185,-0.1030,0.3000
-1.3160,-0.1030,0.3000
-1.3135,-0.1030,0.3000
-1.3111,-0.1030,0.3000
-1.3086,-0.1030,0.3000
-1.3061,-0.1030,0.3000
-1.3036,-0.1030,0.3000
-1.3011,-0.1030,0.3000
-1.2986,-0.1030,0.3000
-1.2961,-0.1030,0.3000
-1.2936,-0.1030,0.3000
-1.2912,-0.1030,0.3000
-1.2886,-0.1030,0.3000
-1.2861,-0.1030,0.3000
-1.2836,-0.1030,0.3000
-1.2811,-0.1030,0.3000
-1.2786,-0.1030,0.3000
-1.2761,-0.1030,0.3000
-1.2736,-0.1030,0.3000
-1.2711,-0.1030,0.3000
-1.2687,-0.1030,0.3000
-1.2662,-0.1030,0.3000
-1.2637,-0.1030,0.3000
-1.2612,-0.1030,0.3000
-1.2587,-0.1030,0.3000
-1.2562,-0.1030,0.3000
-1.2537,-0.1030,0.3000
-1.2512,-0.1030,0.3000
-1.2488,-0.1030,0.3000
-1.2463,-0.1030,0.3000
-1.2438,-0.1030,0.3000
-1.2413,-0.1030,0.3000
-1.2388,-0.1030,0.3000
-1.2363,-0.1030,0.3000
-1.2338,-0.1030,0.3000
-1.2313,-0.1030,0.3000
-1.2288,-0.1030,0.3000
-1.2264,-0.1030,0.3000
-1.2239,-0.1030,0.3000
-1.2214,-0.1030,0.3000
-1.2189,-0.1030,0.3000
-1.2164,-0.1030,0.3000
-1.2139,-0.1030,0.3000
-1.2114,-0.1030,0.3000
-1.2089,-0.1030,0.3000
-1.2065,-0.1030,0.3000
-1.2040,-0.1030,0.3000
-1.2015,-0.1030,0.3000
-1.1990,-0.1030,0.3000
-1.1964,-0.1030,0.3000
-1.1939,-0.1030,0.3000
-1.1914,-0.1030,0.3000
-1.1889,-0.1030,0.3000
-1.1864,-0.1030,0.3000
-1.1840,-0.1030,0.3000
-1.1815,-0.1030,0.3000
-1.1790,-0.1030,0.3000
-1.1765,-0.1030,0.3000
-1.1740,-0.1030,0.3000
-1.1715,-0.1030,0.3000
-1.1690,-0.1030,0.3000
-1.1665,-0.1030,0.3000
-1.1641,-0.1030,0.3000
-1.1616,-0.1030,0.3000
-1.1591,-0.1030,0.3000
-1.1566,-0.1030,0.3000
-1.1541,-0.1030,0.3000
-1.1516,-0.1030,0.3000
-1.1491,-0.1030,0.3000
-1.1466,-0.1030,0.3000
-1.1441,-0.1030,0.3000
-1.1417,-0.1030,0.3000
-1.1392,-0.1030,0.3000
-1.1367,-0.1030,0.3000
-1.1342,-0.1030,0.3000
-1.1317,-0.1030,0.3000
-1.1292,-0.1030,0.3000
-1.1267,-0.1030,0.3000
-1.1242,-0.1030,0.3000
-1.1218,-0.1030,0.3000
-1.1193,-0.1030,0.3000
-1.1168,-0.1030,0.3000
-1.1143,-0.1030,0.3000
-1.1118,-0.1030,0.3000
-1.1093,-0.1030,0.3000
-1.1067,-0.1030,0.3000
-1.1042,-0.1030,0.3000
-1.1017,-0.1030,0.3000
-1.0993,-0.1030,0.3000
-1.0968,-0.1030,0.3000
-1.0943,-0.1030,0.3000
-1.0918,-0.1030,0.3000
-1.0893,-0.1030,0.3000
-1.0868,-0.1030,0.3000
-1.0843,-0.1030,0.3000
-1.0818,-0.1030,0.3000
-1.0794,-0.1030,0.3000
-1.0769,-0.1030,0.3000
-1.0744,-0.1030,0.3000
-1.0719,-0.1030,0.3000
-1.0694,-0.1030,0.3000
-1.0669,-0.1030,0.3000
-1.0644,-0.1030,0.3000
-1.0619,-0.1030,0.3000
-1.0594,-0.1030,0.3000
-1.0570,-0.1030,0.3000
-1.0545,-0.1030,0.3000
-1.0520,-0.1030,0.3000
-1.0495,-0.1030,0.3000
-1.0470,-0.1030,0.3000
-1.0445,-0.1030,0.3000
-1.0420,-0.1030,0.3000
-1.0395,-0.1030,0.3000
-1.0371,-0.1030,0.3000
-1.0346,-0.1030,0.3000
-1.0321,-0.1030,0.3000
-1.0296,-0.1030,0.3000
-1.0271,-0.1030,0.3000
-1.0246,-0.1030,0.3000
-1.0221,-0.1030,0.3000
-1.0195,-0.1030,0.3000
-1.0170,-0.1030,0.3000
-1.0146,-0.1030,0.3000
-1.0121,-0.1030,0.3000
-1.0096,-0.1030,0.3000
-1.0071,-0.1030,0.3000
-1.0046,-0.1030,0.3000
-1.0021,-0.1030,0.3000
-0.9996,-0.1030,0.3000
-0.9971,-0.1030,0.3000
-0.9946,-0.1030,0.3000
-0.9922,-0.1030,0.3000
-0.9897,-0.1030,0.3000
-0.9872,-0.1030,0.3000
-0.9847,-0.1030,0.3000
-0.9822,-0.1030,0.3000
-0.9797,-0.1030,0.3000
-0.9772,-0.1030,0.3000
-0.9747,-0.1030,0.3000
-0.9723,-0.1030,0.3000
-0.9698,-0.1030,0.3000
-0.9673,-0.1030,0.3000
-0.9648,-0.1030,0.3000
-0.9623,-0.1030,0.3000
-0.9598,-0.1030,0.3000
-0.9573,-0.1030,0.3000
-0.9548,-0.1030,0.3000
-0.9523,-0.1030,0.3000
-0.9499,-0.1030,0.3000
-0.9474,-0.1030,0.3000
-0.9449,-0.1030,0.3000
-0.9424,-0.1030,0.3000
-0.9399,-0.1030,0.3000
-0.9374,-0.1030,0.3000
-0.9349,-0.1030,0.3000
-0.9324,-0.1030,0.3000
-0.9299,-0.1030,0.3000
-0.9274,-0.1030,0.3000
-0.9249,-0.1030,0.3000
-0.9224,-0.1030,0.3000
-0.9199,-0.1030,0.3000
-0.9174,-0.1030,0.3000
-0.9149,-0.1030,0.3000
-0.9124,-0.1030,0.3000
-0.9099,-0.1030,0.3000
-0.9075,-0.1030,0.3000
-0.9050,-0.1030,0.3000
-0.9025,-0.1030,0.3000
-0.9000,-0.1030,0.3000
-0.8975,-0.1030,0.3000
-0.8950,-0.1030,0.3000
-0.8925,-0.1030,0.3000
-0.8900,-0.1030,0.3000
-0.8876,-0.1030,0.3000
-0.8851,-0.1030,0.3000
-0.8826,-0.1030,0.3000
-0.8801,-0.1030,0.3000
-0.8776,-0.1030,0.3000
-0.8751,-0.1030,0.3000
-0.8726,-0.1030,0.3000
-0.8701,-0.1030,0.3000
-0.8676,-0.1030,0.3000
-0.8652,-0.1030,0.3000
-0.8627,-0.1030,0.3000
-0.8602,-0.1030,0.3000
-0.8577,-0.1030,0.3000
-0.8552,-0.1030,0.3000
-0.8527,-0.1030,0.3000
-0.8502,-0.1030,0.3000
-0.8477,-0.1030,0.3000
-0.8453,-0.1030,0.3000
-0.8428,-0.1030,0.3000
-0.8402,-0.1030,0.3000
-0.8377,-0.1030,0.3000
-0.8352,-0.1030,0.3000
-0.8327,-0.1030,0.3000
-0.8302,-0.1030,0.3000
-0.8277,-0.1030,0.3000
-0.8252,-0.1030,0.3000
-0.8228,-0.1030,0.3000
-0.8203,-0.1030,0.3000
-0.8178,-0.1030,0.3000
-0.8153,-0.1030,0.3000
-0.8128,-0.1030,0.3000
-0.8103,-0.1030,0.3000
-0.8078,-0.1030,0.3000
-0.8053,-0.1030,0.3000
-0.8029,-0.1030,0.3000
-0.8004,-0.1030,0.3000
-0.7979,-0.1030,0.3000
-0.7954,-0.1030,0.3000
-0.7929,-0.1030,0.3000
-0.7904,-0.1030,0.3000
-0.7879,-0.1030,0.3000
-0.7854,-0.1030,0.3000
-0.7829,-0.1030,0.3000
-0.7805,-0.1030,0.3000
-0.7780,-0.1030,0.3000
-0.7755,-0.1030,0.3000
-0.7730,-0.1030,0.3000
-0.7705,-0.1030,0.3000
-0.7680,-0.1030,0.3000
-0.7655,-0.1030,0.3000
-0.7630,-0.1030,0.3000
-0.7606,-0.1030,0.3000
-0.7581,-0.1030,0.3000
-0.7556,-0.1030,0.3000
-0.7530,-0.1030,0.3000
-0.7505,-0.1030,0.3000
-0.7480,-0.1030,0.3000
-0.7455,-0.1030,0.3000
-0.7430,-0.1030,0.3000
-0.7405,-0.1030,0.3000
-0.7381,-0.1030,0.3000
-0.7356,-0.1030,0.3000
-0.7331,-0.1030,0.3000
-0.7306,-0.1030,0.3000
-0.7281,-0.1030,0.3000
-0.7256,-0.1030,0.3000
-0.7231,-0.1030,0.3000
-0.7206,-0.1030,0.3000
-0.7182,-0.1030,0.3000
-0.7157,-0.1030,0.3000
-0.7132,-0.1030,0.3000
-0.7107,-0.1030,0.3000
-0.7082,-0.1030,0.3000
-0.7057,-0.1030,0.3000
-0.7032,-0.1030,0.3000
-0.7007,-0.1030,0.3000
-0.6982,-0.1030,0.3000
-0.6958,-0.1030,0.3000
-0.6933,-0.1030,0.3000
-0.6908,-0.1030,0.3000
-0.6883,-0.1030,0.3000
-0.6858,-0.1030,0.3000
-0.6833,-0.1030,0.3000
-0.6808,-0.1030,0.3000
-0.6783,-0.1030,0.3000
-0.6759,-0.1030,0.3000
-0.6734,-0.1030,0.3000
-0.6709,-0.1030,0.3000
-0.6684,-0.1030,0.3000
-0.6659,-0.1030,0.3000
-0.6634,-0.1030,0.3000
-0.6608,-0.1030,0.3000
-0.6583,-0.1030,0.3000
-0.6558,-0.1030,0.3000
-0.6534,-0.1030,0.3000
-0.6509,-0.1030,0.3000
-0.6484,-0.1030,0.3000
-0.6459,-0.1030,0.3000
-0.6434,-0.1030,0.3000
-0.6409,-0.1030,0.3000
-0.6384,-0.1030,0.3000
-0.6359,-0.1030,0.3000
-0.6335,-0.1030,0.3000
-0.6310,-0.1030,0.3000
-0.6285,-0.1030,0.3000
-0.6260,-0.1030,0.3000
-0.6235,-0.1030,0.3000
-0.6210,-0.1030,0.3000
-0.6185,-0.1030,0.3000
-0.6160,-0.1030,0.3000
-0.6135,-0.1030,0.3000
-0.6111,-0.1030,0.3000
-0.6086,-0.1030,0.3000
-0.6061,-0.1030,0.3000
-0.6036,-0.1030,0.3000
-0.6011,-0.1030,0.3000
-0.5986,-0.1030,0.3000
-0.5961,-0.1030,0.3000
-0.5936,-0.1030,0.3000
-0.5911,-0.1030,0.3000
-0.5887,-0.1030,0.3000
-0.5862,-0.1030,0.3000
-0.5837,-0.1030,0.3000
-0.5812,-0.1030,0.3000
-0.5787,-0.1030,0.3000
-0.5762,-0.1030,0.3000
-0.5737,-0.1030,0.3000
-0.5711,-0.1030,0.3000
-0.5687,-0.1030,0.3000
-0.5662,-0.1030,0.3000
-0.5637,-0.1030,0.3000
-0.5612,-0.1030,0.3000
-0.5587,-0.1030,0.3000
-0.5562,-0.1030,0.3000
-0.5537,-0.1030,0.3000
-0.5512,-0.1030,0.3000
-0.5487,-0.1030,0.3000
-0.5463,-0.1030,0.3000
-0.5438,-0.1030,0.3000
-0.5413,-0.1030,0.3000
-0.5388,-0.1030,0.3000
-0.5363,-0.1030,0.3000
-0.5338,-0.1030,0.3000
-0.5313,-0.1030,0.3000
-0.5288,-0.1030,0.3000
-0.5264,-0.1030,0.3000
-0.5239,-0.1030,0.3000
-0.5214,-0.1030,0.3000
-0.5189,-0.1030,0.3000
-0.5164,-0.1030,0.3000
-0.5139,-0.1030,0.3000
-0.5114,-0.1030,0.3000
-0.5089,-0.1030,0.3000
-0.5064,-0.1030,0.3000
-0.5040,-0.1030,0.3000
-0.5015,-0.1030,0.3000
-0.4990,-0.1030,0.3000
-0.4965,-0.1030,0.3000
-0.4940,-0.1030,0.3000
-0.4915,-0.1030,0.3000
-0.4890,-0.1030,0.3000
-0.4865,-0.1030,0.3000
-0.4840,-0.1030,0.3000
-0.4815,-0.1030,0.3000
-0.4790,-0.1030,0.3000
-0.4765,-0.1030,0.3000
-0.4740,-0.1030,0.3000
-0.4715,-0.1030,0.3000
-0.4690,-0.1030,0.3000
-0.4665,-0.1030,0.3000
-0.4640,-0.1030,0.3000
-0.4616,-0.1030,0.3000
-0.4591,-0.1030,0.3000
-0.4566,-0.1030,0.3000
-0.4541,-0.1030,0.3000
-0.4516,-0.1030,0.3000
-0.4491,-0.1030,0.3000
-0.4466,-0.1030,0.3000
-0.4441,-0.1030,0.3000
-0.4417,-0.1030,0.3000
-0.4392,-0.1030,0.3000
-0.4367,-0.1030,0.3000
-0.4342,-0.1030,0.3000
-0.4317,-0.1030,0.3000
-0.4292,-0.1030,0.3000
-0.4267,-0.1030,0.3000
-0.4242,-0.1030,0.3000
-0.4217,-0.1030,0.3000
-0.4193,-0.1030,0.3000
-0.4168,-0.1030,0.3000
-0.4143,-0.1030,0.3000
-0.4118,-0.1030,0.3000
-0.4093,-0.1030,0.3000
-0.4068,-0.1030,0.3000
-0.4043,-0.1030,0.3000
-0.4018,-0.1030,0.3000
-0.3994,-0.1030,0.3000
-0.3969,-0.1030,0.3000
-0.3943,-0.1030,0.3000
-0.3918,-0.1030,0.3000
-0.3893,-0.1030,0.3000
-0.3868,-0.1030,0.3000
-0.3843,-0.1030,0.3000
-0.3818,-0.1030,0.3000
-0.3793,-0.1030,0.3000
-0.3769,-0.1030,0.3000
-0.3744,-0.1030,0.3000
-0.3719,-0.1030,0.3000
-0.3694,-0.1030,0.3000
-0.3669,-0.1030,0.3000
-0.3644,-0.1030,0.3000
-0.3619,-0.1030,0.3000
-0.3594,-0.1030,0.3000
-0.3570,-0.1030,0.3000
-0.3545,-0.1030,0.3000
-0.3520,-0.1030,0.3000
-0.3495,-0.1030,0.3000
-0.3470,-0.1030,0.3000
-0.3445,-0.1030,0.3000
-0.3420,-0.1030,0.3000
-0.3395,-0.1030,0.3000
-0.3370,-0.1030,0.3000
-0.3346,-0.1030,0.3000
-0.3321,-0.1030,0.3000
-0.3296,-0.1030,0.3000
-0.3271,-0.1030,0.3000
-0.3246,-0.1030,0.3000
-0.3221,-0.1030,0.3000
-0.3196,-0.1030,0.3000
-0.3171,-0.1030,0.3000
-0.3147,-0.1030,0.3000
-0.3122,-0.1030,0.3000
-0.3097,-0.1030,0.3000
-0.3072,-0.1030,0.3000
-0.3046,-0.1030,0.3000
-0.3021,-0.1030,0.3000
-0.2996,-0.1030,0.3000
-0.2971,-0.1030,0.3000
-0.2946,-0.1030,0.3000
-0.2922,-0.1030,0.3000
-0.2897,-0.1030,0.3000
-0.2872,-0.1030,0.3000
-0.2847,-0.1030,0.3000
-0.2822,-0.1030,0.3000
-0.2797,-0.1030,0.3000
-0.2772,-0.1030,0.3000
-0.2747,-0.1030,0.3000
-0.2723,-0.1030,0.3000
-0.2698,-0.1030,0.3000
-0.2673,-0.1030,0.3000
-0.2648,-0.1030,0.4668
-0.2623,-0.1030,0.4668
-0.2610,-0.1030,0.6135
-0.2598,-0.1030,0.7672
-0.2573,-0.1030,0.7513
-0.2548,-0.1030,0.7358
-0.2523,-0.1030,0.7207
-0.2498,-0.1030,0.7061
-0.2473,-0.1030,0.6918
-0.2448,-0.1030,0.6778
-0.2423,-0.1030,0.6643
-0.2398,-0.1030,0.6512
-0.2373,-0.1030,0.6384
-0.2347,-0.1030,0.6261
-0.2323,-0.1030,0.6141
-0.2298,-0.1030,0.6026
-0.2273,-0.1030,0.5914
-0.2248,-0.1030,0.5806
-0.2223,-0.1030,0.5702
-0.2197,-0.1030,0.5602
-0.2172,-0.1030,0.5506
-0.2147,-0.1030,0.5413
-0.2122,-0.1030,0.5325
-0.2098,-0.1030,0.5240
-0.2072,-0.1030,0.5160
-0.2047,-0.1030,0.5083
-0.2022,-0.1030,0.5010
-0.1997,-0.1030,0.4941
-0.1972,-0.1030,0.4876
-0.1947,-0.1030,0.4815
-0.1922,-0.1030,0.4758
-0.1896,-0.1030,0.4705
-0.1872,-0.1030,0.4655
-0.1847,-0.1030,0.4610
-0.1822,-0.1030,0.4568
-0.1797,-0.1030,0.4530
-0.1772,-0.1030,0.4497
-0.1746,-0.1030,0.4467
-0.1721,-0.1030,0.4441
-0.1696,-0.1030,0.4419
-0.1672,-0.1030,0.4400
-0.1647,-0.1030,0.4386
-0.1621,-0.1030,0.4376
-0.1596,-0.1030,0.4369
-0.1571,-0.1030,0.4367
-0.1546,-0.1030,0.4368
-0.1521,-0.1030,0.4376
-0.1496,-0.1030,0.4460
-0.1471,-0.1030,0.4854
-0.1446,-0.1030,0.5736
-0.1421,-0.1030,0.7106
-0.1396,-0.1030,0.8795
-0.1353,-0.1030,0.9994
-0.1270,-0.1030,0.9683
-0.1245,-0.1030,0.8470
-0.1220,-0.1030,0.7351
-0.1195,-0.1030,0.6426
-0.1170,-0.1030,0.5698
-0.1145,-0.1030,0.5165
-0.1120,-0.1030,0.4828
-0.1095,-0.1030,0.4685
-0.1070,-0.1030,0.4719
-0.1045,-0.1030,0.4839
-0.1020,-0.1030,0.4957
-0.0994,-0.1030,0.5066
-0.0969,-0.1030,0.5167
-0.0945,-0.1030,0.5260
-0.0920,-0.1030,0.5344
-0.0895,-0.1030,0.5419
-0.0870,-0.1030,0.5487
-0.0844,-0.1030,0.5546
-0.0819,-0.1030,0.5597
-0.0794,-0.1030,0.5639
-0.0769,-0.1030,0.5673
-0.0745,-0.1030,0.5699
-0.0720,-0.1030,0.5716
-0.0694,-0.1030,0.5725
-0.0669,-0.1030,0.5726
-0.0644,-0.1030,0.5718
-0.0619,-0.1030,0.5702
-0.0594,-0.1030,0.5677
-0.0569,-0.1030,0.5644
-0.0543,-0.1030,0.5603
-0.0519,-0.1030,0.5553
-0.0494,-0.1030,0.5495
-0.0469,-0.1030,0.5429
-0.0444,-0.1030,0.5354
-0.0419,-0.1030,0.5271
-0.0393,-0.1030,0.5180
-0.0368,-0.1030,0.5155
-0.0343,-0.1030,0.5988
-0.0320,-0.1030,0.4723
-0.0318,-0.1030,0.5540
-0.0289,-0.1030,0.4668
-0.0259,-0.1030,0.4668
-0.0230,-0.1030,0.4703
-0.0229,-0.1030,0.5513
-0.0201,-0.1030,0.5248
-0.0173,-0.1030,0.5026
-0.0144,-0.1030,0.4847
-0.0117,-0.1030,0.4712
-0.0089,-0.1030,0.4620
-0.0061,-0.1030,0.4572
-0.0033,-0.1028,0.4567
-0.0005,-0.0007,0.4606
0.0024,-0.1023,0.4688
0.0052,-0.1030,0.4814
0.0080,-0.1030,0.4671
0.0100,-0.1030,0.4668
0.0119,-0.1030,0.3000
0.0139,-0.1030,0.4725
0.0159,-0.1030,0.4633
0.0186,-0.1030,0.4623
0.0212,-0.1030,0.4615
0.0239,-0.1030,0.4608
0.0266,-0.1030,0.4599
0.0291,-0.1030,0.4591
0.0318,-0.1030,0.4582
0.0345,-0.1030,0.4573
0.0371,-0.1030,0.4564
0.0398,-0.1030,0.4555
0.0425,-0.1030,0.4545
0.0451,-0.1030,0.4535
0.0478,-0.1030,0.4524
0.0504,-0.1030,0.4514
0.0530,-0.1030,0.4503
0.0557,-0.1030,0.4492
0.0584,-0.1030,0.4480
0.0610,-0.1030,0.4469
0.0637,-0.1030,0.4644
0.0640,-0.1030,0.4668
0.0666,-0.1030,0.4668
0.0696,-0.1030,0.6830
0.0726,-0.1030,0.5014
0.0730,-0.1030,0.6625
0.0751,-0.1030,0.4460
0.0776,-0.1030,0.4068
0.0802,-0.1030,0.4113
0.0827,-0.1030,0.4155
0.0852,-0.1030,0.4196
0.0877,-0.1030,0.4234
0.0902,-0.1030,0.4270
0.0926,-0.1030,0.4305
0.0952,-0.1030,0.4337
0.0977,-0.1030,0.4367
0.1002,-0.1030,0.4395
0.1027,-0.1030,0.4420
0.1052,-0.1030,0.4444
0.1078,-0.1030,0.4466
0.1103,-0.1030,0.4485
0.1128,-0.1030,0.4502
0.1152,-0.1030,0.4518
0.1177,-0.1030,0.4531
0.1203,-0.1030,0.4542
0.1228,-0.1030,0.4551
0.1253,-0.1030,0.4558
0.1278,-0.1030,0.4562
0.1303,-0.1030,0.4565
0.1328,-0.1030,0.4565
0.1353,-0.1030,0.4564
0.1378,-0.1030,0.4560
0.1403,-0.1030,0.4554
0.1428,-0.1030,0.4546
0.1453,-0.1030,0.4536
0.1479,-0.1030,0.4524
0.1504,-0.1030,0.4510
0.1529,-0.1030,0.4494
0.1554,-0.1030,0.4475
0.1578,-0.1030,0.4455
0.1603,-0.1030,0.4432
0.1629,-0.1030,0.4407
0.1654,-0.1030,0.4380
0.1679,-0.1030,0.4351
0.1704,-0.1030,0.4320
0.1729,-0.1030,0.4287
0.1754,-0.1030,0.4252
0.1779,-0.1030,0.4214
0.1804,-0.1030,0.4175
0.1829,-0.1030,0.4133
0.1854,-0.1030,0.4089
0.1880,-0.1030,0.4044
0.1905,-0.1030,0.3996
0.1930,-0.1030,0.3946
0.1955,-0.1030,0.3893
0.1980,-0.1030,0.3839
0.2004,-0.1030,0.3783
0.2030,-0.1030,0.3724
0.2055,-0.1030,0.3664
0.2080,-0.1030,0.3601
0.2105,-0.1030,0.3532
0.2130,-0.1030,0.3457
0.2155,-0.1030,0.3373
0.2181,-0.1030,0.3283
0.2206,-0.1030,0.3184
0.2230,-0.1030,0.3078
0.2255,-0.1030,0.2965
0.2280,-0.1030,0.2844
0.2306,-0.1030,0.2715
0.2331,-0.1030,0.2579
0.2356,-0.1030,0.2435
0.2381,-0.1030,0.2284
0.2406,-0.1030,0.2125
0.2431,-0.1030,0.1959
0.2456,-0.1030,0.1785
0.2481,-0.1030,0.1603
0.2506,-0.1030,0.1414
0.2531,-0.1030,0.1218
0.2556,-0.1030,0.1013
0.2582,-0.1030,0.0801
0.2607,-0.1030,0.0582
0.2632,-0.1030,0.0355
0.2656,-0.1030,0.0121
0.2719,-0.1030,0.2292
0.2770,-0.1030,0.4668
0.2782,-0.1030,0.4668
0.2807,-0.1030,0.3000
0.2832,-0.1030,0.3000
0.2857,-0.1030,0.3000
0.2882,-0.1030,0.3000
0.2906,-0.1030,0.3000
0.2931,-0.1030,0.3000
0.2956,-0.1030,0.3000
0.2982,-0.1030,0.3000
0.3007,-0.1030,0.3000
0.3032,-0.1030,0.3000
0.3057,-0.1030,0.3000
0.3082,-0.1030,0.3000
0.3107,-0.1030,0.3000
0.3131,-0.1030,0.3000
0.3156,-0.1030,0.3000
0.3181,-0.1030,0.3000
0.3206,-0.1030,0.3000
0.3231,-0.1030,0.3000
0.3256,-0.1030,0.3000
0.3281,-0.1030,0.3000
0.3306,-0.1030,0.3000
0.3330,-0.1030,0.3000
0.3355,-0.1030,0.3000
0.3380,-0.1030,0.3000
0.3405,-0.1030,0.3000
0.3430,-0.1030,0.3000
0.3456,-0.1030,0.3000
0.3481,-0.1030,0.3000
0.3506,-0.1030,0.3000
0.3531,-0.1030,0.3000
0.3555,-0.1030,0.3000
0.3580,-0.1030,0.3000
0.3605,-0.1030,0.3000
0.3630,-0.1030,0.3000
0.3655,-0.1030,0.3000
0.3680,-0.1030,0.3000
0.3705,-0.1030,0.3000
0.3730,-0.1030,0.3000
0.3754,-0.1030,0.3000
0.3779,-0.1030,0.3000
0.3804,-0.1030,0.3000
0.3829,-0.1030,0.3000
0.3854,-0.1030,0.3000
0.3879,-0.1030,0.3000
0.3905,-0.1030,0.3000
0.3930,-0.1030,0.3000
0.3955,-0.1030,0.3000
0.3979,-0.1030,0.3000
0.4004,-0.1030,0.3000
0.4029,-0.1030,0.3000
0.4054,-0.1030,0.3000
0.4079,-0.1030,0.3000
0.4104,-0.1030,0.3000
0.4129,-0.1030,0.3000
0.4154,-0.1030,0.3000
0.4178,-0.1030,0.3000
0.4203,-0.1030,0.3000
0.4228,-0.1030,0.3000
0.4253,-0.1030,0.3000
0.4278,-0.1030,0.3000
0.4303,-0.1030,0.3000
0.4329,-0.1030,0.3000
0.4354,-0.1030,0.3000
0.4379,-0.1030,0.3000
0.4403,-0.1030,0.3000
0.4428,-0.1030,0.3000
0.4453,-0.1030,0.3000
0.4478,-0.1030,0.3000
0.4503,-0.1030,0.3000
0.4528,-0.1030,0.3000
0.4553,-0.1030,0.3000
0.4578,-0.1030,0.3000
0.4602,-0.1030,0.3000
0.4627,-0.1030,0.3000
0.4652,-0.1030,0.3000
0.4677,-0.1030,0.3000
0.4702,-0.1030,0.3000
0.4727,-0.1030,0.3000
0.4752,-0.1030,0.3000
0.4778,-0.1030,0.3000
0.4803,-0.1030,0.3000
0.4827,-0.1030,0.3000
0.4852,-0.1030,0.3000
0.4877,-0.1030,0.3000
0.4902,-0.1030,0.3000
0.4927,-0.1030,0.3000
0.4952,-0.1030,0.3000
0.4977,-0.1030,0.3000
0.5002,-0.1030,0.3000
0.5026,-0.1030,0.3000
0.5051,-0.1030,0.3000
0.5076,-0.1030,0.3000
0.5101,-0.1030,0.3000
0.5126,-0.1030,0.3000
0.5151,-0.1030,0.3000
0.5176,-0.1030,0.3000
0.5202,-0.1030,0.3000
0.5227,-0.1030,0.3000
0.5251,-0.1030,0.3000
0.5276,-0.1030,0.3000
0.5301,-0.1030,0.3000
0.5326,-0.1030,0.3000
0.5351,-0.1030,0.3000
0.5376,-0.1030,0.3000
0.5401,-0.1030,0.3000
0.5426,-0.1030,0.3000
0.5450,-0.1030,0.3000
0.5475,-0.1030,0.3000
0.5500,-0.1030,0.3000
0.5525,-0.1030,0.3000
0.5550,-0.1030,0.3000
0.5575,-0.1030,0.3000
0.5600,-0.1030,0.3000
0.5625,-0.1030,0.3000
0.5650,-0.1030,0.3000
0.5675,-0.1030,0.3000
0.5700,-0.1030,0.3000
0.5725,-0.1030,0.3000
0.5750,-0.1030,0.3000
0.5775,-0.1030,0.3000
0.5800,-0.1030,0.3000
0.5825,-0.1030,0.3000
0.5850,-0.1030,0.3000
0.5874,-0.1030,0.3000
0.5899,-0.1030,0.3000
0.5924,-0.1030,0.3000
0.5949,-0.1030,0.3000
0.5974,-0.1030,0.3000
0.5999,-0.1030,0.3000
0.6024,-0.1030,0.3000
0.6049,-0.1030,0.3000
0.6074,-0.1030,0.3000
0.6099,-0.1030,0.3000
0.6124,-0.1030,0.3000
0.6149,-0.1030,0.3000
0.6174,-0.1030,0.3000
0.6199,-0.1030,0.3000
0.6224,-0.1030,0.3000
0.6249,-0.1030,0.3000
0.6274,-0.1030,0.3000
0.6299,-0.1030,0.3000
0.6323,-0.1030,0.3000
0.6348,-0.1030,0.3000
0.6373,-0.1030,0.3000
0.6398,-0.1030,0.3000
0.6423,-0.1030,0.3000
0.6448,-0.1030,0.3000
0.6473,-0.1030,0.3000
0.6498,-0.1030,0.3000
0.6523,-0.1030,0.3000
0.6548,-0.1030,0.3000
0.6573,-0.1030,0.3000
0.6598,-0.1030,0.3000
0.6623,-0.1030,0.3000
0.6648,-0.1030,0.3000
0.6673,-0.1030,0.3000
0.6698,-0.1030,0.3000
0.6723,-0.1030,0.3000
0.6747,-0.1030,0.3000
0.6772,-0.1030,0.3000
0.6797,-0.1030,0.3000
0.6822,-0.1030,0.3000
0.6847,-0.1030,0.3000
0.6872,-0.1030,0.3000
0.6897,-0.1030,0.3000
0.6922,-0.1030,0.3000
0.6946,-0.1030,0.3000
0.6972,-0.1030,0.3000
0.6997,-0.1030,0.3000
0.7022,-0.1030,0.3000
0.7047,-0.1030,0.3000
0.7072,-0.1030,0.3000
0.7097,-0.1030,0.3000
0.7122,-0.1030,0.3000
0.7147,-0.1030,0.3000
0.7171,-0.1030,0.3000
0.7196,-0.1030,0.3000
0.7221,-0.1030,0.3000
0.7246,-0.1030,0.3000
0.7271,-0.1030,0.3000
0.7296,-0.1030,0.3000
0.7321,-0.1030,0.3000
0.7346,-0.1030,0.3000
0.7370,-0.1030,0.3000
0.7396,-0.1030,0.3000
0.7421,-0.1030,0.3000
0.7446,-0.1030,0.3000
0.7471,-0.1030,0.3000
0.7496,-0.1030,0.3000
0.7521,-0.1030,0.3000
0.7546,-0.1030,0.3000
0.7571,-0.1030,0.3000
0.7595,-0.1030,0.3000
0.7620,-0.1030,0.3000
0.7645,-0.1030,0.3000
0.7670,-0.1030,0.3000
0.7695,-0.1030,0.3000
0.7720,-0.1030,0.3000
0.7745,-0.1030,0.3000
0.7770,-0.1030,0.3000
0.7794,-0.1030,0.3000
0.7819,-0.1030,0.3000
0.7845,-0.1030,0.3000
0.7870,-0.1030,0.3000
0.7895,-0.1030,0.3000
0.7920,-0.1030,0.3000
0.7945,-0.1030,0.3000
0.7970,-0.1030,0.3000
0.7995,-0.1030,0.3000
0.8019,-0.1030,0.3000
0.8044,-0.1030,0.3000
0.8069,-0.1030,0.3000
0.8094,-0.1030,0.3000
0.8119,-0.1030,0.3000
0.8144,-0.1030,0.3000
0.8169,-0.1030,0.3000
0.8194,-0.1030,0.3000
0.8218,-0.1030,0.3000
0.8243,-0.1030,0.3000
0.8268,-0.1030,0.3000
0.8294,-0.1030,0.3000
0.8319,-0.1030,0.3000
0.8344,-0.1030,0.3000
0.8369,-0.1030,0.3000
0.8394,-0.1030,0.3000
0.8419,-0.1030,0.3000
0.8443,-0.1030,0.3000
0.8468,-0.1030,0.3000
0.8493,-0.1030,0.3000
0.8518,-0.1030,0.3000
0.8543,-0.1030,0.3000
0.8568,-0.1030,0.3000
0.8593,-0.1030,0.3000
0.8618,-0.1030,0.3000
0.8642,-0.1030,0.3000
0.8667,-0.1030,0.3000
0.8692,-0.1030,0.3000
0.8717,-0.1030,0.3000
0.8743,-0.1030,0.3000
0.8768,-0.1030,0.3000
0.8793,-0.1030,0.3000
0.8818,-0.1030,0.3000
0.8843,-0.1030,0.3000
0.8867,-0.1030,0.3000
0.8892,-0.1030,0.3000
0.8917,-0.1030,0.3000
0.8942,-0.1030,0.3000
0.8967,-0.1030,0.3000
0.8992,-0.1030,0.3000
0.9017,-0.1030,0.3000
0.9042,-0.1030,0.3000
0.9066,-0.1030,0.3000
0.9091,-0.1030,0.3000
0.9116,-0.1030,0.3000
0.9141,-0.1030,0.3000
0.9166,-0.1030,0.3000
0.9192,-0.1030,0.3000
0.9217,-0.1030,0.3000
0.9242,-0.1030,0.3000
0.9267,-0.1030,0.3000
0.9291,-0.1030,0.3000
0.9316,-0.1030,0.3000
0.9341,-0.1030,0.3000
0.9366,-0.1030,0.3000
0.9391,-0.1030,0.3000
0.9416,-0.1030,0.3000
0.9441,-0.1030,0.3000
0.9466,-0.1030,0.3000
0.9490,-0.1030,0.3000
0.9515,-0.1030,0.3000
0.9540,-0.1030,0.3000
0.9565,-0.1030,0.3000
0.9590,-0.1030,0.3000
0.9616,-0.1030,0.3000
0.9641,-0.1030,0.3000
0.9666,-0.1030,0.3000
0.9691,-0.1030,0.3000
0.9715,-0.1030,0.3000
0.9740,-0.1030,0.3000
0.9765,-0.1030,0.3000
0.9790,-0.1030,0.3000
0.9815,-0.1030,0.3000
0.9840,-0.1030,0.3000
0.9865,-0.1030,0.3000
0.9890,-0.1030,0.3000
0.9914,-0.1030,0.3000
0.9939,-0.1030,0.3000
0.9964,-0.1030,0.3000
0.9989,-0.1030,0.3000
1.0014,-0.1030,0.3000
1.0039,-0.1030,0.3000
1.0065,-0.1030,0.3000
1.0090,-0.1030,0.3000
1.0115,-0.1030,0.3000
1.0139,-0.1030,0.3000
1.0164,-0.1030,0.3000
1.0189,-0.1030,0.3000
1.0214,-0.1030,0.3000
1.0239,-0.1030,0.3000
1.0264,-0.1030,0.3000
1.0289,-0.1030,0.3000
1.0314,-0.1030,0.3000
1.0339,-0.1030,0.3000
1.0363,-0.1030,0.3000
1.0388,-0.1030,0.3000
1.0413,-0.1030,0.3000
1.0438,-0.1030,0.3000
1.0463,-0.1030,0.3000
1.0489,-0.1030,0.3000
1.0514,-0.1030,0.3000
1.0539,-0.1030,0.3000
1.0563,-0.1030,0.3000
1.0588,-0.1030,0.3000
1.0613,-0.1030,0.3000
1.0638,-0.1030,0.3000
1.0663,-0.1030,0.3000
1.0688,-0.1030,0.3000
1.0713,-0.1030,0.3000
1.0738,-0.1030,0.3000
1.0763,-0.1030,0.3000
1.0787,-0.1030,0.3000
1.0812,-0.1030,0.3000
1.0837,-0.1030,0.3000
1.0862,-0.1030,0.3000
1.0887,-0.1030,0.3000
1.0912,-0.1030,0.3000
1.0938,-0.1030,0.3000
1.0963,-0.1030,0.3000
1.0987,-0.1030,0.3000
1.1012,-0.1030,0.3000
1.1037,-0.1030,0.3000
1.1062,-0.1030,0.3000
1.1087,-0.1030,0.3000
1.1112,-0.1030,0.3000
1.1137,-0.1030,0.3000
1.1162,-0.1030,0.3000
1.1187,-0.1030,0.3000
1.1211,-0.1030,0.3000
1.1236,-0.1030,0.3000
1.1261,-0.1030,0.3000
1.1286,-0.1030,0.3000
1.1311,-0.1030,0.3000
1.1336,-0.1030,0.3000
1.1361,-0.1030,0.3000
1.1386,-0.1030,0.3000
1.1411,-0.1030,0.3000
1.1436,-0.1030,0.3000
1.1461,-0.1030,0.3000
1.1486,-0.1030,0.3000
1.1511,-0.1030,0.3000
1.1536,-0.1030,0.3000
1.1561,-0.1030,0.3000
1.1586,-0.1030,0.3000
1.1611,-0.1030,0.3000
1.1635,-0.1030,0.3000
1.1660,-0.1030,0.3000
1.1685,-0.1030,0.3000
1.1710,-0.1030,0.3000
1.1735,-0.1030,0.3000
1.1760,-0.1030,0.3000
1.1785,-0.1030,0.3000
1.1810,-0.1030,0.3000
1.1835,-0.1030,0.3000
1.1860,-0.1030,0.3000
1.1885,-0.1030,0.3000
1.1910,-0.1030,0.3000
1.1935,-0.1030,0.3000
1.1960,-0.1030,0.3000
1.1985,-0.1030,0.3000
1.2010,-0.1030,0.3000
1.2035,-0.1030,0.3000
1.2059,-0.1030,0.3000
1.2084,-0.1030,0.3000
1.2109,-0.1030,0.3000
1.2134,-0.1030,0.3000
1.2159,-0.1030,0.3000
1.2184,-0.1030,0.3000
1.2209,-0.1030,0.3000
1.2234,-0.1030,0.3000
1.2259,-0.1030,0.3000
1.2284,-0.1030,0.3000
1.2309,-0.1030,0.3000
1.2334,-0.1030,0.3000
1.2359,-0.1030,0.3000
1.2384,-0.1030,0.3000
1.2409,-0.1030,0.3000
1.2434,-0.1030,0.3000
1.2459,-0.1030,0.3000
1.2483,-0.1030,0.3000
1.2508,-0.1030,0.3000
1.2533,-0.1030,0.3000
1.2558,-0.1030,0.3000
1.2583,-0.1030,0.3000
1.2608,-0.1030,0.3000
1.2633,-0.1030,0.3000
1.2658,-0.1030,0.3000
1.2682,-0.1030,0.3000
1.2708,-0.1030,0.3000
1.2733,-0.1030,0.3000
1.2758,-0.1030,0.3000
1.2783,-0.1030,0.3000
1.2808,-0.1030,0.3000
1.2833,-0.1030,0.3000
1.2858,-0.1030,0.3000
1.2883,-0.1030,0.3000
1.2907,-0.1030,0.3000
1.2932,-0.1030,0.3000
1.2957,-0.1030,0.3000
1.2982,-0.1030,0.3000
1.3007,-0.1030,0.3000
1.3032,-0.1030,0.3000
1.3057,-0.1030,0.3000
1.3082,-0.1030,0.3000
1.3106,-0.1030,0.3000
1.3132,-0.1030,0.3000
1.3157,-0.1030,0.3000
1.3182,-0.1030,0.3000
1.3207,-0.1030,0.3000
1.3232,-0.1030,0.3000
1.3257,-0.1030,0.3000
1.3282,-0.1030,0.3000
1.3307,-0.1030,0.3000
1.3331,-0.1030,0.3000
1.3356,-0.1030,0.3000
1.3381,-0.1030,0.3000
1.3406,-0.1030,0.3000
1.3431,-0.1030,0.3000
1.3456,-0.1030,0.3000
1.3481,-0.1030,0.3000
1.3506,-0.1030,0.3000
1.3530,-0.1030,0.3000
1.3555,-0.1030,0.3000
1.3581,-0.1030,0.3000
1.3606,-0.1030,0.3000
1.3631,-0.1030,0.3000
1.3656,-0.1030,0.3000
1.3681,-0.1030,0.3000
1.3706,-0.1030,0.3000
1.3731,-0.1030,0.3000
1.3755,-0.1030,0.3000
1.3780,-0.1030,0.3000
1.3805,-0.1030,0.3000
1.3830,-0.1030,0.3000
1.3855,-0.1030,0.3000
1.3880,-0.1030,0.3000
1.3905,-0.1030,0.3000
1.3930,-0.1030,0.3000
1.3954,-0.1030,0.3000
1.3979,-0.1030,0.3000
1.4005,-0.1030,0.3000
1.4030,-0.1030,0.3000
1.4055,-0.1030,0.3000
1.4080,-0.1030,0.3000
1.4105,-0.1030,0.3000
1.4130,-0.1030,0.3000
1.4155,-0.1030,0.3000
1.4179,-0.1030,0.3000
1.4204,-0.1030,0.3000
1.4229,-0.1030,0.3000
1.4254,-0.1030,0.3000
1.4279,-0.1030,0.3000
1.4304,-0.1030,0.3000
1.4329,-0.1030,0.3000
1.4354,-0.1030,0.3000
1.4379,-0.1030,0.3000
1.4403,-0.1030,0.3000
1.4428,-0.1030,0.3000
1.4453,-0.1030,0.3000
1.4479,-0.1030,0.3000
1.4504,-0.1030,0.3000
1.4529,-0.1030,0.3000
1.4554,-0.1030,0.3000
1.4579,-0.1030,0.3000
1.4603,-0.1030,0.3000
1.4628,-0.1030,0.3000
1.4653,-0.1030,0.3000
1.4678,-0.1030,0.3000
1.4703,-0.1030,0.3000
1.4728,-0.1030,0.3000
1.4753,-0.1030,0.3000
1.4778,-0.1030,0.3000
1.4803,-0.1030,0.3000
1.4827,-0.1030,0.3000
1.4852,-0.1030,0.3000
1.4877,-0.1030,0.3000
1.4902,-0.1030,0.3000
1.4928,-0.1030,0.3000
1.4953,-0.1030,0.3000
1.4978,-0.1030,0.3000
1.5003,-0.1030,0.3000
1.5027,-0.1030,0.3000
1.5052,-0.1030,0.3000
1.5077,-0.1030,0.3000
1.5102,-0.1030,0.3000
1.5127,-0.1030,0.3000
1.5152,-0.1030,0.3000
1.5177,-0.1030,0.3000
1.5202,-0.1030,0.3000
1.5227,-0.1030,0.3000
1.5251,-0.1030,0.3000
1.5276,-0.1030,0.3000
1.5301,-0.1030,0.3000
1.5326,-0.1030,0.3000
1.5352,-0.1030,0.3000
1.5377,-0.1030,0.3000
1.5402,-0.1030,0.3000
1.5427,-0.1030,0.3000
1.5451,-0.1030,0.3000
1.5476,-0.1030,0.3000
1.5501,-0.1030,0.3000
1.5526,-0.1030,0.3000
1.5551,-0.1030,0.3000
1.5576,-0.1030,0.3000
1.5601,-0.1030,0.3000
1.5626,-0.1030,0.3000
1.5651,-0.1030,0.3000
1.5675,-0.1030,0.3000
1.5700,-0.1030,0.3000
1.5725,-0.1030,0.3000
1.5750,-0.1030,0.3000
1.5775,-0.1030,0.3000
1.5801,-0.1030,0.3000
1.5826,-0.1030,0.3000
1.5851,-0.1030,0.3000
1.5875,-0.1030,0.3000
1.5900,-0.1030,0.3000
1.5925,-0.1030,0.3000
1.5950,-0.1030,0.3000
1.5975,-0.1030,0.3000
