-1.6000,0.3050,0.3000
-1.5975,0.3050,0.3000
-1.5950,0.3050,0.3000
-1.5925,0.3050,0.3000
-1.5901,0.3050,0.3000
-1.5876,0.3050,0.3000
-1.5851,0.3050,0.3000
-1.5826,0.3050,0.3000
-1.5801,0.3050,0.3000
-1.5776,0.3050,0.3000
-1.5752,0.3050,0.3000
-1.5727,0.3050,0.3000
-1.5702,0.3050,0.3000
-1.5677,0.3050,0.3000
-1.5652,0.3050,0.3000
-1.5627,0.3050,0.3000
-1.5603,0.3050,0.3000
-1.5578,0.3050,0.3000
-1.5553,0.3050,0.3000
-1.5528,0.3050,0.3000
-1.5502,0.3050,0.3000
-1.5477,0.3050,0.3000
-1.5452,0.3050,0.3000
-1.5428,0.3050,0.3000
-1.5403,0.3050,0.3000
-1.5378,0.3050,0.3000
-1.5353,0.3050,0.3000
-1.5328,0.3050,0.3000
-1.5303,0.3050,0.3000
-1.5279,0.3050,0.3000
-1.5254,0.3050,0.3000
-1.5229,0.3050,0.3000
-1.5204,0.3050,0.3000
-1.5179,0.3050,0.3000
-1.5154,0.3050,0.3000
-1.5129,0.3050,0.3000
-1.5105,0.3050,0.3000
-1.5080,0.3050,0.3000
-1.5055,0.3050,0.3000
-1.5030,0.3050,0.3000
-1.5005,0.3050,0.3000
-1.4980,0.3050,0.3000
-1.4956,0.3050,0.3000
-1.4931,0.3050,0.3000
-1.4906,0.3050,0.3000
-1.4881,0.3050,0.3000
-1.4856,0.3050,0.3000
-1.4831,0.3050,0.3000
-1.4807,0.3050,0.3000
-1.4782,0.3050,0.3000
-1.4757,0.3050,0.3000
-1.4732,0.3050,0.3000
-1.4707,0.3050,0.3000
-1.4682,0.3050,0.3000
-1.4657,0.3050,0.3000
-1.4633,0.3050,0.3000
-1.4608,0.3050,0.3000
-1.4583,0.3050,0.3000
-1.4558,0.3050,0.3000
-1.4533,0.3050,0.3000
-1.4508,0.3050,0.3000
-1.4483,0.3050,0.3000
-1.4458,0.3050,0.3000
-1.4433,0.3050,0.3000
-1.4408,0.3050,0.3000
-1.4383,0.3050,0.3000
-1.4358,0.3050,0.3000
-1.4333,0.3050,0.3000
-1.4309,0.3050,0.3000
-1.4284,0.3050,0.3000
-1.4259,0.3050,0.3000
-1.4234,0.3050,0.3000
-1.4209,0.3050,0.3000
-1.4184,0.3050,0.3000
-1.4160,0.3050,0.3000
-1.4135,0.3050,0.3000
-1.4110,0.3050,0.3000
-1.4085,0.3050,0.3000
-1.4060,0.3050,0.3000
-1.4035,0.3050,0.3000
-1.4011,0.3050,0.3000
-1.3986,0.3050,0.3000
-1.3961,0.3050,0.3000
-1.3936,0.3050,0.3000
-1.3911,0.3050,0.3000
-1.3886,0.3050,0.3000
-1.3861,0.3050,0.3000
-1.3837,0.3050,0.3000
-1.3812,0.3050,0.3000
-1.3787,0.3050,0.3000
-1.3762,0.3050,0.3000
-1.3737,0.3050,0.3000
-1.3712,0.3050,0.3000
-1.3688,0.3050,0.3000
-1.3663,0.3050,0.3000
-1.3638,0.3050,0.3000
-1.3613,0.3050,0.3000
-1.3588,0.3050,0.3000
-1.3563,0.3050,0.3000
-1.3538,0.3050,0.3000
-1.3513,0.3050,0.3000
-1.3488,0.3050,0.3000
-1.3463,0.3050,0.3000
-1.3438,0.3050,0.3000
-1.3413,0.3050,0.3000
-1.3388,0.3050,0.3000
-1.3364,0.3050,0.3000
-1.3339,0.3050,0.3000
-1.3314,0.3050,0.3000
-1.3289,0.3050,0.3000
-1.3264,0.3050,0.3000
-1.3239,0.3050,0.3000
-1.3215,0.3050,0.3000
-1.3190,0.3050,0.3000
-1.3165,0.3050,0.3000
-1.3140,0.3050,0.3000
-1.3115,0.3050,0.3000
-1.3090,0.3050,0.3000
-1.3065,0.3050,0.3000
-1.3041,0.3050,0.3000
-1.3016,0.3050,0.3000
-1.2991,0.3050,0.3000
-1.2966,0.3050,0.3000
-1.2941,0.3050,0.3000
-1.2916,0.3050,0.3000
-1.2892,0.3050,0.3000
-1.2867,0.3050,0.3000
-1.2842,0.3050,0.3000
-1.2817,0.3050,0.3000
-1.2792,0.3050,0.3000
-1.2767,0.3050,0.3000
-1.2742,0.3050,0.3000
-1.2718,0.3050,0.3000
-1.2693,0.3050,0.3000
-1.2668,0.3050,0.3000
-1.2643,0.3050,0.3000
-1.2618,0.3050,0.3000
-1.2593,0.3050,0.3000
-1.2568,0.3050,0.3000
-1.2543,0.3050,0.3000
-1.2518,0.3050,0.3000
-1.2493,0.3050,0.3000
-1.2468,0.3050,0.3000
-1.2443,0.3050,0.3000
-1.2419,0.3050,0.3000
-1.2394,0.3050,0.3000
-1.2369,0.3050,0.3000
-1.2344,0.3050,0.3000
-1.2319,0.3050,0.3000
-1.2294,0.3050,0.3000
-1.2269,0.3050,0.3000
-1.2245,0.3050,0.3000
-1.2220,0.3050,0.3000
-1.2195,0.3050,0.3000
-1.2170,0.3050,0.3000
-1.2145,0.3050,0.3000
-1.2120,0.3050,0.3000
-1.2096,0.3050,0.3000
-1.2071,0.3050,0.3000
-1.2046,0.3050,0.3000
-1.2021,0.3050,0.3000
-1.1996,0.3050,0.3000
-1.1971,0.3050,0.3000
-1.1946,0.3050,0.3000
-1.1922,0.3050,0.3000
-1.1897,0.3050,0.3000
-1.1872,0.3050,0.3000
-1.1847,0.3050,0.3000
-1.1822,0.3050,0.3000
-1.1797,0.3050,0.3000
-1.1773,0.3050,0.3000
-1.1748,0.3050,0.3000
-1.1723,0.3050,0.3000
-1.1698,0.3050,0.3000
-1.1673,0.3050,0.3000
-1.1648,0.3050,0.3000
-1.1624,0.3050,0.3000
-1.1599,0.3050,0.3000
-1.1574,0.3050,0.3000
-1.1548,0.3050,0.3000
-1.1523,0.3050,0.3000
-1.1498,0.3050,0.3000
-1.1473,0.3050,0.3000
-1.1449,0.3050,0.3000
-1.1424,0.3050,0.3000
-1.1399,0.3050,0.3000
-1.1374,0.3050,0.3000
-1.1349,0.3050,0.3000
-1.1324,0.3050,0.3000
-1.1300,0.3050,0.3000
-1.1275,0.3050,0.3000
-1.1250,0.3050,0.3000
-1.1225,0.3050,0.3000
-1.1200,0.3050,0.3000
-1.1175,0.3050,0.3000
-1.1150,0.3050,0.3000
-1.1126,0.3050,0.3000
-1.1101,0.3050,0.3000
-1.1076,0.3050,0.3000
-1.1051,0.3050,0.3000
-1.1026,0.3050,0.3000
-1.1001,0.3050,0.3000
-1.0977,0.3050,0.3000
-1.0952,0.3050,0.3000
-1.0927,0.3050,0.3000
-1.0902,0.3050,0.3000
-1.0877,0.3050,0.3000
-1.0852,0.3050,0.3000
-1.0828,0.3050,0.3000
-1.0803,0.3050,0.3000
-1.0778,0.3050,0.3000
-1.0753,0.3050,0.3000
-1.0728,0.3050,0.3000
-1.0703,0.3050,0.3000
-1.0678,0.3050,0.3000
-1.0654,0.3050,0.3000
-1.0629,0.3050,0.3000
-1.0604,0.3050,0.3000
-1.0578,0.3050,0.3000
-1.0553,0.3050,0.3000
-1.0528,0.3050,0.3000
-1.0504,0.3050,0.3000
-1.0479,0.3050,0.3000
-1.0454,0.3050,0.3000
-1.0429,0.3050,0.3000
-1.0404,0.3050,0.3000
-1.0379,0.3050,0.3000
-1.0354,0.3050,0.3000
-1.0330,0.3050,0.3000
-1.0305,0.3050,0.3000
-1.0280,0.3050,0.3000
-1.0255,0.3050,0.3000
-1.0230,0.3050,0.3000
-1.0205,0.3050,0.3000
-1.0181,0.3050,0.3000
-1.0156,0.3050,0.3000
-1.0131,0.3050,0.3000
-1.0106,0.3050,0.3000
-1.0081,0.3050,0.3000
-1.0056,0.3050,0.3000
-1.0032,0.3050,0.3000
-1.0007,0.3050,0.3000
-0.9982,0.3050,0.3000
-0.9957,0.3050,0.3000
-0.9932,0.3050,0.3000
-0.9907,0.3050,0.3000
-0.9882,0.3050,0.3000
-0.9858,0.3050,0.3000
-0.9833,0.3050,0.3000
-0.9808,0.3050,0.3000
-0.9783,0.3050,0.3000
-0.9758,0.3050,0.3000
-0.9733,0.3050,0.3000
-0.9709,0.3050,0.3000
-0.9684,0.3050,0.3000
-0.9659,0.3050,0.3000
-0.9634,0.3050,0.3000
-0.9609,0.3050,0.3000
-0.9584,0.3050,0.3000
-0.9559,0.3050,0.3000
-0.9534,0.3050,0.3000
-0.9509,0.3050,0.3000
-0.9484,0.3050,0.3000
-0.9459,0.3050,0.3000
-0.9434,0.3050,0.3000
-0.9409,0.3050,0.3000
-0.9385,0.3050,0.3000
-0.9360,0.3050,0.3000
-0.9335,0.3050,0.3000
-0.9310,0.3050,0.3000
-0.9285,0.3050,0.3000
-0.9260,0.3050,0.3000
-0.9236,0.3050,0.3000
-0.9211,0.3050,0.3000
-0.9186,0.3050,0.3000
-0.9161,0.3050,0.3000
-0.9136,0.3050,0.3000
-0.9111,0.3050,0.3000
-0.9086,0.3050,0.3000
-0.9062,0.3050,0.3000
-0.9037,0.3050,0.3000
-0.9012,0.3050,0.3000
-0.8987,0.3050,0.3000
-0.8962,0.3050,0.3000
-0.8937,0.3050,0.3000
-0.8913,0.3050,0.3000
-0.8888,0.3050,0.3000
-0.8863,0.3050,0.3000
-0.8838,0.3050,0.3000
-0.8813,0.3050,0.3000
-0.8788,0.3050,0.3000
-0.8764,0.3050,0.3000
-0.8739,0.3050,0.3000
-0.8714,0.3050,0.3000
-0.8689,0.3050,0.3000
-0.8664,0.3050,0.3000
-0.8639,0.3050,0.3000
-0.8614,0.3050,0.3000
-0.8589,0.3050,0.3000
-0.8564,0.3050,0.3000
-0.8539,0.3050,0.3000
-0.8514,0.3050,0.3000
-0.8489,0.3050,0.3000
-0.8464,0.3050,0.3000
-0.8440,0.3050,0.3000
-0.8415,0.3050,0.3000
-0.8390,0.3050,0.3000
-0.8365,0.3050,0.3000
-0.8340,0.3050,0.3000
-0.8315,0.3050,0.3000
-0.8290,0.3050,0.3000
-0.8266,0.3050,0.3000
-0.8241,0.3050,0.3000
-0.8216,0.3050,0.3000
-0.8191,0.3050,0.3000
-0.8166,0.3050,0.3000
-0.8141,0.3050,0.3000
-0.8117,0.3050,0.3000
-0.8092,0.3050,0.3000
-0.8067,0.3050,0.3000
-0.8042,0.3050,0.3000
-0.8017,0.3050,0.3000
-0.7992,0.3050,0.3000
-0.7968,0.3050,0.3000
-0.7943,0.3050,0.3000
-0.7918,0.3050,0.3000
-0.7893,0.3050,0.3000
-0.7868,0.3050,0.3000
-0.7843,0.3050,0.3000
-0.7818,0.3050,0.3000
-0.7794,0.3050,0.3000
-0.7769,0.3050,0.3000
-0.7744,0.3050,0.3000
-0.7719,0.3050,0.3000
-0.7694,0.3050,0.3000
-0.7669,0.3050,0.3000
-0.7645,0.3050,0.3000
-0.7619,0.3050,0.3000
-0.7594,0.3050,0.3000
-0.7569,0.3050,0.3000
-0.7544,0.3050,0.3000
-0.7519,0.3050,0.3000
-0.7494,0.3050,0.3000
-0.7470,0.3050,0.3000
-0.7445,0.3050,0.3000
-0.7420,0.3050,0.3000
-0.7395,0.3050,0.3000
-0.7370,0.3050,0.3000
-0.7345,0.3050,0.3000
-0.7321,0.3050,0.3000
-0.7296,0.3050,0.3000
-0.7271,0.3050,0.3000
-0.7246,0.3050,0.3000
-0.7221,0.3050,0.3000
-0.7196,0.3050,0.3000
-0.7172,0.3050,0.3000
-0.7147,0.3050,0.3000
-0.7122,0.3050,0.3000
-0.7097,0.3050,0.3000
-0.7072,0.3050,0.3000
-0.7047,0.3050,0.3000
-0.7022,0.3050,0.3000
-0.6998,0.3050,0.3000
-0.6973,0.3050,0.3000
-0.6948,0.3050,0.3000
-0.6923,0.3050,0.3000
-0.6898,0.3050,0.3000
-0.6873,0.3050,0.3000
-0.6849,0.3050,0.3000
-0.6824,0.3050,0.3000
-0.6799,0.3050,0.3000
-0.6774,0.3050,0.3000
-0.6749,0.3050,0.3000
-0.6724,0.3050,0.3000
-0.6699,0.3050,0.3000
-0.6675,0.3050,0.3000
-0.6650,0.3050,0.3000
-0.6624,0.3050,0.3000
-0.6599,0.3050,0.3000
-0.6574,0.3050,0.3000
-0.6549,0.3050,0.3000
-0.6525,0.3050,0.3000
-0.6500,0.3050,0.3000
-0.6475,0.3050,0.3000
-0.6450,0.3050,0.3000
-0.6425,0.3050,0.3000
-0.6400,0.3050,0.3000
-0.6376,0.3050,0.3000
-0.6351,0.3050,0.3000
-0.6326,0.3050,0.3000
-0.6301,0.3050,0.3000
-0.6276,0.3050,0.3000
-0.6251,0.3050,0.3000
-0.6226,0.3050,0.3000
-0.6202,0.3050,0.3000
-0.6177,0.3050,0.3000
-0.6152,0.3050,0.3000
-0.6127,0.3050,0.3000
-0.6102,0.3050,0.3000
-0.6077,0.3050,0.3000
-0.6053,0.3050,0.3000
-0.6028,0.3050,0.3000
-0.6003,0.3050,0.3000
-0.5978,0.3050,0.3000
-0.5953,0.3050,0.3000
-0.5928,0.3050,0.3000
-0.5903,0.3050,0.3000
-0.5879,0.3050,0.3000
-0.5854,0.3050,0.3000
-0.5829,0.3050,0.3000
-0.5804,0.3050,0.3000
-0.5779,0.3050,0.3000
-0.5754,0.3050,0.3000
-0.5730,0.3050,0.3000
-0.5705,0.3050,0.3000
-0.5680,0.3050,0.3000
-0.5655,0.3050,0.3000
-0.5629,0.3050,0.3000
-0.5604,0.3050,0.3000
-0.5580,0.3050,0.3000
-0.5555,0.3050,0.3000
-0.5530,0.3050,0.3000
-0.5505,0.3050,0.3000
-0.5480,0.3050,0.3000
-0.5455,0.3050,0.3000
-0.5430,0.3050,0.3000
-0.5406,0.3050,0.3000
-0.5381,0.3050,0.3000
-0.5356,0.3050,0.3000
-0.5331,0.3050,0.3000
-0.5306,0.3050,0.3000
-0.5281,0.3050,0.3000
-0.5257,0.3050,0.3000
-0.5232,0.3050,0.3000
-0.5207,0.3050,0.3000
-0.5182,0.3050,0.3000
-0.5157,0.3050,0.3000
-0.5132,0.3050,0.3000
-0.5107,0.3050,0.3000
-0.5083,0.3050,0.3000
-0.5058,0.3050,0.3000
-0.5033,0.3050,0.3000
-0.5008,0.3050,0.3000
-0.4983,0.3050,0.3000
-0.4958,0.3050,0.3000
-0.4934,0.3050,0.3000
-0.4909,0.3050,0.3000
-0.4884,0.3050,0.3000
-0.4859,0.3050,0.3000
-0.4834,0.3050,0.3000
-0.4809,0.3050,0.3000
-0.4785,0.3050,0.3000
-0.4760,0.3050,0.3000
-0.4735,0.3050,0.3000
-0.4710,0.3050,0.3000
-0.4685,0.3050,0.3000
-0.4660,0.3050,0.3000
-0.4634,0.3050,0.3000
-0.4610,0.3050,0.3000
-0.4585,0.3050,0.3000
-0.4560,0.3050,0.3000
-0.4535,0.3050,0.3000
-0.4510,0.3050,0.3000
-0.4485,0.3050,0.3000
-0.4461,0.3050,0.3000
-0.4436,0.3050,0.3000
-0.4411,0.3050,0.3000
-0.4386,0.3050,0.3000
-0.4361,0.3050,0.3000
-0.4336,0.3050,0.3000
-0.4311,0.3050,0.3000
-0.4287,0.3050,0.3000
-0.4262,0.3050,0.3000
-0.4237,0.3050,0.3000
-0.4212,0.3050,0.3000
-0.4187,0.3050,0.3000
-0.4162,0.3050,0.3000
-0.4138,0.3050,0.3000
-0.4113,0.3050,0.3000
-0.4088,0.3050,0.3000
-0.4063,0.3050,0.3000
-0.4038,0.3050,0.3000
-0.4013,0.3050,0.3000
-0.3989,0.3050,0.3000
-0.3964,0.3050,0.3000
-0.3939,0.3050,0.3000
-0.3914,0.3050,0.3000
-0.3889,0.3050,0.3000
-0.3864,0.3050,0.3000
-0.3839,0.3050,0.3000
-0.3815,0.3050,0.3000
-0.3790,0.3050,0.3000
-0.3765,0.3050,0.3000
-0.3740,0.3050,0.3000
-0.3715,0.3050,0.3000
-0.3690,0.3050,0.3000
-0.3665,0.3050,0.3000
-0.3640,0.3050,0.3000
-0.3615,0.3050,0.3000
-0.3590,0.3050,0.3000
-0.3565,0.3050,0.3000
-0.3540,0.3050,0.3000
-0.3515,0.3050,0.3000
-0.3491,0.3050,0.3000
-0.3466,0.3050,0.3000
-0.3441,0.3050,0.3000
-0.3416,0.3050,0.3000
-0.3391,0.3050,0.3000
-0.3366,0.3050,0.3000
-0.3342,0.3050,0.3000
-0.3317,0.3050,0.3000
-0.3292,0.3050,0.3000
-0.3267,0.3050,0.3000
-0.3242,0.3050,0.3000
-0.3217,0.3050,0.3000
-0.3193,0.3050,0.3000
-0.3168,0.3050,0.3000
-0.3143,0.3050,0.3000
-0.3118,0.3050,0.3000
-0.3093,0.3050,0.3000
-0.3068,0.3050,0.3000
-0.3043,0.3050,0.3000
-0.3019,0.3050,0.3000
-0.2994,0.3050,0.3000
-0.2969,0.3050,0.3000
-0.2944,0.3050,0.3000
-0.2919,0.3050,0.3000
-0.2894,0.3050,0.3000
-0.2870,0.3050,0.3000
-0.2845,0.3050,0.3000
-0.2820,0.3050,0.3000
-0.2795,0.3050,0.3000
-0.2770,0.3050,0.3000
-0.2745,0.3050,0.3000
-0.2721,0.3050,0.3000
-0.2695,0.3050,0.3000
-0.2670,0.3050,0.3000
-0.2645,0.3050,0.3000
-0.2620,0.3050,0.3000
-0.2595,0.3050,0.3000
-0.2570,0.3050,0.3000
-0.2546,0.3050,0.3000
-0.2521,0.3050,0.3000
-0.2496,0.3050,0.3000
-0.2471,0.3050,0.3000
-0.2446,0.3050,0.3000
-0.2421,0.3050,0.3000
-0.2397,0.3050,0.3000
-0.2372,0.3050,0.3000
-0.2347,0.3050,0.3000
-0.2322,0.3050,0.3000
-0.2297,0.3050,0.3000
-0.2272,0.3050,0.3000
-0.2247,0.3050,0.3000
-0.2223,0.3050,0.3000
-0.2198,0.3050,0.3000
-0.2173,0.3050,0.3000
-0.2148,0.3050,0.3000
-0.2123,0.3050,0.3000
-0.2098,0.3050,0.3000
-0.2074,0.3050,0.3000
-0.2049,0.3050,0.3000
-0.2024,0.3050,0.3000
-0.1999,0.3050,0.3000
-0.1974,0.3050,0.3000
-0.1949,0.3050,0.3000
-0.1925,0.3050,0.3000
-0.1900,0.3050,0.3000
-0.1875,0.3050,0.3000
-0.1850,0.3050,0.3000
-0.1825,0.3050,0.3000
-0.1800,0.3050,0.3000
-0.1775,0.3050,0.3000
-0.1751,0.3050,0.3000
-0.1726,0.3050,0.3000
-0.1701,0.3050,0.3000
-0.1675,0.3050,0.3000
-0.1650,0.3050,0.3000
-0.1625,0.3050,0.3000
-0.1601,0.3050,0.3000
-0.1576,0.3050,0.3000
-0.1551,0.3050,0.3000
-0.1526,0.3050,0.3000
-0.1501,0.3050,0.3000
-0.1476,0.3050,0.3000
-0.1451,0.3050,0.3000
-0.1427,0.3050,0.3000
-0.1402,0.3050,0.3000
-0.1377,0.3050,0.3000
-0.1352,0.3050,0.3000
-0.1327,0.3050,0.3000
-0.1302,0.3050,0.3000
-0.1278,0.3050,0.3000
-0.1253,0.3050,0.5285
-0.1228,0.3050,0.5285
-0.1210,0.3050,0.6598
-0.1203,0.3050,0.9815
-0.1176,0.3050,0.9152
-0.1150,0.3050,0.8538
-0.1123,0.3050,0.7972
-0.1097,0.3050,0.7455
-0.1070,0.3050,0.6987
-0.1044,0.3050,0.6567
-0.1017,0.3050,0.6196
-0.0991,0.3050,0.5873
-0.0964,0.3050,0.5599
-0.0938,0.3050,0.5374
-0.0912,0.3050,0.5197
-0.0885,0.3050,0.5069
-0.0858,0.3050,0.4990
-0.0832,0.3050,0.4959
-0.0805,0.3050,0.4977
-0.0779,0.3050,0.5043
-0.0753,0.3050,0.5159
-0.0726,0.3050,0.5322
-0.0699,0.3050,0.5535
-0.0673,0.3050,0.5682
-0.0650,0.3050,0.5285
-0.0646,0.3050,0.5285
-0.0616,0.3050,0.3000
-0.0586,0.3050,0.5285
-0.0560,0.3050,0.5282
-0.0556,0.3050,0.5051
-0.0525,0.3050,0.3212
-0.0492,0.3050,0.1482
-0.0457,0.3050,0.0479
-0.0403,0.3050,0.5285
-0.0378,0.3050,0.5285
-0.0354,0.3050,0.3000
-0.0329,0.3050,0.3000
-0.0305,0.3050,0.3000
-0.0280,0.3050,0.3000
-0.0256,0.3050,0.3000
-0.0231,0.3050,0.3000
-0.0206,0.3050,0.3000
-0.0181,0.3050,0.3000
-0.0156,0.3050,0.3000
-0.0133,0.3050,0.3000
-0.0108,0.3050,0.3000
-0.0083,0.3050,0.3000
-0.0058,0.3050,0.3000
-0.0033,0.3050,0.3000
-0.0009,0.0039,0.3000
0.0015,0.2983,0.3000
0.0040,0.3050,0.3000
0.0065,0.3050,0.3000
0.0089,0.3050,0.5285
0.0114,0.3050,0.5285
0.0188,0.3050,0.8346
0.0216,0.3050,0.6854
0.0241,0.3050,0.6250
0.0267,0.3050,0.6121
0.0293,0.3050,0.6026
0.0319,0.3050,0.5933
0.0344,0.3050,0.5842
0.0369,0.3050,0.5753
0.0395,0.3050,0.5666
0.0421,0.3050,0.5582
0.0447,0.3050,0.5499
0.0472,0.3050,0.5419
0.0498,0.3050,0.5341
0.0524,0.3050,0.5264
0.0549,0.3050,0.5191
0.0575,0.3050,0.5125
0.0601,0.3050,0.5070
0.0626,0.3050,0.5027
0.0652,0.3050,0.4995
0.0678,0.3050,0.4975
0.0703,0.3050,0.4967
0.0729,0.3050,0.4970
0.0754,0.3050,0.4985
0.0780,0.3050,0.5012
0.0806,0.3050,0.5050
0.0832,0.3050,0.5094
0.0918,0.3050,0.5246
0.0940,0.3050,0.5285
0.0962,0.3050,0.3000
0.0989,0.3050,0.3000
0.1016,0.3050,0.3000
0.1044,0.3050,0.3000
0.1071,0.3050,0.3000
0.1099,0.3050,0.3000
0.1127,0.3050,0.3000
0.1154,0.3050,0.3000
0.1181,0.3050,0.3000
0.1209,0.3050,0.3000
0.1237,0.3050,0.3000
0.1264,0.3050,0.5285
0.1292,0.3050,0.5285
0.1300,0.3050,0.6632
0.1318,0.3050,0.7149
0.1344,0.3050,0.7020
0.1369,0.3050,0.6889
0.1395,0.3050,0.6757
0.1421,0.3050,0.6624
0.1447,0.3050,0.6488
0.1473,0.3050,0.6351
0.1499,0.3050,0.6212
0.1525,0.3050,0.6072
0.1551,0.3050,0.5930
0.1577,0.3050,0.5786
0.1603,0.3050,0.5640
0.1629,0.3050,0.5493
0.1655,0.3050,0.5345
0.1681,0.3050,0.5194
0.1706,0.3050,0.5042
0.1732,0.3050,0.4888
0.1758,0.3050,0.4733
0.1784,0.3050,0.4576
0.1810,0.3050,0.4417
0.1836,0.3050,0.4257
0.1862,0.3050,0.4094
0.1888,0.3050,0.3931
0.1914,0.3050,0.3765
0.1940,0.3050,0.3598
0.1966,0.3050,0.3430
0.1992,0.3050,0.3259
0.2017,0.3050,0.4263
0.2030,0.3050,0.5285
0.2043,0.3050,0.5285
0.2067,0.3050,0.3000
0.2092,0.3050,0.3000
0.2117,0.3050,0.3000
0.2142,0.3050,0.3000
0.2167,0.3050,0.3000
0.2192,0.3050,0.3000
0.2216,0.3050,0.3000
0.2241,0.3050,0.3000
0.2266,0.3050,0.3000
0.2291,0.3050,0.3000
0.2316,0.3050,0.3000
0.2341,0.3050,0.3000
0.2366,0.3050,0.3000
0.2391,0.3050,0.3000
0.2416,0.3050,0.3000
0.2441,0.3050,0.3000
0.2466,0.3050,0.3000
0.2491,0.3050,0.3000
0.2516,0.3050,0.3000
0.2540,0.3050,0.3000
0.2565,0.3050,0.3000
0.2590,0.3050,0.3000
0.2615,0.3050,0.3000
0.2640,0.3050,0.3000
0.2665,0.3050,0.3000
0.2690,0.3050,0.3000
0.2714,0.3050,0.3000
0.2739,0.3050,0.3000
0.2764,0.3050,0.3000
0.2789,0.3050,0.3000
0.2814,0.3050,0.3000
0.2839,0.3050,0.3000
0.2863,0.3050,0.3000
0.2888,0.3050,0.3000
0.2913,0.3050,0.3000
0.2938,0.3050,0.3000
0.2963,0.3050,0.3000
0.2988,0.3050,0.3000
0.3012,0.3050,0.3000
0.3037,0.3050,0.3000
0.3062,0.3050,0.3000
0.3088,0.3050,0.3000
0.3113,0.3050,0.3000
0.3138,0.3050,0.3000
0.3163,0.3050,0.3000
0.3187,0.3050,0.3000
0.3212,0.3050,0.3000
0.3237,0.3050,0.3000
0.3262,0.3050,0.3000
0.3287,0.3050,0.3000
0.3312,0.3050,0.3000
0.3336,0.3050,0.3000
0.3361,0.3050,0.3000
0.3386,0.3050,0.3000
0.3411,0.3050,0.3000
0.3436,0.3050,0.3000
0.3461,0.3050,0.3000
0.3485,0.3050,0.3000
0.3510,0.3050,0.3000
0.3535,0.3050,0.3000
0.3560,0.3050,0.3000
0.3585,0.3050,0.3000
0.3610,0.3050,0.3000
0.3635,0.3050,0.3000
0.3659,0.3050,0.3000
0.3684,0.3050,0.3000
0.3709,0.3050,0.3000
0.3734,0.3050,0.3000
0.3759,0.3050,0.3000
0.3785,0.3050,0.3000
0.3809,0.3050,0.3000
0.3834,0.3050,0.3000
0.3859,0.3050,0.3000
0.3884,0.3050,0.3000
0.3909,0.3050,0.3000
0.3934,0.3050,0.3000
0.3959,0.3050,0.3000
0.3983,0.3050,0.3000
0.4008,0.3050,0.3000
0.4033,0.3050,0.3000
0.4058,0.3050,0.3000
0.4083,0.3050,0.3000
0.4108,0.3050,0.3000
0.4132,0.3050,0.3000
0.4157,0.3050,0.3000
0.4182,0.3050,0.3000
0.4207,0.3050,0.3000
0.4232,0.3050,0.3000
0.4257,0.3050,0.3000
0.4281,0.3050,0.3000
0.4306,0.3050,0.3000
0.4331,0.3050,0.3000
0.4356,0.3050,0.3000
0.4381,0.3050,0.3000
0.4406,0.3050,0.3000
0.4431,0.3050,0.3000
0.4455,0.3050,0.3000
0.4481,0.3050,0.3000
0.4506,0.3050,0.3000
0.4531,0.3050,0.3000
0.4556,0.3050,0.3000
0.4581,0.3050,0.3000
0.4605,0.3050,0.3000
0.4630,0.3050,0.3000
0.4655,0.3050,0.3000
0.4680,0.3050,0.3000
0.4705,0.3050,0.3000
0.4730,0.3050,0.3000
0.4755,0.3050,0.3000
0.4779,0.3050,0.3000
0.4804,0.3050,0.3000
0.4829,0.3050,0.3000
0.4854,0.3050,0.3000
0.4879,0.3050,0.3000
0.4904,0.3050,0.3000
0.4928,0.3050,0.3000
0.4953,0.3050,0.3000
0.4978,0.3050,0.3000
0.5003,0.3050,0.3000
0.5028,0.3050,0.3000
0.5053,0.3050,0.3000
0.5077,0.3050,0.3000
0.5102,0.3050,0.3000
0.5127,0.3050,0.3000
0.5152,0.3050,0.3000
0.5178,0.3050,0.3000
0.5203,0.3050,0.3000
0.5228,0.3050,0.3000
0.5252,0.3050,0.3000
0.5277,0.3050,0.3000
0.5302,0.3050,0.3000
0.5327,0.3050,0.3000
0.5352,0.3050,0.3000
0.5377,0.3050,0.3000
0.5401,0.3050,0.3000
0.5426,0.3050,0.3000
0.5451,0.3050,0.3000
0.5476,0.3050,0.3000
0.5501,0.3050,0.3000
0.5526,0.3050,0.3000
0.5551,0.3050,0.3000
0.5575,0.3050,0.3000
0.5600,0.3050,0.3000
0.5625,0.3050,0.3000
0.5650,0.3050,0.3000
0.5675,0.3050,0.3000
0.5700,0.3050,0.3000
0.5724,0.3050,0.3000
0.5749,0.3050,0.3000
0.5774,0.3050,0.3000
0.5799,0.3050,0.3000
0.5824,0.3050,0.3000
0.5849,0.3050,0.3000
0.5874,0.3050,0.3000
0.5899,0.3050,0.3000
0.5924,0.3050,0.3000
0.5949,0.3050,0.3000
0.5974,0.3050,0.3000
0.5999,0.3050,0.3000
0.6024,0.3050,0.3000
0.6048,0.3050,0.3000
0.6073,0.3050,0.3000
0.6098,0.3050,0.3000
0.6123,0.3050,0.3000
0.6148,0.3050,0.3000
0.6173,0.3050,0.3000
0.6197,0.3050,0.3000
0.6222,0.3050,0.3000
0.6247,0.3050,0.3000
0.6272,0.3050,0.3000
0.6297,0.3050,0.3000
0.6322,0.3050,0.3000
0.6347,0.3050,0.3000
0.6371,0.3050,0.3000
0.6396,0.3050,0.3000
0.6421,0.3050,0.3000
0.6446,0.3050,0.3000
0.6471,0.3050,0.3000
0.6496,0.3050,0.3000
0.6520,0.3050,0.3000
0.6545,0.3050,0.3000
0.6570,0.3050,0.3000
0.6596,0.3050,0.3000
0.6621,0.3050,0.3000
0.6646,0.3050,0.3000
0.6670,0.3050,0.3000
0.6695,0.3050,0.3000
0.6720,0.3050,0.3000
0.6745,0.3050,0.3000
0.6770,0.3050,0.3000
0.6795,0.3050,0.3000
0.6820,0.3050,0.3000
0.6844,0.3050,0.3000
0.6869,0.3050,0.3000
0.6894,0.3050,0.3000
0.6919,0.3050,0.3000
0.6944,0.3050,0.3000
0.6969,0.3050,0.3000
0.6993,0.3050,0.3000
0.7018,0.3050,0.3000
0.7043,0.3050,0.3000
0.7068,0.3050,0.3000
0.7093,0.3050,0.3000
0.7118,0.3050,0.3000
0.7143,0.3050,0.3000
0.7167,0.3050,0.3000
0.7192,0.3050,0.3000
0.7217,0.3050,0.3000
0.7242,0.3050,0.3000
0.7267,0.3050,0.3000
0.7293,0.3050,0.3000
0.7317,0.3050,0.3000
0.7342,0.3050,0.3000
0.7367,0.3050,0.3000
0.7392,0.3050,0.3000
0.7417,0.3050,0.3000
0.7442,0.3050,0.3000
0.7466,0.3050,0.3000
0.7491,0.3050,0.3000
0.7516,0.3050,0.3000
0.7541,0.3050,0.3000
0.7566,0.3050,0.3000
0.7591,0.3050,0.3000
0.7616,0.3050,0.3000
0.7640,0.3050,0.3000
0.7665,0.3050,0.3000
0.7690,0.3050,0.3000
0.7715,0.3050,0.3000
0.7740,0.3050,0.3000
0.7765,0.3050,0.3000
0.7789,0.3050,0.3000
0.7814,0.3050,0.3000
0.7839,0.3050,0.3000
0.7864,0.3050,0.3000
0.7889,0.3050,0.3000
0.7914,0.3050,0.3000
0.7939,0.3050,0.3000
0.7963,0.3050,0.3000
0.7989,0.3050,0.3000
0.8014,0.3050,0.3000
0.8039,0.3050,0.3000
0.8064,0.3050,0.3000
0.8089,0.3050,0.3000
0.8113,0.3050,0.3000
0.8138,0.3050,0.3000
0.8163,0.3050,0.3000
0.8188,0.3050,0.3000
0.8213,0.3050,0.3000
0.8238,0.3050,0.3000
0.8262,0.3050,0.3000
0.8287,0.3050,0.3000
0.8312,0.3050,0.3000
0.8337,0.3050,0.3000
0.8362,0.3050,0.3000
0.8387,0.3050,0.3000
0.8412,0.3050,0.3000
0.8436,0.3050,0.3000
0.8461,0.3050,0.3000
0.8486,0.3050,0.3000
0.8511,0.3050,0.3000
0.8536,0.3050,0.3000
0.8561,0.3050,0.3000
0.8585,0.3050,0.3000
0.8610,0.3050,0.3000
0.8635,0.3050,0.3000
0.8660,0.3050,0.3000
0.8686,0.3050,0.3000
0.8711,0.3050,0.3000
0.8736,0.3050,0.3000
0.8760,0.3050,0.3000
0.8785,0.3050,0.3000
0.8810,0.3050,0.3000
0.8835,0.3050,0.3000
0.8860,0.3050,0.3000
0.8885,0.3050,0.3000
0.8909,0.3050,0.3000
0.8934,0.3050,0.3000
0.8959,0.3050,0.3000
0.8984,0.3050,0.3000
0.9009,0.3050,0.3000
0.9034,0.3050,0.3000
0.9058,0.3050,0.3000
0.9083,0.3050,0.3000
0.9108,0.3050,0.3000
0.9133,0.3050,0.3000
0.9158,0.3050,0.3000
0.9183,0.3050,0.3000
0.9208,0.3050,0.3000
0.9232,0.3050,0.3000
0.9257,0.3050,0.3000
0.9282,0.3050,0.3000
0.9307,0.3050,0.3000
0.9332,0.3050,0.3000
0.9357,0.3050,0.3000
0.9382,0.3050,0.3000
0.9407,0.3050,0.3000
0.9432,0.3050,0.3000
0.9457,0.3050,0.3000
0.9482,0.3050,0.3000
0.9507,0.3050,0.3000
0.9532,0.3050,0.3000
0.9556,0.3050,0.3000
0.9581,0.3050,0.3000
0.9606,0.3050,0.3000
0.9631,0.3050,0.3000
0.9656,0.3050,0.3000
0.9681,0.3050,0.3000
0.9705,0.3050,0.3000
0.9730,0.3050,0.3000
0.9755,0.3050,0.3000
0.9780,0.3050,0.3000
0.9805,0.3050,0.3000
0.9830,0.3050,0.3000
0.9854,0.3050,0.3000
0.9879,0.3050,0.3000
0.9904,0.3050,0.3000
0.9929,0.3050,0.3000
0.9954,0.3050,0.3000
0.9979,0.3050,0.3000
1.0004,0.3050,0.3000
1.0028,0.3050,0.3000
1.0054,0.3050,0.3000
1.0079,0.3050,0.3000
1.0104,0.3050,0.3000
1.0129,0.3050,0.3000
1.0154,0.3050,0.3000
1.0178,0.3050,0.3000
1.0203,0.3050,0.3000
1.0228,0.3050,0.3000
1.0253,0.3050,0.3000
1.0278,0.3050,0.3000
1.0303,0.3050,0.3000
1.0327,0.3050,0.3000
1.0352,0.3050,0.3000
1.0377,0.3050,0.3000
1.0402,0.3050,0.3000
1.0427,0.3050,0.3000
1.0452,0.3050,0.3000
1.0477,0.3050,0.3000
1.0501,0.3050,0.3000
1.0526,0.3050,0.3000
1.0551,0.3050,0.3000
1.0576,0.3050,0.3000
1.0601,0.3050,0.3000
1.0626,0.3050,0.3000
1.0650,0.3050,0.3000
1.0675,0.3050,0.3000
1.0700,0.3050,0.3000
1.0725,0.3050,0.3000
1.0750,0.3050,0.3000
1.0776,0.3050,0.3000
1.0801,0.3050,0.3000
1.0825,0.3050,0.3000
1.0850,0.3050,0.3000
1.0875,0.3050,0.3000
1.0900,0.3050,0.3000
1.0925,0.3050,0.3000
1.0950,0.3050,0.3000
1.0974,0.3050,0.3000
1.0999,0.3050,0.3000
1.1024,0.3050,0.3000
1.1049,0.3050,0.3000
1.1074,0.3050,0.3000
1.1099,0.3050,0.3000
1.1123,0.3050,0.3000
1.1148,0.3050,0.3000
1.1173,0.3050,0.3000
1.1198,0.3050,0.3000
1.1223,0.3050,0.3000
1.1248,0.3050,0.3000
1.1273,0.3050,0.3000
1.1297,0.3050,0.3000
1.1322,0.3050,0.3000
1.1347,0.3050,0.3000
1.1372,0.3050,0.3000
1.1397,0.3050,0.3000
1.1422,0.3050,0.3000
1.1447,0.3050,0.3000
1.1472,0.3050,0.3000
1.1497,0.3050,0.3000
1.1522,0.3050,0.3000
1.1547,0.3050,0.3000
1.1572,0.3050,0.3000
1.1597,0.3050,0.3000
1.1621,0.3050,0.3000
1.1646,0.3050,0.3000
1.1671,0.3050,0.3000
1.1696,0.3050,0.3000
1.1721,0.3050,0.3000
1.1746,0.3050,0.3000
1.1770,0.3050,0.3000
1.1795,0.3050,0.3000
1.1820,0.3050,0.3000
1.1845,0.3050,0.3000
1.1870,0.3050,0.3000
1.1895,0.3050,0.3000
1.1919,0.3050,0.3000
1.1944,0.3050,0.3000
1.1969,0.3050,0.3000
1.1994,0.3050,0.3000
1.2019,0.3050,0.3000
1.2044,0.3050,0.3000
1.2069,0.3050,0.3000
1.2093,0.3050,0.3000
1.2118,0.3050,0.3000
1.2143,0.3050,0.3000
1.2169,0.3050,0.3000
1.2194,0.3050,0.3000
1.2219,0.3050,0.3000
1.2243,0.3050,0.3000
1.2268,0.3050,0.3000
1.2293,0.3050,0.3000
1.2318,0.3050,0.3000
1.2343,0.3050,0.3000
1.2368,0.3050,0.3000
1.2393,0.3050,0.3000
1.2417,0.3050,0.3000
1.2442,0.3050,0.3000
1.2467,0.3050,0.3000
1.2492,0.3050,0.3000
1.2517,0.3050,0.3000
1.2542,0.3050,0.3000
1.2566,0.3050,0.3000
1.2591,0.3050,0.3000
1.2616,0.3050,0.3000
1.2641,0.3050,0.3000
1.2666,0.3050,0.3000
1.2691,0.3050,0.3000
1.2715,0.3050,0.3000
1.2740,0.3050,0.3000
1.2765,0.3050,0.3000
1.2790,0.3050,0.3000
1.2815,0.3050,0.3000
1.2840,0.3050,0.3000
1.2865,0.3050,0.3000
1.2890,0.3050,0.3000
1.2915,0.3050,0.3000
1.2940,0.3050,0.3000
1.2965,0.3050,0.3000
1.2990,0.3050,0.3000
1.3015,0.3050,0.3000
1.3039,0.3050,0.3000
1.3064,0.3050,0.3000
1.3089,0.3050,0.3000
1.3114,0.3050,0.3000
1.3139,0.3050,0.3000
1.3164,0.3050,0.3000
1.3189,0.3050,0.3000
1.3213,0.3050,0.3000
1.3238,0.3050,0.3000
1.3263,0.3050,0.3000
1.3288,0.3050,0.3000
1.3313,0.3050,0.3000
1.3338,0.3050,0.3000
1.3362,0.3050,0.3000
1.3387,0.3050,0.3000
1.3412,0.3050,0.3000
1.3437,0.3050,0.3000
1.3462,0.3050,0.3000
1.3487,0.3050,0.3000
1.3511,0.3050,0.3000
1.3536,0.3050,0.3000
1.3562,0.3050,0.3000
1.3587,0.3050,0.3000
1.3612,0.3050,0.3000
1.3637,0.3050,0.3000
1.3662,0.3050,0.3000
1.3686,0.3050,0.3000
1.3711,0.3050,0.3000
1.3736,0.3050,0.3000
1.3761,0.3050,0.3000
1.3786,0.3050,0.3000
1.3811,0.3050,0.3000
1.3835,0.3050,0.3000
1.3860,0.3050,0.3000
1.3885,0.3050,0.3000
1.3910,0.3050,0.3000
1.3935,0.3050,0.3000
1.3960,0.3050,0.3000
1.3985,0.3050,0.3000
1.4009,0.3050,0.3000
1.4034,0.3050,0.3000
1.4059,0.3050,0.3000
1.4084,0.3050,0.3000
1.4109,0.3050,0.3000
1.4134,0.3050,0.3000
1.4158,0.3050,0.3000
1.4183,0.3050,0.3000
1.4208,0.3050,0.3000
1.4233,0.3050,0.3000
1.4258,0.3050,0.3000
1.4284,0.3050,0.3000
1.4308,0.3050,0.3000
1.4333,0.3050,0.3000
1.4358,0.3050,0.3000
1.4383,0.3050,0.3000
1.4408,0.3050,0.3000
1.4433,0.3050,0.3000
1.4458,0.3050,0.3000
1.4482,0.3050,0.3000
1.4507,0.3050,0.3000
1.4532,0.3050,0.3000
1.4557,0.3050,0.3000
1.4582,0.3050,0.3000
1.4607,0.3050,0.3000
1.4631,0.3050,0.3000
1.4656,0.3050,0.3000
1.4681,0.3050,0.3000
1.4706,0.3050,0.3000
1.4731,0.3050,0.3000
1.4756,0.3050,0.3000
1.4781,0.3050,0.3000
1.4805,0.3050,0.3000
1.4830,0.3050,0.3000
1.4855,0.3050,0.3000
1.4880,0.3050,0.3000
1.4905,0.3050,0.3000
1.4930,0.3050,0.3000
1.4955,0.3050,0.3000
1.4980,0.3050,0.3000
1.5005,0.3050,0.3000
1.5030,0.3050,0.3000
1.5055,0.3050,0.3000
1.5080,0.3050,0.3000
1.5104,0.3050,0.3000
1.5129,0.3050,0.3000
1.5154,0.3050,0.3000
1.5179,0.3050,0.3000
1.5204,0.3050,0.3000
1.5229,0.3050,0.3000
1.5254,0.3050,0.3000
1.5278,0.3050,0.3000
1.5303,0.3050,0.3000
1.5328,0.3050,0.3000
1.5353,0.3050,0.3000
1.5378,0.3050,0.3000
1.5403,0.3050,0.3000
1.5427,0.3050,0.3000
1.5452,0.3050,0.3000
1.5477,0.3050,0.3000
1.5502,0.3050,0.3000
1.5527,0.3050,0.3000
1.5552,0.3050,0.3000
1.5577,0.3050,0.3000
1.5601,0.3050,0.3000
1.5626,0.3050,0.3000
1.5651,0.3050,0.3000
1.5677,0.3050,0.3000
1.5702,0.3050,0.3000
1.5727,0.3050,0.3000
1.5751,0.3050,0.3000
1.5776,0.3050,0.3000
1.5801,0.3050,0.3000
1.5826,0.3050,0.3000
1.5851,0.3050,0.3000
1.5876,0.3050,0.3000
1.5900,0.3050,0.3000
1.5925,0.3050,0.3000
1.5950,0.3050,0.3000
1.5975,0.3050,0.3000
