-1.6000,0.3610,0.3000
-1.5975,0.3610,0.3000
-1.5950,0.3610,0.3000
-1.5925,0.3610,0.3000
-1.5901,0.3610,0.3000
-1.5876,0.3610,0.3000
-1.5851,0.3610,0.3000
-1.5826,0.3610,0.3000
-1.5801,0.3610,0.3000
-1.5776,0.3610,0.3000
-1.5752,0.3610,0.3000
-1.5727,0.3610,0.3000
-1.5702,0.3610,0.3000
-1.5677,0.3610,0.3000
-1.5652,0.3610,0.3000
-1.5626,0.3610,0.3000
-1.5602,0.3610,0.3000
-1.5577,0.3610,0.3000
-1.5552,0.3610,0.3000
-1.5527,0.3610,0.3000
-1.5502,0.3610,0.3000
-1.5477,0.3610,0.3000
-1.5452,0.3610,0.3000
-1.5428,0.3610,0.3000
-1.5403,0.3610,0.3000
-1.5378,0.3610,0.3000
-1.5353,0.3610,0.3000
-1.5328,0.3610,0.3000
-1.5303,0.3610,0.3000
-1.5279,0.3610,0.3000
-1.5254,0.3610,0.3000
-1.5229,0.3610,0.3000
-1.5204,0.3610,0.3000
-1.5179,0.3610,0.3000
-1.5154,0.3610,0.3000
-1.5129,0.3610,0.3000
-1.5105,0.3610,0.3000
-1.5080,0.3610,0.3000
-1.5055,0.3610,0.3000
-1.5030,0.3610,0.3000
-1.5005,0.3610,0.3000
-1.4980,0.3610,0.3000
-1.4956,0.3610,0.3000
-1.4931,0.3610,0.3000
-1.4906,0.3610,0.3000
-1.4880,0.3610,0.3000
-1.4855,0.3610,0.3000
-1.4830,0.3610,0.3000
-1.4806,0.3610,0.3000
-1.4781,0.3610,0.3000
-1.4756,0.3610,0.3000
-1.4731,0.3610,0.3000
-1.4706,0.3610,0.3000
-1.4681,0.3610,0.3000
-1.4656,0.3610,0.3000
-1.4632,0.3610,0.3000
-1.4607,0.3610,0.3000
-1.4582,0.3610,0.3000
-1.4557,0.3610,0.3000
-1.4532,0.3610,0.3000
-1.4507,0.3610,0.3000
-1.4483,0.3610,0.3000
-1.4458,0.3610,0.3000
-1.4433,0.3610,0.3000
-1.4408,0.3610,0.3000
-1.4383,0.3610,0.3000
-1.4358,0.3610,0.3000
-1.4333,0.3610,0.3000
-1.4309,0.3610,0.3000
-1.4284,0.3610,0.3000
-1.4259,0.3610,0.3000
-1.4234,0.3610,0.3000
-1.4209,0.3610,0.3000
-1.4184,0.3610,0.3000
-1.4159,0.3610,0.3000
-1.4134,0.3610,0.3000
-1.4109,0.3610,0.3000
-1.4084,0.3610,0.3000
-1.4059,0.3610,0.3000
-1.4034,0.3610,0.3000
-1.4010,0.3610,0.3000
-1.3985,0.3610,0.3000
-1.3960,0.3610,0.3000
-1.3935,0.3610,0.3000
-1.3910,0.3610,0.3000
-1.3885,0.3610,0.3000
-1.3860,0.3610,0.3000
-1.3836,0.3610,0.3000
-1.3811,0.3610,0.3000
-1.3786,0.3610,0.3000
-1.3761,0.3610,0.3000
-1.3736,0.3610,0.3000
-1.3711,0.3610,0.3000
-1.3687,0.3610,0.3000
-1.3662,0.3610,0.3000
-1.3637,0.3610,0.3000
-1.3612,0.3610,0.3000
-1.3587,0.3610,0.3000
-1.3562,0.3610,0.3000
-1.3537,0.3610,0.3000
-1.3513,0.3610,0.3000
-1.3488,0.3610,0.3000
-1.3463,0.3610,0.3000
-1.3438,0.3610,0.3000
-1.3413,0.3610,0.3000
-1.3387,0.3610,0.3000
-1.3363,0.3610,0.3000
-1.3338,0.3610,0.3000
-1.3313,0.3610,0.3000
-1.3288,0.3610,0.3000
-1.3263,0.3610,0.3000
-1.3238,0.3610,0.3000
-1.3214,0.3610,0.3000
-1.3189,0.3610,0.3000
-1.3164,0.3610,0.3000
-1.3139,0.3610,0.3000
-1.3114,0.3610,0.3000
-1.3089,0.3610,0.3000
-1.3064,0.3610,0.3000
-1.3040,0.3610,0.3000
-1.3015,0.3610,0.3000
-1.2990,0.3610,0.3000
-1.2965,0.3610,0.3000
-1.2940,0.3610,0.3000
-1.2915,0.3610,0.3000
-1.2891,0.3610,0.3000
-1.2866,0.3610,0.3000
-1.2841,0.3610,0.3000
-1.2816,0.3610,0.3000
-1.2791,0.3610,0.3000
-1.2766,0.3610,0.3000
-1.2741,0.3610,0.3000
-1.2717,0.3610,0.3000
-1.2692,0.3610,0.3000
-1.2666,0.3610,0.3000
-1.2641,0.3610,0.3000
-1.2616,0.3610,0.3000
-1.2591,0.3610,0.3000
-1.2567,0.3610,0.3000
-1.2542,0.3610,0.3000
-1.2517,0.3610,0.3000
-1.2492,0.3610,0.3000
-1.2467,0.3610,0.3000
-1.2442,0.3610,0.3000
-1.2418,0.3610,0.3000
-1.2393,0.3610,0.3000
-1.2368,0.3610,0.3000
-1.2343,0.3610,0.3000
-1.2318,0.3610,0.3000
-1.2293,0.3610,0.3000
-1.2268,0.3610,0.3000
-1.2244,0.3610,0.3000
-1.2219,0.3610,0.3000
-1.2194,0.3610,0.3000
-1.2169,0.3610,0.3000
-1.2144,0.3610,0.3000
-1.2119,0.3610,0.3000
-1.2095,0.3610,0.3000
-1.2070,0.3610,0.3000
-1.2045,0.3610,0.3000
-1.2020,0.3610,0.3000
-1.1995,0.3610,0.3000
-1.1970,0.3610,0.3000
-1.1945,0.3610,0.3000
-1.1920,0.3610,0.3000
-1.1895,0.3610,0.3000
-1.1870,0.3610,0.3000
-1.1845,0.3610,0.3000
-1.1820,0.3610,0.3000
-1.1795,0.3610,0.3000
-1.1771,0.3610,0.3000
-1.1746,0.3610,0.3000
-1.1721,0.3610,0.3000
-1.1696,0.3610,0.3000
-1.1671,0.3610,0.3000
-1.1646,0.3610,0.3000
-1.1622,0.3610,0.3000
-1.1597,0.3610,0.3000
-1.1572,0.3610,0.3000
-1.1547,0.3610,0.3000
-1.1522,0.3610,0.3000
-1.1497,0.3610,0.3000
-1.1472,0.3610,0.3000
-1.1448,0.3610,0.3000
-1.1423,0.3610,0.3000
-1.1398,0.3610,0.3000
-1.1373,0.3610,0.3000
-1.1348,0.3610,0.3000
-1.1323,0.3610,0.3000
-1.1299,0.3610,0.3000
-1.1274,0.3610,0.3000
-1.1249,0.3610,0.3000
-1.1224,0.3610,0.3000
-1.1198,0.3610,0.3000
-1.1173,0.3610,0.3000
-1.1148,0.3610,0.3000
-1.1124,0.3610,0.3000
-1.1099,0.3610,0.3000
-1.1074,0.3610,0.3000
-1.1049,0.3610,0.3000
-1.1024,0.3610,0.3000
-1.0999,0.3610,0.3000
-1.0975,0.3610,0.3000
-1.0950,0.3610,0.3000
-1.0925,0.3610,0.3000
-1.0900,0.3610,0.3000
-1.0875,0.3610,0.3000
-1.0850,0.3610,0.3000
-1.0826,0.3610,0.3000
-1.0801,0.3610,0.3000
-1.0776,0.3610,0.3000
-1.0751,0.3610,0.3000
-1.0726,0.3610,0.3000
-1.0701,0.3610,0.3000
-1.0676,0.3610,0.3000
-1.0652,0.3610,0.3000
-1.0627,0.3610,0.3000
-1.0602,0.3610,0.3000
-1.0577,0.3610,0.3000
-1.0552,0.3610,0.3000
-1.0527,0.3610,0.3000
-1.0503,0.3610,0.3000
-1.0478,0.3610,0.3000
-1.0452,0.3610,0.3000
-1.0427,0.3610,0.3000
-1.0402,0.3610,0.3000
-1.0377,0.3610,0.3000
-1.0352,0.3610,0.3000
-1.0328,0.3610,0.3000
-1.0303,0.3610,0.3000
-1.0278,0.3610,0.3000
-1.0253,0.3610,0.3000
-1.0228,0.3610,0.3000
-1.0203,0.3610,0.3000
-1.0179,0.3610,0.3000
-1.0154,0.3610,0.3000
-1.0129,0.3610,0.3000
-1.0104,0.3610,0.3000
-1.0079,0.3610,0.3000
-1.0054,0.3610,0.3000
-1.0030,0.3610,0.3000
-1.0005,0.3610,0.3000
-0.9980,0.3610,0.3000
-0.9955,0.3610,0.3000
-0.9930,0.3610,0.3000
-0.9905,0.3610,0.3000
-0.9880,0.3610,0.3000
-0.9856,0.3610,0.3000
-0.9831,0.3610,0.3000
-0.9806,0.3610,0.3000
-0.9781,0.3610,0.3000
-0.9756,0.3610,0.3000
-0.9731,0.3610,0.3000
-0.9706,0.3610,0.3000
-0.9681,0.3610,0.3000
-0.9656,0.3610,0.3000
-0.9631,0.3610,0.3000
-0.9606,0.3610,0.3000
-0.9581,0.3610,0.3000
-0.9557,0.3610,0.3000
-0.9532,0.3610,0.3000
-0.9507,0.3610,0.3000
-0.9482,0.3610,0.3000
-0.9457,0.3610,0.3000
-0.9432,0.3610,0.3000
-0.9407,0.3610,0.3000
-0.9383,0.3610,0.3000
-0.9358,0.3610,0.3000
-0.9333,0.3610,0.3000
-0.9308,0.3610,0.3000
-0.9283,0.3610,0.3000
-0.9258,0.3610,0.3000
-0.9234,0.3610,0.3000
-0.9209,0.3610,0.3000
-0.9184,0.3610,0.3000
-0.9159,0.3610,0.3000
-0.9134,0.3610,0.3000
-0.9109,0.3610,0.3000
-0.9084,0.3610,0.3000
-0.9060,0.3610,0.3000
-0.9035,0.3610,0.3000
-0.9010,0.3610,0.3000
-0.8985,0.3610,0.3000
-0.8959,0.3610,0.3000
-0.8934,0.3610,0.3000
-0.8910,0.3610,0.3000
-0.8885,0.3610,0.3000
-0.8860,0.3610,0.3000
-0.8835,0.3610,0.3000
-0.8810,0.3610,0.3000
-0.8785,0.3610,0.3000
-0.8761,0.3610,0.3000
-0.8736,0.3610,0.3000
-0.8711,0.3610,0.3000
-0.8686,0.3610,0.3000
-0.8661,0.3610,0.3000
-0.8636,0.3610,0.3000
-0.8611,0.3610,0.3000
-0.8587,0.3610,0.3000
-0.8562,0.3610,0.3000
-0.8537,0.3610,0.3000
-0.8512,0.3610,0.3000
-0.8487,0.3610,0.3000
-0.8462,0.3610,0.3000
-0.8438,0.3610,0.3000
-0.8413,0.3610,0.3000
-0.8388,0.3610,0.3000
-0.8363,0.3610,0.3000
-0.8338,0.3610,0.3000
-0.8313,0.3610,0.3000
-0.8288,0.3610,0.3000
-0.8264,0.3610,0.3000
-0.8238,0.3610,0.3000
-0.8213,0.3610,0.3000
-0.8188,0.3610,0.3000
-0.8163,0.3610,0.3000
-0.8138,0.3610,0.3000
-0.8114,0.3610,0.3000
-0.8089,0.3610,0.3000
-0.8064,0.3610,0.3000
-0.8039,0.3610,0.3000
-0.8014,0.3610,0.3000
-0.7989,0.3610,0.3000
-0.7965,0.3610,0.3000
-0.7940,0.3610,0.3000
-0.7915,0.3610,0.3000
-0.7890,0.3610,0.3000
-0.7865,0.3610,0.3000
-0.7840,0.3610,0.3000
-0.7815,0.3610,0.3000
-0.7791,0.3610,0.3000
-0.7766,0.3610,0.3000
-0.7741,0.3610,0.3000
-0.7716,0.3610,0.3000
-0.7691,0.3610,0.3000
-0.7666,0.3610,0.3000
-0.7642,0.3610,0.3000
-0.7617,0.3610,0.3000
-0.7592,0.3610,0.3000
-0.7567,0.3610,0.3000
-0.7542,0.3610,0.3000
-0.7517,0.3610,0.3000
-0.7492,0.3610,0.3000
-0.7467,0.3610,0.3000
-0.7442,0.3610,0.3000
-0.7417,0.3610,0.3000
-0.7392,0.3610,0.3000
-0.7367,0.3610,0.3000
-0.7342,0.3610,0.3000
-0.7318,0.3610,0.3000
-0.7293,0.3610,0.3000
-0.7268,0.3610,0.3000
-0.7243,0.3610,0.3000
-0.7218,0.3610,0.3000
-0.7193,0.3610,0.3000
-0.7169,0.3610,0.3000
-0.7144,0.3610,0.3000
-0.7119,0.3610,0.3000
-0.7094,0.3610,0.3000
-0.7069,0.3610,0.3000
-0.7044,0.3610,0.3000
-0.7019,0.3610,0.3000
-0.6995,0.3610,0.3000
-0.6970,0.3610,0.3000
-0.6945,0.3610,0.3000
-0.6920,0.3610,0.3000
-0.6895,0.3610,0.3000
-0.6870,0.3610,0.3000
-0.6846,0.3610,0.3000
-0.6821,0.3610,0.3000
-0.6796,0.3610,0.3000
-0.6770,0.3610,0.3000
-0.6745,0.3610,0.3000
-0.6720,0.3610,0.3000
-0.6695,0.3610,0.3000
-0.6671,0.3610,0.3000
-0.6646,0.3610,0.3000
-0.6621,0.3610,0.3000
-0.6596,0.3610,0.3000
-0.6571,0.3610,0.3000
-0.6546,0.3610,0.3000
-0.6522,0.3610,0.3000
-0.6497,0.3610,0.3000
-0.6472,0.3610,0.3000
-0.6447,0.3610,0.3000
-0.6422,0.3610,0.3000
-0.6397,0.3610,0.3000
-0.6373,0.3610,0.3000
-0.6348,0.3610,0.3000
-0.6323,0.3610,0.3000
-0.6298,0.3610,0.3000
-0.6273,0.3610,0.3000
-0.6248,0.3610,0.3000
-0.6223,0.3610,0.3000
-0.6199,0.3610,0.3000
-0.6174,0.3610,0.3000
-0.6149,0.3610,0.3000
-0.6124,0.3610,0.3000
-0.6099,0.3610,0.3000
-0.6074,0.3610,0.3000
-0.6050,0.3610,0.3000
-0.6024,0.3610,0.3000
-0.5999,0.3610,0.3000
-0.5974,0.3610,0.3000
-0.5949,0.3610,0.3000
-0.5924,0.3610,0.3000
-0.5899,0.3610,0.3000
-0.5875,0.3610,0.3000
-0.5850,0.3610,0.3000
-0.5825,0.3610,0.3000
-0.5800,0.3610,0.3000
-0.5775,0.3610,0.3000
-0.5750,0.3610,0.3000
-0.5726,0.3610,0.3000
-0.5701,0.3610,0.3000
-0.5676,0.3610,0.3000
-0.5651,0.3610,0.3000
-0.5626,0.3610,0.3000
-0.5601,0.3610,0.3000
-0.5577,0.3610,0.3000
-0.5552,0.3610,0.3000
-0.5527,0.3610,0.3000
-0.5502,0.3610,0.3000
-0.5477,0.3610,0.3000
-0.5452,0.3610,0.3000
-0.5427,0.3610,0.3000
-0.5403,0.3610,0.3000
-0.5378,0.3610,0.3000
-0.5353,0.3610,0.3000
-0.5328,0.3610,0.3000
-0.5303,0.3610,0.3000
-0.5277,0.3610,0.3000
-0.5253,0.3610,0.3000
-0.5228,0.3610,0.3000
-0.5203,0.3610,0.3000
-0.5178,0.3610,0.3000
-0.5153,0.3610,0.3000
-0.5128,0.3610,0.3000
-0.5103,0.3610,0.3000
-0.5079,0.3610,0.3000
-0.5054,0.3610,0.3000
-0.5029,0.3610,0.3000
-0.5004,0.3610,0.3000
-0.4979,0.3610,0.3000
-0.4954,0.3610,0.3000
-0.4930,0.3610,0.3000
-0.4905,0.3610,0.3000
-0.4880,0.3610,0.3000
-0.4855,0.3610,0.3000
-0.4830,0.3610,0.3000
-0.4805,0.3610,0.3000
-0.4781,0.3610,0.3000
-0.4756,0.3610,0.3000
-0.4731,0.3610,0.3000
-0.4706,0.3610,0.3000
-0.4681,0.3610,0.3000
-0.4656,0.3610,0.3000
-0.4631,0.3610,0.3000
-0.4607,0.3610,0.3000
-0.4582,0.3610,0.3000
-0.4557,0.3610,0.3000
-0.4531,0.3610,0.3000
-0.4506,0.3610,0.3000
-0.4481,0.3610,0.3000
-0.4457,0.3610,0.3000
-0.4432,0.3610,0.3000
-0.4407,0.3610,0.3000
-0.4382,0.3610,0.3000
-0.4357,0.3610,0.3000
-0.4332,0.3610,0.3000
-0.4307,0.3610,0.3000
-0.4283,0.3610,0.3000
-0.4258,0.3610,0.3000
-0.4233,0.3610,0.3000
-0.4208,0.3610,0.3000
-0.4183,0.3610,0.3000
-0.4158,0.3610,0.3000
-0.4134,0.3610,0.3000
-0.4109,0.3610,0.3000
-0.4084,0.3610,0.3000
-0.4059,0.3610,0.3000
-0.4034,0.3610,0.3000
-0.4009,0.3610,0.3000
-0.3985,0.3610,0.3000
-0.3960,0.3610,0.3000
-0.3935,0.3610,0.3000
-0.3910,0.3610,0.3000
-0.3885,0.3610,0.3000
-0.3860,0.3610,0.3000
-0.3835,0.3610,0.3000
-0.3810,0.3610,0.3000
-0.3785,0.3610,0.3000
-0.3760,0.3610,0.3000
-0.3735,0.3610,0.3000
-0.3710,0.3610,0.3000
-0.3685,0.3610,0.3000
-0.3661,0.3610,0.3000
-0.3636,0.3610,0.3000
-0.3611,0.3610,0.3000
-0.3586,0.3610,0.3000
-0.3561,0.3610,0.3000
-0.3536,0.3610,0.3000
-0.3511,0.3610,0.3000
-0.3487,0.3610,0.3000
-0.3462,0.3610,0.3000
-0.3437,0.3610,0.3000
-0.3412,0.3610,0.3000
-0.3387,0.3610,0.3000
-0.3362,0.3610,0.3000
-0.3338,0.3610,0.3000
-0.3313,0.3610,0.3000
-0.3288,0.3610,0.3000
-0.3263,0.3610,0.3000
-0.3238,0.3610,0.3000
-0.3213,0.3610,0.3000
-0.3189,0.3610,0.3000
-0.3164,0.3610,0.3000
-0.3139,0.3610,0.3000
-0.3114,0.3610,0.3000
-0.3089,0.3610,0.3000
-0.3064,0.3610,0.3000
-0.3038,0.3610,0.3000
-0.3014,0.3610,0.3000
-0.2989,0.3610,0.3000
-0.2964,0.3610,0.3000
-0.2939,0.3610,0.3000
-0.2914,0.3610,0.3000
-0.2889,0.3610,0.3000
-0.2865,0.3610,0.3000
-0.2840,0.3610,0.3000
-0.2815,0.3610,0.3000
-0.2790,0.3610,0.3000
-0.2765,0.3610,0.3000
-0.2740,0.3610,0.3000
-0.2716,0.3610,0.3000
-0.2691,0.3610,0.3000
-0.2666,0.3610,0.3000
-0.2641,0.3610,0.3000
-0.2616,0.3610,0.3000
-0.2591,0.3610,0.3000
-0.2566,0.3610,0.3000
-0.2542,0.3610,0.3000
-0.2517,0.3610,0.3000
-0.2492,0.3610,0.3000
-0.2467,0.3610,0.3000
-0.2442,0.3610,0.3000
-0.2417,0.3610,0.3000
-0.2393,0.3610,0.3000
-0.2368,0.3610,0.3000
-0.2342,0.3610,0.3000
-0.2317,0.3610,0.3000
-0.2292,0.3610,0.3000
-0.2267,0.3610,0.3000
-0.2242,0.3610,0.3000
-0.2218,0.3610,0.3000
-0.2193,0.3610,0.3000
-0.2168,0.3610,0.3000
-0.2143,0.3610,0.3000
-0.2118,0.3610,0.3000
-0.2093,0.3610,0.3000
-0.2069,0.3610,0.3000
-0.2044,0.3610,0.3000
-0.2019,0.3610,0.3000
-0.1994,0.3610,0.3000
-0.1969,0.3610,0.3000
-0.1944,0.3610,0.3000
-0.1920,0.3610,0.3000
-0.1895,0.3610,0.3000
-0.1870,0.3610,0.3000
-0.1845,0.3610,0.3000
-0.1820,0.3610,0.3000
-0.1795,0.3610,0.3000
-0.1770,0.3610,0.3000
-0.1746,0.3610,0.3000
-0.1721,0.3610,0.3000
-0.1696,0.3610,0.3000
-0.1671,0.3610,0.3000
-0.1646,0.3610,0.3000
-0.1621,0.3610,0.3000
-0.1596,0.3610,0.3000
-0.1571,0.3610,0.3000
-0.1546,0.3610,0.3000
-0.1521,0.3610,0.3000
-0.1496,0.3610,0.3000
-0.1471,0.3610,0.3000
-0.1446,0.3610,0.3000
-0.1422,0.3610,0.3000
-0.1397,0.3610,0.3000
-0.1372,0.3610,0.3000
-0.1347,0.3610,0.3000
-0.1322,0.3610,0.3000
-0.1297,0.3610,0.3000
-0.1273,0.3610,0.4581
-0.1248,0.3610,0.4581
-0.1230,0.3610,0.5434
-0.1222,0.3610,0.7417
-0.1196,0.3610,0.6864
-0.1169,0.3610,0.6376
-0.1142,0.3610,0.5952
-0.1115,0.3610,0.5593
-0.1088,0.3610,0.5298
-0.1062,0.3610,0.5068
-0.1036,0.3610,0.4903
-0.1009,0.3610,0.4801
-0.0982,0.3610,0.4765
-0.0955,0.3610,0.4793
-0.0928,0.3610,0.4885
-0.0902,0.3610,0.4914
-0.0880,0.3610,0.4581
-0.0874,0.3610,0.4581
-0.0844,0.3610,0.4581
-0.0815,0.3610,0.4581
-0.0790,0.3610,0.4461
-0.0785,0.3610,0.3956
-0.0758,0.3610,0.4362
-0.0730,0.3610,0.4551
-0.0702,0.3610,0.4525
-0.0674,0.3610,0.4283
-0.0646,0.3610,0.3825
-0.0618,0.3610,0.3151
-0.0591,0.3610,0.2261
-0.0563,0.3610,0.1155
-0.0535,0.3610,0.0501
-0.0507,0.3610,0.4581
-0.0483,0.3610,0.4581
-0.0458,0.3610,0.3000
-0.0434,0.3610,0.3000
-0.0409,0.3610,0.3000
-0.0384,0.3610,0.3000
-0.0359,0.3610,0.3000
-0.0335,0.3610,0.3000
-0.0310,0.3610,0.3000
-0.0286,0.3610,0.3000
-0.0261,0.3610,0.3000
-0.0236,0.3610,0.3000
-0.0211,0.3610,0.3000
-0.0186,0.3610,0.3000
-0.0163,0.3610,0.3000
-0.0138,0.3610,0.3000
-0.0113,0.3610,0.3000
-0.0088,0.3610,0.3000
-0.0063,0.3610,0.3000
-0.0039,0.3610,0.3000
-0.0015,0.0065,0.3000
0.0010,0.3508,0.3000
0.0035,0.3610,0.3000
0.0060,0.3610,0.3000
0.0085,0.3610,0.4581
0.0109,0.3610,0.4581
0.0134,0.3610,0.8490
0.0231,0.3610,0.1151
0.0261,0.3610,0.4234
0.0287,0.3610,0.5683
0.0313,0.3610,0.5604
0.0339,0.3610,0.5390
0.0364,0.3610,0.5192
0.0390,0.3610,0.5012
0.0416,0.3610,0.4850
0.0441,0.3610,0.4707
0.0467,0.3610,0.4582
0.0493,0.3610,0.4475
0.0519,0.3610,0.4387
0.0544,0.3610,0.4317
0.0570,0.3610,0.4270
0.0596,0.3610,0.4261
0.0622,0.3610,0.4293
0.0647,0.3610,0.4367
0.0673,0.3610,0.4482
0.0698,0.3610,0.4640
0.0724,0.3610,0.4839
0.0750,0.3610,0.5081
0.0776,0.3610,0.5364
0.0802,0.3610,0.4283
0.0888,0.3610,0.4458
0.0910,0.3610,0.4581
0.0930,0.3610,0.4581
0.0957,0.3610,0.3000
0.0983,0.3610,0.3000
0.1009,0.3610,0.3000
0.1036,0.3610,0.3000
0.1062,0.3610,0.3000
0.1088,0.3610,0.3000
0.1115,0.3610,0.3000
0.1141,0.3610,0.3000
0.1167,0.3610,0.3000
0.1194,0.3610,0.3000
0.1220,0.3610,0.3000
0.1246,0.3610,0.3000
0.1273,0.3610,0.4581
0.1299,0.3610,0.4581
0.1325,0.3610,0.7238
0.1352,0.3610,0.5832
0.1360,0.3610,0.8220
0.1377,0.3610,0.7313
0.1403,0.3610,0.5898
0.1429,0.3610,0.5801
0.1455,0.3610,0.5702
0.1481,0.3610,0.5601
0.1506,0.3610,0.5498
0.1532,0.3610,0.5394
0.1559,0.3610,0.5287
0.1585,0.3610,0.5179
0.1611,0.3610,0.5069
0.1637,0.3610,0.4957
0.1663,0.3610,0.4844
0.1688,0.3610,0.4728
0.1714,0.3610,0.4611
0.1740,0.3610,0.4491
0.1766,0.3610,0.4370
0.1792,0.3610,0.4248
0.1818,0.3610,0.4123
0.1843,0.3610,0.3996
0.1869,0.3610,0.3868
0.1896,0.3610,0.3738
0.1922,0.3610,0.3606
0.1948,0.3610,0.3472
0.1974,0.3610,0.3336
0.1999,0.3610,0.3199
0.2025,0.3610,0.3060
0.2051,0.3610,0.2918
0.2077,0.3610,0.3708
0.2090,0.3610,0.4581
0.2102,0.3610,0.4581
0.2127,0.3610,0.3000
0.2152,0.3610,0.3000
0.2177,0.3610,0.3000
0.2201,0.3610,0.3000
0.2226,0.3610,0.3000
0.2251,0.3610,0.3000
0.2276,0.3610,0.3000
0.2302,0.3610,0.3000
0.2327,0.3610,0.3000
0.2352,0.3610,0.3000
0.2376,0.3610,0.3000
0.2401,0.3610,0.3000
0.2426,0.3610,0.3000
0.2451,0.3610,0.3000
0.2476,0.3610,0.3000
0.2501,0.3610,0.3000
0.2525,0.3610,0.3000
0.2550,0.3610,0.3000
0.2575,0.3610,0.3000
0.2600,0.3610,0.3000
0.2625,0.3610,0.3000
0.2650,0.3610,0.3000
0.2675,0.3610,0.3000
0.2700,0.3610,0.3000
0.2725,0.3610,0.3000
0.2750,0.3610,0.3000
0.2775,0.3610,0.3000
0.2800,0.3610,0.3000
0.2825,0.3610,0.3000
0.2849,0.3610,0.3000
0.2874,0.3610,0.3000
0.2899,0.3610,0.3000
0.2924,0.3610,0.3000
0.2949,0.3610,0.3000
0.2974,0.3610,0.3000
0.2998,0.3610,0.3000
0.3023,0.3610,0.3000
0.3048,0.3610,0.3000
0.3073,0.3610,0.3000
0.3099,0.3610,0.3000
0.3124,0.3610,0.3000
0.3149,0.3610,0.3000
0.3173,0.3610,0.3000
0.3198,0.3610,0.3000
0.3223,0.3610,0.3000
0.3248,0.3610,0.3000
0.3273,0.3610,0.3000
0.3298,0.3610,0.3000
0.3322,0.3610,0.3000
0.3347,0.3610,0.3000
0.3372,0.3610,0.3000
0.3397,0.3610,0.3000
0.3422,0.3610,0.3000
0.3447,0.3610,0.3000
0.3472,0.3610,0.3000
0.3497,0.3610,0.3000
0.3522,0.3610,0.3000
0.3547,0.3610,0.3000
0.3572,0.3610,0.3000
0.3597,0.3610,0.3000
0.3622,0.3610,0.3000
0.3646,0.3610,0.3000
0.3671,0.3610,0.3000
0.3696,0.3610,0.3000
0.3721,0.3610,0.3000
0.3746,0.3610,0.3000
0.3771,0.3610,0.3000
0.3795,0.3610,0.3000
0.3820,0.3610,0.3000
0.3845,0.3610,0.3000
0.3870,0.3610,0.3000
0.3896,0.3610,0.3000
0.3921,0.3610,0.3000
0.3946,0.3610,0.3000
0.3970,0.3610,0.3000
0.3995,0.3610,0.3000
0.4020,0.3610,0.3000
0.4045,0.3610,0.3000
0.4070,0.3610,0.3000
0.4095,0.3610,0.3000
0.4119,0.3610,0.3000
0.4144,0.3610,0.3000
0.4169,0.3610,0.3000
0.4194,0.3610,0.3000
0.4219,0.3610,0.3000
0.4244,0.3610,0.3000
0.4268,0.3610,0.3000
0.4294,0.3610,0.3000
0.4319,0.3610,0.3000
0.4344,0.3610,0.3000
0.4369,0.3610,0.3000
0.4394,0.3610,0.3000
0.4419,0.3610,0.3000
0.4443,0.3610,0.3000
0.4468,0.3610,0.3000
0.4493,0.3610,0.3000
0.4518,0.3610,0.3000
0.4543,0.3610,0.3000
0.4568,0.3610,0.3000
0.4592,0.3610,0.3000
0.4617,0.3610,0.3000
0.4642,0.3610,0.3000
0.4667,0.3610,0.3000
0.4693,0.3610,0.3000
0.4718,0.3610,0.3000
0.4743,0.3610,0.3000
0.4767,0.3610,0.3000
0.4792,0.3610,0.3000
0.4817,0.3610,0.3000
0.4842,0.3610,0.3000
0.4867,0.3610,0.3000
0.4892,0.3610,0.3000
0.4916,0.3610,0.3000
0.4941,0.3610,0.3000
0.4966,0.3610,0.3000
0.4991,0.3610,0.3000
0.5016,0.3610,0.3000
0.5041,0.3610,0.3000
0.5066,0.3610,0.3000
0.5091,0.3610,0.3000
0.5116,0.3610,0.3000
0.5141,0.3610,0.3000
0.5166,0.3610,0.3000
0.5191,0.3610,0.3000
0.5216,0.3610,0.3000
0.5240,0.3610,0.3000
0.5265,0.3610,0.3000
0.5290,0.3610,0.3000
0.5315,0.3610,0.3000
0.5340,0.3610,0.3000
0.5365,0.3610,0.3000
0.5389,0.3610,0.3000
0.5414,0.3610,0.3000
0.5439,0.3610,0.3000
0.5465,0.3610,0.3000
0.5490,0.3610,0.3000
0.5515,0.3610,0.3000
0.5540,0.3610,0.3000
0.5564,0.3610,0.3000
0.5589,0.3610,0.3000
0.5614,0.3610,0.3000
0.5639,0.3610,0.3000
0.5664,0.3610,0.3000
0.5689,0.3610,0.3000
0.5713,0.3610,0.3000
0.5738,0.3610,0.3000
0.5763,0.3610,0.3000
0.5788,0.3610,0.3000
0.5813,0.3610,0.3000
0.5838,0.3610,0.3000
0.5863,0.3610,0.3000
0.5888,0.3610,0.3000
0.5913,0.3610,0.3000
0.5938,0.3610,0.3000
0.5963,0.3610,0.3000
0.5988,0.3610,0.3000
0.6013,0.3610,0.3000
0.6037,0.3610,0.3000
0.6062,0.3610,0.3000
0.6087,0.3610,0.3000
0.6112,0.3610,0.3000
0.6137,0.3610,0.3000
0.6162,0.3610,0.3000
0.6186,0.3610,0.3000
0.6211,0.3610,0.3000
0.6236,0.3610,0.3000
0.6261,0.3610,0.3000
0.6287,0.3610,0.3000
0.6312,0.3610,0.3000
0.6337,0.3610,0.3000
0.6361,0.3610,0.3000
0.6386,0.3610,0.3000
0.6411,0.3610,0.3000
0.6436,0.3610,0.3000
0.6461,0.3610,0.3000
0.6486,0.3610,0.3000
0.6510,0.3610,0.3000
0.6535,0.3610,0.3000
0.6560,0.3610,0.3000
0.6585,0.3610,0.3000
0.6610,0.3610,0.3000
0.6635,0.3610,0.3000
0.6660,0.3610,0.3000
0.6685,0.3610,0.3000
0.6710,0.3610,0.3000
0.6735,0.3610,0.3000
0.6760,0.3610,0.3000
0.6785,0.3610,0.3000
0.6810,0.3610,0.3000
0.6834,0.3610,0.3000
0.6859,0.3610,0.3000
0.6884,0.3610,0.3000
0.6909,0.3610,0.3000
0.6934,0.3610,0.3000
0.6959,0.3610,0.3000
0.6983,0.3610,0.3000
0.7008,0.3610,0.3000
0.7033,0.3610,0.3000
0.7058,0.3610,0.3000
0.7084,0.3610,0.3000
0.7109,0.3610,0.3000
0.7134,0.3610,0.3000
0.7158,0.3610,0.3000
0.7183,0.3610,0.3000
0.7208,0.3610,0.3000
0.7233,0.3610,0.3000
0.7258,0.3610,0.3000
0.7283,0.3610,0.3000
0.7307,0.3610,0.3000
0.7332,0.3610,0.3000
0.7357,0.3610,0.3000
0.7382,0.3610,0.3000
0.7407,0.3610,0.3000
0.7432,0.3610,0.3000
0.7457,0.3610,0.3000
0.7482,0.3610,0.3000
0.7507,0.3610,0.3000
0.7532,0.3610,0.3000
0.7557,0.3610,0.3000
0.7582,0.3610,0.3000
0.7607,0.3610,0.3000
0.7631,0.3610,0.3000
0.7656,0.3610,0.3000
0.7681,0.3610,0.3000
0.7706,0.3610,0.3000
0.7731,0.3610,0.3000
0.7756,0.3610,0.3000
0.7780,0.3610,0.3000
0.7805,0.3610,0.3000
0.7830,0.3610,0.3000
0.7856,0.3610,0.3000
0.7881,0.3610,0.3000
0.7906,0.3610,0.3000
0.7931,0.3610,0.3000
0.7955,0.3610,0.3000
0.7980,0.3610,0.3000
0.8005,0.3610,0.3000
0.8030,0.3610,0.3000
0.8055,0.3610,0.3000
0.8080,0.3610,0.3000
0.8104,0.3610,0.3000
0.8129,0.3610,0.3000
0.8154,0.3610,0.3000
0.8179,0.3610,0.3000
0.8204,0.3610,0.3000
0.8229,0.3610,0.3000
0.8254,0.3610,0.3000
0.8279,0.3610,0.3000
0.8304,0.3610,0.3000
0.8329,0.3610,0.3000
0.8354,0.3610,0.3000
0.8379,0.3610,0.3000
0.8404,0.3610,0.3000
0.8428,0.3610,0.3000
0.8453,0.3610,0.3000
0.8478,0.3610,0.3000
0.8503,0.3610,0.3000
0.8528,0.3610,0.3000
0.8553,0.3610,0.3000
0.8577,0.3610,0.3000
0.8602,0.3610,0.3000
0.8627,0.3610,0.3000
0.8653,0.3610,0.3000
0.8678,0.3610,0.3000
0.8703,0.3610,0.3000
0.8728,0.3610,0.3000
0.8752,0.3610,0.3000
0.8777,0.3610,0.3000
0.8802,0.3610,0.3000
0.8827,0.3610,0.3000
0.8852,0.3610,0.3000
0.8877,0.3610,0.3000
0.8901,0.3610,0.3000
0.8926,0.3610,0.3000
0.8951,0.3610,0.3000
0.8976,0.3610,0.3000
0.9001,0.3610,0.3000
0.9026,0.3610,0.3000
0.9051,0.3610,0.3000
0.9076,0.3610,0.3000
0.9101,0.3610,0.3000
0.9126,0.3610,0.3000
0.9151,0.3610,0.3000
0.9176,0.3610,0.3000
0.9201,0.3610,0.3000
0.9225,0.3610,0.3000
0.9250,0.3610,0.3000
0.9275,0.3610,0.3000
0.9300,0.3610,0.3000
0.9325,0.3610,0.3000
0.9350,0.3610,0.3000
0.9374,0.3610,0.3000
0.9399,0.3610,0.3000
0.9424,0.3610,0.3000
0.9450,0.3610,0.3000
0.9475,0.3610,0.3000
0.9500,0.3610,0.3000
0.9525,0.3610,0.3000
0.9549,0.3610,0.3000
0.9574,0.3610,0.3000
0.9599,0.3610,0.3000
0.9624,0.3610,0.3000
0.9649,0.3610,0.3000
0.9674,0.3610,0.3000
0.9698,0.3610,0.3000
0.9723,0.3610,0.3000
0.9748,0.3610,0.3000
0.9773,0.3610,0.3000
0.9798,0.3610,0.3000
0.9823,0.3610,0.3000
0.9848,0.3610,0.3000
0.9873,0.3610,0.3000
0.9898,0.3610,0.3000
0.9923,0.3610,0.3000
0.9948,0.3610,0.3000
0.9973,0.3610,0.3000
0.9998,0.3610,0.3000
1.0022,0.3610,0.3000
1.0047,0.3610,0.3000
1.0072,0.3610,0.3000
1.0097,0.3610,0.3000
1.0122,0.3610,0.3000
1.0147,0.3610,0.3000
1.0171,0.3610,0.3000
1.0196,0.3610,0.3000
1.0221,0.3610,0.3000
1.0246,0.3610,0.3000
1.0272,0.3610,0.3000
1.0297,0.3610,0.3000
1.0321,0.3610,0.3000
1.0346,0.3610,0.3000
1.0371,0.3610,0.3000
1.0396,0.3610,0.3000
1.0421,0.3610,0.3000
1.0446,0.3610,0.3000
1.0471,0.3610,0.3000
1.0495,0.3610,0.3000
1.0520,0.3610,0.3000
1.0545,0.3610,0.3000
1.0570,0.3610,0.3000
1.0595,0.3610,0.3000
1.0620,0.3610,0.3000
1.0645,0.3610,0.3000
1.0670,0.3610,0.3000
1.0695,0.3610,0.3000
1.0720,0.3610,0.3000
1.0745,0.3610,0.3000
1.0770,0.3610,0.3000
1.0795,0.3610,0.3000
1.0819,0.3610,0.3000
1.0844,0.3610,0.3000
1.0869,0.3610,0.3000
1.0894,0.3610,0.3000
1.0919,0.3610,0.3000
1.0944,0.3610,0.3000
1.0968,0.3610,0.3000
1.0993,0.3610,0.3000
1.1018,0.3610,0.3000
1.1044,0.3610,0.3000
1.1069,0.3610,0.3000
1.1094,0.3610,0.3000
1.1118,0.3610,0.3000
1.1143,0.3610,0.3000
1.1168,0.3610,0.3000
1.1193,0.3610,0.3000
1.1218,0.3610,0.3000
1.1243,0.3610,0.3000
1.1268,0.3610,0.3000
1.1292,0.3610,0.3000
1.1317,0.3610,0.3000
1.1342,0.3610,0.3000
1.1367,0.3610,0.3000
1.1392,0.3610,0.3000
1.1417,0.3610,0.3000
1.1442,0.3610,0.3000
1.1467,0.3610,0.3000
1.1492,0.3610,0.3000
1.1517,0.3610,0.3000
1.1542,0.3610,0.3000
1.1567,0.3610,0.3000
1.1592,0.3610,0.3000
1.1616,0.3610,0.3000
1.1641,0.3610,0.3000
1.1666,0.3610,0.3000
1.1691,0.3610,0.3000
1.1716,0.3610,0.3000
1.1741,0.3610,0.3000
1.1765,0.3610,0.3000
1.1790,0.3610,0.3000
1.1815,0.3610,0.3000
1.1841,0.3610,0.3000
1.1866,0.3610,0.3000
1.1891,0.3610,0.3000
1.1915,0.3610,0.3000
1.1940,0.3610,0.3000
1.1965,0.3610,0.3000
1.1990,0.3610,0.3000
1.2015,0.3610,0.3000
1.2040,0.3610,0.3000
1.2065,0.3610,0.3000
1.2089,0.3610,0.3000
1.2114,0.3610,0.3000
1.2139,0.3610,0.3000
1.2164,0.3610,0.3000
1.2189,0.3610,0.3000
1.2214,0.3610,0.3000
1.2239,0.3610,0.3000
1.2264,0.3610,0.3000
1.2289,0.3610,0.3000
1.2314,0.3610,0.3000
1.2339,0.3610,0.3000
1.2364,0.3610,0.3000
1.2389,0.3610,0.3000
1.2413,0.3610,0.3000
1.2438,0.3610,0.3000
1.2463,0.3610,0.3000
1.2488,0.3610,0.3000
1.2513,0.3610,0.3000
1.2538,0.3610,0.3000
1.2562,0.3610,0.3000
1.2587,0.3610,0.3000
1.2612,0.3610,0.3000
1.2638,0.3610,0.3000
1.2663,0.3610,0.3000
1.2688,0.3610,0.3000
1.2712,0.3610,0.3000
1.2737,0.3610,0.3000
1.2762,0.3610,0.3000
1.2787,0.3610,0.3000
1.2812,0.3610,0.3000
1.2837,0.3610,0.3000
1.2862,0.3610,0.3000
1.2886,0.3610,0.3000
1.2911,0.3610,0.3000
1.2936,0.3610,0.3000
1.2961,0.3610,0.3000
1.2986,0.3610,0.3000
1.3011,0.3610,0.3000
1.3036,0.3610,0.3000
1.3061,0.3610,0.3000
1.3086,0.3610,0.3000
1.3111,0.3610,0.3000
1.3136,0.3610,0.3000
1.3161,0.3610,0.3000
1.3186,0.3610,0.3000
1.3210,0.3610,0.3000
1.3235,0.3610,0.3000
1.3260,0.3610,0.3000
1.3285,0.3610,0.3000
1.3310,0.3610,0.3000
1.3335,0.3610,0.3000
1.3359,0.3610,0.3000
1.3384,0.3610,0.3000
1.3410,0.3610,0.3000
1.3435,0.3610,0.3000
1.3460,0.3610,0.3000
1.3485,0.3610,0.3000
1.3509,0.3610,0.3000
1.3534,0.3610,0.3000
1.3559,0.3610,0.3000
1.3584,0.3610,0.3000
1.3609,0.3610,0.3000
1.3634,0.3610,0.3000
1.3659,0.3610,0.3000
1.3683,0.3610,0.3000
1.3708,0.3610,0.3000
1.3733,0.3610,0.3000
1.3758,0.3610,0.3000
1.3783,0.3610,0.3000
1.3808,0.3610,0.3000
1.3833,0.3610,0.3000
1.3858,0.3610,0.3000
1.3883,0.3610,0.3000
1.3908,0.3610,0.3000
1.3933,0.3610,0.3000
1.3958,0.3610,0.3000
1.3983,0.3610,0.3000
1.4007,0.3610,0.3000
1.4032,0.3610,0.3000
1.4057,0.3610,0.3000
1.4082,0.3610,0.3000
1.4107,0.3610,0.3000
1.4132,0.3610,0.3000
1.4156,0.3610,0.3000
1.4181,0.3610,0.3000
1.4207,0.3610,0.3000
1.4232,0.3610,0.3000
1.4257,0.3610,0.3000
1.4282,0.3610,0.3000
1.4306,0.3610,0.3000
1.4331,0.3610,0.3000
1.4356,0.3610,0.3000
1.4381,0.3610,0.3000
1.4406,0.3610,0.3000
1.4431,0.3610,0.3000
1.4456,0.3610,0.3000
1.4480,0.3610,0.3000
1.4505,0.3610,0.3000
1.4530,0.3610,0.3000
1.4555,0.3610,0.3000
1.4580,0.3610,0.3000
1.4605,0.3610,0.3000
1.4630,0.3610,0.3000
1.4655,0.3610,0.3000
1.4680,0.3610,0.3000
1.4705,0.3610,0.3000
1.4730,0.3610,0.3000
1.4755,0.3610,0.3000
1.4780,0.3610,0.3000
1.4804,0.3610,0.3000
1.4829,0.3610,0.3000
1.4854,0.3610,0.3000
1.4879,0.3610,0.3000
1.4904,0.3610,0.3000
1.4929,0.3610,0.3000
1.4953,0.3610,0.3000
1.4978,0.3610,0.3000
1.5003,0.3610,0.3000
1.5029,0.3610,0.3000
1.5054,0.3610,0.3000
1.5079,0.3610,0.3000
1.5103,0.3610,0.3000
1.5128,0.3610,0.3000
1.5153,0.3610,0.3000
1.5178,0.3610,0.3000
1.5203,0.3610,0.3000
1.5228,0.3610,0.3000
1.5253,0.3610,0.3000
1.5277,0.3610,0.3000
1.5302,0.3610,0.3000
1.5327,0.3610,0.3000
1.5352,0.3610,0.3000
1.5377,0.3610,0.3000
1.5402,0.3610,0.3000
1.5427,0.3610,0.3000
1.5452,0.3610,0.3000
1.5477,0.3610,0.3000
1.5502,0.3610,0.3000
1.5527,0.3610,0.3000
1.5552,0.3610,0.3000
1.5577,0.3610,0.3000
1.5601,0.3610,0.3000
1.5626,0.3610,0.3000
1.5651,0.3610,0.3000
1.5676,0.3610,0.3000
1.5701,0.3610,0.3000
1.5726,0.3610,0.3000
1.5750,0.3610,0.3000
1.5775,0.3610,0.3000
1.5800,0.3610,0.3000
1.5826,0.3610,0.3000
1.5851,0.3610,0.3000
1.5876,0.3610,0.3000
1.5900,0.3610,0.3000
1.5925,0.3610,0.3000
1.5950,0.3610,0.3000
1.5975,0.3610,0.3000
