-1.6000,0.3690,0.3000
-1.5975,0.3690,0.3000
-1.5950,0.3690,0.3000
-1.5925,0.3690,0.3000
-1.5901,0.3690,0.3000
-1.5876,0.3690,0.3000
-1.5851,0.3690,0.3000
-1.5826,0.3690,0.3000
-1.5801,0.3690,0.3000
-1.5776,0.3690,0.3000
-1.5751,0.3690,0.3000
-1.5727,0.3690,0.3000
-1.5702,0.3690,0.3000
-1.5677,0.3690,0.3000
-1.5652,0.3690,0.3000
-1.5627,0.3690,0.3000
-1.5602,0.3690,0.3000
-1.5577,0.3690,0.3000
-1.5552,0.3690,0.3000
-1.5528,0.3690,0.3000
-1.5502,0.3690,0.3000
-1.5477,0.3690,0.3000
-1.5452,0.3690,0.3000
-1.5427,0.3690,0.3000
-1.5402,0.3690,0.3000
-1.5377,0.3690,0.3000
-1.5353,0.3690,0.3000
-1.5328,0.3690,0.3000
-1.5303,0.3690,0.3000
-1.5278,0.3690,0.3000
-1.5253,0.3690,0.3000
-1.5228,0.3690,0.3000
-1.5203,0.3690,0.3000
-1.5179,0.3690,0.3000
-1.5154,0.3690,0.3000
-1.5129,0.3690,0.3000
-1.5104,0.3690,0.3000
-1.5079,0.3690,0.3000
-1.5054,0.3690,0.3000
-1.5029,0.3690,0.3000
-1.5004,0.3690,0.3000
-1.4980,0.3690,0.3000
-1.4955,0.3690,0.3000
-1.4930,0.3690,0.3000
-1.4905,0.3690,0.3000
-1.4880,0.3690,0.3000
-1.4855,0.3690,0.3000
-1.4830,0.3690,0.3000
-1.4806,0.3690,0.3000
-1.4781,0.3690,0.3000
-1.4756,0.3690,0.3000
-1.4731,0.3690,0.3000
-1.4706,0.3690,0.3000
-1.4681,0.3690,0.3000
-1.4656,0.3690,0.3000
-1.4632,0.3690,0.3000
-1.4607,0.3690,0.3000
-1.4582,0.3690,0.3000
-1.4557,0.3690,0.3000
-1.4531,0.3690,0.3000
-1.4506,0.3690,0.3000
-1.4481,0.3690,0.3000
-1.4456,0.3690,0.3000
-1.4432,0.3690,0.3000
-1.4407,0.3690,0.3000
-1.4382,0.3690,0.3000
-1.4357,0.3690,0.3000
-1.4332,0.3690,0.3000
-1.4307,0.3690,0.3000
-1.4282,0.3690,0.3000
-1.4258,0.3690,0.3000
-1.4233,0.3690,0.3000
-1.4208,0.3690,0.3000
-1.4183,0.3690,0.3000
-1.4158,0.3690,0.3000
-1.4133,0.3690,0.3000
-1.4108,0.3690,0.3000
-1.4084,0.3690,0.3000
-1.4059,0.3690,0.3000
-1.4034,0.3690,0.3000
-1.4009,0.3690,0.3000
-1.3984,0.3690,0.3000
-1.3959,0.3690,0.3000
-1.3934,0.3690,0.3000
-1.3909,0.3690,0.3000
-1.3885,0.3690,0.3000
-1.3860,0.3690,0.3000
-1.3835,0.3690,0.3000
-1.3810,0.3690,0.3000
-1.3785,0.3690,0.3000
-1.3760,0.3690,0.3000
-1.3735,0.3690,0.3000
-1.3711,0.3690,0.3000
-1.3686,0.3690,0.3000
-1.3661,0.3690,0.3000
-1.3636,0.3690,0.3000
-1.3611,0.3690,0.3000
-1.3586,0.3690,0.3000
-1.3561,0.3690,0.3000
-1.3536,0.3690,0.3000
-1.3511,0.3690,0.3000
-1.3486,0.3690,0.3000
-1.3461,0.3690,0.3000
-1.3436,0.3690,0.3000
-1.3411,0.3690,0.3000
-1.3386,0.3690,0.3000
-1.3362,0.3690,0.3000
-1.3337,0.3690,0.3000
-1.3312,0.3690,0.3000
-1.3287,0.3690,0.3000
-1.3262,0.3690,0.3000
-1.3237,0.3690,0.3000
-1.3212,0.3690,0.3000
-1.3187,0.3690,0.3000
-1.3163,0.3690,0.3000
-1.3138,0.3690,0.3000
-1.3113,0.3690,0.3000
-1.3088,0.3690,0.3000
-1.3063,0.3690,0.3000
-1.3038,0.3690,0.3000
-1.3013,0.3690,0.3000
-1.2989,0.3690,0.3000
-1.2964,0.3690,0.3000
-1.2939,0.3690,0.3000
-1.2914,0.3690,0.3000
-1.2889,0.3690,0.3000
-1.2864,0.3690,0.3000
-1.2839,0.3690,0.3000
-1.2815,0.3690,0.3000
-1.2790,0.3690,0.3000
-1.2765,0.3690,0.3000
-1.2740,0.3690,0.3000
-1.2715,0.3690,0.3000
-1.2690,0.3690,0.3000
-1.2665,0.3690,0.3000
-1.2640,0.3690,0.3000
-1.2616,0.3690,0.3000
-1.2591,0.3690,0.3000
-1.2566,0.3690,0.3000
-1.2540,0.3690,0.3000
-1.2515,0.3690,0.3000
-1.2490,0.3690,0.3000
-1.2465,0.3690,0.3000
-1.2441,0.3690,0.3000
-1.2416,0.3690,0.3000
-1.2391,0.3690,0.3000
-1.2366,0.3690,0.3000
-1.2341,0.3690,0.3000
-1.2316,0.3690,0.3000
-1.2291,0.3690,0.3000
-1.2267,0.3690,0.3000
-1.2242,0.3690,0.3000
-1.2217,0.3690,0.3000
-1.2192,0.3690,0.3000
-1.2167,0.3690,0.3000
-1.2142,0.3690,0.3000
-1.2117,0.3690,0.3000
-1.2092,0.3690,0.3000
-1.2068,0.3690,0.3000
-1.2043,0.3690,0.3000
-1.2018,0.3690,0.3000
-1.1993,0.3690,0.3000
-1.1968,0.3690,0.3000
-1.1943,0.3690,0.3000
-1.1918,0.3690,0.3000
-1.1894,0.3690,0.3000
-1.1869,0.3690,0.3000
-1.1844,0.3690,0.3000
-1.1819,0.3690,0.3000
-1.1794,0.3690,0.3000
-1.1769,0.3690,0.3000
-1.1744,0.3690,0.3000
-1.1720,0.3690,0.3000
-1.1695,0.3690,0.3000
-1.1670,0.3690,0.3000
-1.1645,0.3690,0.3000
-1.1620,0.3690,0.3000
-1.1595,0.3690,0.3000
-1.1569,0.3690,0.3000
-1.1544,0.3690,0.3000
-1.1520,0.3690,0.3000
-1.1495,0.3690,0.3000
-1.1470,0.3690,0.3000
-1.1445,0.3690,0.3000
-1.1420,0.3690,0.3000
-1.1395,0.3690,0.3000
-1.1370,0.3690,0.3000
-1.1346,0.3690,0.3000
-1.1321,0.3690,0.3000
-1.1296,0.3690,0.3000
-1.1271,0.3690,0.3000
-1.1246,0.3690,0.3000
-1.1221,0.3690,0.3000
-1.1196,0.3690,0.3000
-1.1172,0.3690,0.3000
-1.1147,0.3690,0.3000
-1.1122,0.3690,0.3000
-1.1097,0.3690,0.3000
-1.1072,0.3690,0.3000
-1.1047,0.3690,0.3000
-1.1022,0.3690,0.3000
-1.0998,0.3690,0.3000
-1.0973,0.3690,0.3000
-1.0948,0.3690,0.3000
-1.0923,0.3690,0.3000
-1.0898,0.3690,0.3000
-1.0873,0.3690,0.3000
-1.0848,0.3690,0.3000
-1.0823,0.3690,0.3000
-1.0799,0.3690,0.3000
-1.0774,0.3690,0.3000
-1.0749,0.3690,0.3000
-1.0724,0.3690,0.3000
-1.0699,0.3690,0.3000
-1.0674,0.3690,0.3000
-1.0649,0.3690,0.3000
-1.0625,0.3690,0.3000
-1.0599,0.3690,0.3000
-1.0574,0.3690,0.3000
-1.0549,0.3690,0.3000
-1.0524,0.3690,0.3000
-1.0499,0.3690,0.3000
-1.0474,0.3690,0.3000
-1.0450,0.3690,0.3000
-1.0425,0.3690,0.3000
-1.0400,0.3690,0.3000
-1.0375,0.3690,0.3000
-1.0350,0.3690,0.3000
-1.0325,0.3690,0.3000
-1.0300,0.3690,0.3000
-1.0275,0.3690,0.3000
-1.0251,0.3690,0.3000
-1.0226,0.3690,0.3000
-1.0201,0.3690,0.3000
-1.0176,0.3690,0.3000
-1.0151,0.3690,0.3000
-1.0126,0.3690,0.3000
-1.0101,0.3690,0.3000
-1.0077,0.3690,0.3000
-1.0052,0.3690,0.3000
-1.0027,0.3690,0.3000
-1.0002,0.3690,0.3000
-0.9977,0.3690,0.3000
-0.9952,0.3690,0.3000
-0.9927,0.3690,0.3000
-0.9903,0.3690,0.3000
-0.9878,0.3690,0.3000
-0.9853,0.3690,0.3000
-0.9828,0.3690,0.3000
-0.9803,0.3690,0.3000
-0.9778,0.3690,0.3000
-0.9753,0.3690,0.3000
-0.9728,0.3690,0.3000
-0.9704,0.3690,0.3000
-0.9679,0.3690,0.3000
-0.9654,0.3690,0.3000
-0.9629,0.3690,0.3000
-0.9604,0.3690,0.3000
-0.9578,0.3690,0.3000
-0.9553,0.3690,0.3000
-0.9529,0.3690,0.3000
-0.9504,0.3690,0.3000
-0.9479,0.3690,0.3000
-0.9454,0.3690,0.3000
-0.9429,0.3690,0.3000
-0.9404,0.3690,0.3000
-0.9379,0.3690,0.3000
-0.9355,0.3690,0.3000
-0.9330,0.3690,0.3000
-0.9305,0.3690,0.3000
-0.9280,0.3690,0.3000
-0.9255,0.3690,0.3000
-0.9230,0.3690,0.3000
-0.9205,0.3690,0.3000
-0.9180,0.3690,0.3000
-0.9156,0.3690,0.3000
-0.9131,0.3690,0.3000
-0.9106,0.3690,0.3000
-0.9081,0.3690,0.3000
-0.9056,0.3690,0.3000
-0.9031,0.3690,0.3000
-0.9006,0.3690,0.3000
-0.8982,0.3690,0.3000
-0.8957,0.3690,0.3000
-0.8932,0.3690,0.3000
-0.8907,0.3690,0.3000
-0.8882,0.3690,0.3000
-0.8857,0.3690,0.3000
-0.8832,0.3690,0.3000
-0.8808,0.3690,0.3000
-0.8783,0.3690,0.3000
-0.8758,0.3690,0.3000
-0.8733,0.3690,0.3000
-0.8708,0.3690,0.3000
-0.8683,0.3690,0.3000
-0.8658,0.3690,0.3000
-0.8633,0.3690,0.3000
-0.8608,0.3690,0.3000
-0.8583,0.3690,0.3000
-0.8558,0.3690,0.3000
-0.8533,0.3690,0.3000
-0.8508,0.3690,0.3000
-0.8483,0.3690,0.3000
-0.8458,0.3690,0.3000
-0.8434,0.3690,0.3000
-0.8409,0.3690,0.3000
-0.8384,0.3690,0.3000
-0.8359,0.3690,0.3000
-0.8334,0.3690,0.3000
-0.8309,0.3690,0.3000
-0.8284,0.3690,0.3000
-0.8260,0.3690,0.3000
-0.8235,0.3690,0.3000
-0.8210,0.3690,0.3000
-0.8185,0.3690,0.3000
-0.8160,0.3690,0.3000
-0.8135,0.3690,0.3000
-0.8110,0.3690,0.3000
-0.8086,0.3690,0.3000
-0.8061,0.3690,0.3000
-0.8036,0.3690,0.3000
-0.8011,0.3690,0.3000
-0.7986,0.3690,0.3000
-0.7961,0.3690,0.3000
-0.7936,0.3690,0.3000
-0.7911,0.3690,0.3000
-0.7887,0.3690,0.3000
-0.7862,0.3690,0.3000
-0.7837,0.3690,0.3000
-0.7812,0.3690,0.3000
-0.7787,0.3690,0.3000
-0.7762,0.3690,0.3000
-0.7737,0.3690,0.3000
-0.7713,0.3690,0.3000
-0.7688,0.3690,0.3000
-0.7663,0.3690,0.3000
-0.7637,0.3690,0.3000
-0.7612,0.3690,0.3000
-0.7587,0.3690,0.3000
-0.7562,0.3690,0.3000
-0.7538,0.3690,0.3000
-0.7513,0.3690,0.3000
-0.7488,0.3690,0.3000
-0.7463,0.3690,0.3000
-0.7438,0.3690,0.3000
-0.7413,0.3690,0.3000
-0.7388,0.3690,0.3000
-0.7363,0.3690,0.3000
-0.7339,0.3690,0.3000
-0.7314,0.3690,0.3000
-0.7289,0.3690,0.3000
-0.7264,0.3690,0.3000
-0.7239,0.3690,0.3000
-0.7214,0.3690,0.3000
-0.7189,0.3690,0.3000
-0.7165,0.3690,0.3000
-0.7140,0.3690,0.3000
-0.7115,0.3690,0.3000
-0.7090,0.3690,0.3000
-0.7065,0.3690,0.3000
-0.7040,0.3690,0.3000
-0.7015,0.3690,0.3000
-0.6991,0.3690,0.3000
-0.6966,0.3690,0.3000
-0.6941,0.3690,0.3000
-0.6916,0.3690,0.3000
-0.6891,0.3690,0.3000
-0.6866,0.3690,0.3000
-0.6841,0.3690,0.3000
-0.6816,0.3690,0.3000
-0.6792,0.3690,0.3000
-0.6767,0.3690,0.3000
-0.6742,0.3690,0.3000
-0.6717,0.3690,0.3000
-0.6692,0.3690,0.3000
-0.6667,0.3690,0.3000
-0.6642,0.3690,0.3000
-0.6617,0.3690,0.3000
-0.6592,0.3690,0.3000
-0.6567,0.3690,0.3000
-0.6542,0.3690,0.3000
-0.6517,0.3690,0.3000
-0.6492,0.3690,0.3000
-0.6467,0.3690,0.3000
-0.6443,0.3690,0.3000
-0.6418,0.3690,0.3000
-0.6393,0.3690,0.3000
-0.6368,0.3690,0.3000
-0.6343,0.3690,0.3000
-0.6318,0.3690,0.3000
-0.6293,0.3690,0.3000
-0.6268,0.3690,0.3000
-0.6244,0.3690,0.3000
-0.6219,0.3690,0.3000
-0.6194,0.3690,0.3000
-0.6169,0.3690,0.3000
-0.6144,0.3690,0.3000
-0.6119,0.3690,0.3000
-0.6094,0.3690,0.3000
-0.6070,0.3690,0.3000
-0.6045,0.3690,0.3000
-0.6020,0.3690,0.3000
-0.5995,0.3690,0.3000
-0.5970,0.3690,0.3000
-0.5945,0.3690,0.3000
-0.5920,0.3690,0.3000
-0.5896,0.3690,0.3000
-0.5871,0.3690,0.3000
-0.5846,0.3690,0.3000
-0.5821,0.3690,0.3000
-0.5796,0.3690,0.3000
-0.5771,0.3690,0.3000
-0.5746,0.3690,0.3000
-0.5722,0.3690,0.3000
-0.5697,0.3690,0.3000
-0.5671,0.3690,0.3000
-0.5646,0.3690,0.3000
-0.5621,0.3690,0.3000
-0.5596,0.3690,0.3000
-0.5571,0.3690,0.3000
-0.5546,0.3690,0.3000
-0.5522,0.3690,0.3000
-0.5497,0.3690,0.3000
-0.5472,0.3690,0.3000
-0.5447,0.3690,0.3000
-0.5422,0.3690,0.3000
-0.5397,0.3690,0.3000
-0.5372,0.3690,0.3000
-0.5348,0.3690,0.3000
-0.5323,0.3690,0.3000
-0.5298,0.3690,0.3000
-0.5273,0.3690,0.3000
-0.5248,0.3690,0.3000
-0.5223,0.3690,0.3000
-0.5198,0.3690,0.3000
-0.5174,0.3690,0.3000
-0.5149,0.3690,0.3000
-0.5124,0.3690,0.3000
-0.5099,0.3690,0.3000
-0.5074,0.3690,0.3000
-0.5049,0.3690,0.3000
-0.5024,0.3690,0.3000
-0.4999,0.3690,0.3000
-0.4975,0.3690,0.3000
-0.4950,0.3690,0.3000
-0.4925,0.3690,0.3000
-0.4900,0.3690,0.3000
-0.4875,0.3690,0.3000
-0.4850,0.3690,0.3000
-0.4825,0.3690,0.3000
-0.4801,0.3690,0.3000
-0.4776,0.3690,0.3000
-0.4751,0.3690,0.3000
-0.4726,0.3690,0.3000
-0.4701,0.3690,0.3000
-0.4675,0.3690,0.3000
-0.4650,0.3690,0.3000
-0.4626,0.3690,0.3000
-0.4601,0.3690,0.3000
-0.4576,0.3690,0.3000
-0.4551,0.3690,0.3000
-0.4526,0.3690,0.3000
-0.4501,0.3690,0.3000
-0.4476,0.3690,0.3000
-0.4451,0.3690,0.3000
-0.4427,0.3690,0.3000
-0.4402,0.3690,0.3000
-0.4377,0.3690,0.3000
-0.4352,0.3690,0.3000
-0.4327,0.3690,0.3000
-0.4302,0.3690,0.3000
-0.4277,0.3690,0.3000
-0.4253,0.3690,0.3000
-0.4228,0.3690,0.3000
-0.4203,0.3690,0.3000
-0.4178,0.3690,0.3000
-0.4153,0.3690,0.3000
-0.4128,0.3690,0.3000
-0.4103,0.3690,0.3000
-0.4079,0.3690,0.3000
-0.4054,0.3690,0.3000
-0.4029,0.3690,0.3000
-0.4004,0.3690,0.3000
-0.3979,0.3690,0.3000
-0.3954,0.3690,0.3000
-0.3929,0.3690,0.3000
-0.3904,0.3690,0.3000
-0.3880,0.3690,0.3000
-0.3855,0.3690,0.3000
-0.3830,0.3690,0.3000
-0.3805,0.3690,0.3000
-0.3780,0.3690,0.3000
-0.3755,0.3690,0.3000
-0.3730,0.3690,0.3000
-0.3705,0.3690,0.3000
-0.3680,0.3690,0.3000
-0.3655,0.3690,0.3000
-0.3630,0.3690,0.3000
-0.3605,0.3690,0.3000
-0.3580,0.3690,0.3000
-0.3555,0.3690,0.3000
-0.3531,0.3690,0.3000
-0.3506,0.3690,0.3000
-0.3481,0.3690,0.3000
-0.3456,0.3690,0.3000
-0.3431,0.3690,0.3000
-0.3406,0.3690,0.3000
-0.3381,0.3690,0.3000
-0.3357,0.3690,0.3000
-0.3332,0.3690,0.3000
-0.3307,0.3690,0.3000
-0.3282,0.3690,0.3000
-0.3257,0.3690,0.3000
-0.3232,0.3690,0.3000
-0.3207,0.3690,0.3000
-0.3182,0.3690,0.3000
-0.3158,0.3690,0.3000
-0.3133,0.3690,0.3000
-0.3108,0.3690,0.3000
-0.3083,0.3690,0.3000
-0.3058,0.3690,0.3000
-0.3033,0.3690,0.3000
-0.3008,0.3690,0.3000
-0.2984,0.3690,0.3000
-0.2959,0.3690,0.3000
-0.2934,0.3690,0.3000
-0.2909,0.3690,0.3000
-0.2884,0.3690,0.3000
-0.2859,0.3690,0.3000
-0.2834,0.3690,0.3000
-0.2810,0.3690,0.3000
-0.2785,0.3690,0.3000
-0.2760,0.3690,0.3000
-0.2735,0.3690,0.3000
-0.2709,0.3690,0.3000
-0.2684,0.3690,0.3000
-0.2659,0.3690,0.3000
-0.2634,0.3690,0.3000
-0.2610,0.3690,0.3000
-0.2585,0.3690,0.3000
-0.2560,0.3690,0.3000
-0.2535,0.3690,0.3000
-0.2510,0.3690,0.3000
-0.2485,0.3690,0.3000
-0.2460,0.3690,0.3000
-0.2436,0.3690,0.3000
-0.2411,0.3690,0.3000
-0.2386,0.3690,0.3000
-0.2361,0.3690,0.3000
-0.2336,0.3690,0.3000
-0.2311,0.3690,0.3000
-0.2286,0.3690,0.3000
-0.2262,0.3690,0.3000
-0.2237,0.3690,0.3000
-0.2212,0.3690,0.3000
-0.2187,0.3690,0.3000
-0.2162,0.3690,0.3000
-0.2137,0.3690,0.3000
-0.2112,0.3690,0.3000
-0.2087,0.3690,0.3000
-0.2063,0.3690,0.3000
-0.2038,0.3690,0.3000
-0.2013,0.3690,0.3000
-0.1988,0.3690,0.3000
-0.1963,0.3690,0.3000
-0.1938,0.3690,0.3000
-0.1913,0.3690,0.3000
-0.1889,0.3690,0.3000
-0.1864,0.3690,0.3000
-0.1839,0.3690,0.3000
-0.1814,0.3690,0.3000
-0.1789,0.3690,0.3000
-0.1764,0.3690,0.3000
-0.1739,0.3690,0.3000
-0.1714,0.3690,0.3000
-0.1689,0.3690,0.3000
-0.1664,0.3690,0.3000
-0.1639,0.3690,0.3000
-0.1614,0.3690,0.3000
-0.1589,0.3690,0.3000
-0.1564,0.3690,0.3000
-0.1539,0.3690,0.3000
-0.1515,0.3690,0.3000
-0.1490,0.3690,0.3000
-0.1465,0.3690,0.3000
-0.1440,0.3690,0.3000
-0.1415,0.3690,0.3000
-0.1390,0.3690,0.3000
-0.1365,0.3690,0.3000
-0.1341,0.3690,0.3000
-0.1316,0.3690,0.3000
-0.1291,0.3690,0.3000
-0.1266,0.3690,0.7336
-0.1260,0.3690,0.7331
-0.1239,0.3690,0.7466
-0.1211,0.3690,0.7464
-0.1183,0.3690,0.7284
-0.1155,0.3690,0.7331
-0.1128,0.3690,0.7345
-0.1120,0.3690,0.3000
-0.1091,0.3690,0.3000
-0.1052,0.3690,0.3000
-0.1040,0.3690,0.7336
-0.1022,0.3690,0.7336
-0.0996,0.3690,0.7336
-0.0971,0.3690,0.7336
-0.0945,0.3690,0.7336
-0.0919,0.3690,0.7336
-0.0894,0.3690,0.7337
-0.0868,0.3690,0.7338
-0.0842,0.3690,0.7339
-0.0817,0.3690,0.7340
-0.0791,0.3690,0.7342
-0.0765,0.3690,0.7343
-0.0740,0.3690,0.7341
-0.0715,0.3690,0.7334
-0.0689,0.3690,0.7322
-0.0663,0.3690,0.7306
-0.0637,0.3690,0.7284
-0.0612,0.3690,0.7258
-0.0586,0.3690,0.7227
-0.0560,0.3690,0.7288
-0.0536,0.3690,0.7336
-0.0511,0.3690,0.3000
-0.0487,0.3690,0.3000
-0.0463,0.3690,0.3000
-0.0438,0.3690,0.3000
-0.0414,0.3690,0.3000
-0.0389,0.3690,0.3000
-0.0365,0.3690,0.3000
-0.0341,0.3690,0.3000
-0.0316,0.3690,0.3000
-0.0292,0.3690,0.3000
-0.0268,0.3690,0.3000
-0.0243,0.3690,0.3000
-0.0219,0.3690,0.3000
-0.0195,0.3690,0.3000
-0.0170,0.3690,0.3000
-0.0146,0.3690,0.3000
-0.0121,0.3690,0.3000
-0.0097,0.3690,0.3000
-0.0073,0.3690,0.3000
-0.0048,0.3690,0.3000
-0.0024,0.1910,0.3000
0.0000,0.1748,0.3000
0.0025,0.3690,0.3000
0.0049,0.3690,0.3000
0.0073,0.3690,0.3000
0.0098,0.3690,0.3000
0.0122,0.3690,0.7380
0.0147,0.3690,0.7345
0.0171,0.3690,0.7278
0.0197,0.3690,0.7478
0.0223,0.3690,0.7435
0.0249,0.3690,0.7125
0.0274,0.3690,0.7450
0.0300,0.3690,0.7485
0.0326,0.3690,0.7342
0.0351,0.3690,0.7678
0.0377,0.3690,0.7052
0.0403,0.3690,0.7020
0.0429,0.3690,0.7165
0.0454,0.3690,0.7283
0.0480,0.3690,0.7350
0.0506,0.3690,0.7372
0.0531,0.3690,0.7361
0.0557,0.3690,0.7319
0.0583,0.3690,0.7263
0.0609,0.3690,0.7521
0.0634,0.3690,0.8721
0.0660,0.3690,0.9249
0.0686,0.3690,0.5208
0.0720,0.3690,0.2074
0.0804,0.3690,0.6723
0.0910,0.3690,0.7336
0.0918,0.3690,0.7336
0.0945,0.3690,0.3000
0.0972,0.3690,0.3000
0.0999,0.3690,0.3000
0.1026,0.3690,0.3000
0.1053,0.3690,0.3000
0.1079,0.3690,0.3000
0.1106,0.3690,0.3000
0.1133,0.3690,0.3000
0.1161,0.3690,0.3000
0.1188,0.3690,0.3000
0.1215,0.3690,0.3000
0.1241,0.3690,0.3000
0.1268,0.3690,0.3000
0.1295,0.3690,0.3000
0.1322,0.3690,0.7349
0.1349,0.3690,0.7381
0.1370,0.3690,0.7354
0.1375,0.3690,0.7407
0.1401,0.3690,0.7358
0.1427,0.3690,0.7356
0.1453,0.3690,0.7354
0.1479,0.3690,0.7352
0.1505,0.3690,0.7351
0.1531,0.3690,0.7349
0.1557,0.3690,0.7347
0.1583,0.3690,0.7345
0.1609,0.3690,0.7343
0.1635,0.3690,0.7342
0.1661,0.3690,0.7340
0.1687,0.3690,0.7338
0.1713,0.3690,0.7336
0.1738,0.3690,0.7335
0.1764,0.3690,0.7333
0.1790,0.3690,0.7331
0.1816,0.3690,0.7329
0.1842,0.3690,0.7328
0.1868,0.3690,0.7326
0.1894,0.3690,0.7324
0.1920,0.3690,0.7322
0.1946,0.3690,0.7321
0.1972,0.3690,0.7319
0.1998,0.3690,0.7317
0.2024,0.3690,0.7315
0.2050,0.3690,0.7314
0.2076,0.3690,0.7313
0.2100,0.3690,0.3000
0.2101,0.3690,0.3000
0.2126,0.3690,0.3000
0.2151,0.3690,0.3000
0.2176,0.3690,0.3000
0.2201,0.3690,0.3000
0.2226,0.3690,0.3000
0.2250,0.3690,0.3000
0.2275,0.3690,0.3000
0.2300,0.3690,0.3000
0.2325,0.3690,0.3000
0.2350,0.3690,0.3000
0.2375,0.3690,0.3000
0.2401,0.3690,0.3000
0.2425,0.3690,0.3000
0.2450,0.3690,0.3000
0.2475,0.3690,0.3000
0.2500,0.3690,0.3000
0.2525,0.3690,0.3000
0.2550,0.3690,0.3000
0.2575,0.3690,0.3000
0.2599,0.3690,0.3000
0.2624,0.3690,0.3000
0.2649,0.3690,0.3000
0.2674,0.3690,0.3000
0.2699,0.3690,0.3000
0.2724,0.3690,0.3000
0.2749,0.3690,0.3000
0.2774,0.3690,0.3000
0.2798,0.3690,0.3000
0.2823,0.3690,0.3000
0.2848,0.3690,0.3000
0.2873,0.3690,0.3000
0.2898,0.3690,0.3000
0.2923,0.3690,0.3000
0.2948,0.3690,0.3000
0.2973,0.3690,0.3000
0.2998,0.3690,0.3000
0.3023,0.3690,0.3000
0.3048,0.3690,0.3000
0.3073,0.3690,0.3000
0.3098,0.3690,0.3000
0.3123,0.3690,0.3000
0.3147,0.3690,0.3000
0.3172,0.3690,0.3000
0.3197,0.3690,0.3000
0.3222,0.3690,0.3000
0.3247,0.3690,0.3000
0.3272,0.3690,0.3000
0.3297,0.3690,0.3000
0.3322,0.3690,0.3000
0.3346,0.3690,0.3000
0.3371,0.3690,0.3000
0.3396,0.3690,0.3000
0.3421,0.3690,0.3000
0.3446,0.3690,0.3000
0.3471,0.3690,0.3000
0.3496,0.3690,0.3000
0.3521,0.3690,0.3000
0.3546,0.3690,0.3000
0.3571,0.3690,0.3000
0.3596,0.3690,0.3000
0.3621,0.3690,0.3000
0.3646,0.3690,0.3000
0.3671,0.3690,0.3000
0.3695,0.3690,0.3000
0.3720,0.3690,0.3000
0.3745,0.3690,0.3000
0.3770,0.3690,0.3000
0.3795,0.3690,0.3000
0.3820,0.3690,0.3000
0.3845,0.3690,0.3000
0.3869,0.3690,0.3000
0.3894,0.3690,0.3000
0.3919,0.3690,0.3000
0.3944,0.3690,0.3000
0.3969,0.3690,0.3000
0.3994,0.3690,0.3000
0.4019,0.3690,0.3000
0.4044,0.3690,0.3000
0.4069,0.3690,0.3000
0.4094,0.3690,0.3000
0.4119,0.3690,0.3000
0.4144,0.3690,0.3000
0.4169,0.3690,0.3000
0.4194,0.3690,0.3000
0.4219,0.3690,0.3000
0.4243,0.3690,0.3000
0.4268,0.3690,0.3000
0.4293,0.3690,0.3000
0.4318,0.3690,0.3000
0.4343,0.3690,0.3000
0.4368,0.3690,0.3000
0.4393,0.3690,0.3000
0.4417,0.3690,0.3000
0.4442,0.3690,0.3000
0.4467,0.3690,0.3000
0.4492,0.3690,0.3000
0.4517,0.3690,0.3000
0.4542,0.3690,0.3000
0.4567,0.3690,0.3000
0.4592,0.3690,0.3000
0.4617,0.3690,0.3000
0.4642,0.3690,0.3000
0.4667,0.3690,0.3000
0.4692,0.3690,0.3000
0.4717,0.3690,0.3000
0.4742,0.3690,0.3000
0.4767,0.3690,0.3000
0.4791,0.3690,0.3000
0.4816,0.3690,0.3000
0.4841,0.3690,0.3000
0.4866,0.3690,0.3000
0.4891,0.3690,0.3000
0.4916,0.3690,0.3000
0.4941,0.3690,0.3000
0.4965,0.3690,0.3000
0.4990,0.3690,0.3000
0.5015,0.3690,0.3000
0.5040,0.3690,0.3000
0.5065,0.3690,0.3000
0.5090,0.3690,0.3000
0.5115,0.3690,0.3000
0.5140,0.3690,0.3000
0.5165,0.3690,0.3000
0.5190,0.3690,0.3000
0.5215,0.3690,0.3000
0.5240,0.3690,0.3000
0.5265,0.3690,0.3000
0.5290,0.3690,0.3000
0.5315,0.3690,0.3000
0.5339,0.3690,0.3000
0.5364,0.3690,0.3000
0.5389,0.3690,0.3000
0.5414,0.3690,0.3000
0.5439,0.3690,0.3000
0.5464,0.3690,0.3000
0.5489,0.3690,0.3000
0.5513,0.3690,0.3000
0.5538,0.3690,0.3000
0.5563,0.3690,0.3000
0.5588,0.3690,0.3000
0.5613,0.3690,0.3000
0.5638,0.3690,0.3000
0.5663,0.3690,0.3000
0.5688,0.3690,0.3000
0.5713,0.3690,0.3000
0.5738,0.3690,0.3000
0.5763,0.3690,0.3000
0.5788,0.3690,0.3000
0.5813,0.3690,0.3000
0.5838,0.3690,0.3000
0.5863,0.3690,0.3000
0.5887,0.3690,0.3000
0.5912,0.3690,0.3000
0.5937,0.3690,0.3000
0.5962,0.3690,0.3000
0.5987,0.3690,0.3000
0.6012,0.3690,0.3000
0.6037,0.3690,0.3000
0.6061,0.3690,0.3000
0.6086,0.3690,0.3000
0.6111,0.3690,0.3000
0.6136,0.3690,0.3000
0.6161,0.3690,0.3000
0.6186,0.3690,0.3000
0.6211,0.3690,0.3000
0.6235,0.3690,0.3000
0.6260,0.3690,0.3000
0.6286,0.3690,0.3000
0.6311,0.3690,0.3000
0.6336,0.3690,0.3000
0.6361,0.3690,0.3000
0.6386,0.3690,0.3000
0.6411,0.3690,0.3000
0.6435,0.3690,0.3000
0.6460,0.3690,0.3000
0.6485,0.3690,0.3000
0.6510,0.3690,0.3000
0.6535,0.3690,0.3000
0.6560,0.3690,0.3000
0.6585,0.3690,0.3000
0.6609,0.3690,0.3000
0.6634,0.3690,0.3000
0.6659,0.3690,0.3000
0.6684,0.3690,0.3000
0.6709,0.3690,0.3000
0.6734,0.3690,0.3000
0.6759,0.3690,0.3000
0.6783,0.3690,0.3000
0.6808,0.3690,0.3000
0.6834,0.3690,0.3000
0.6859,0.3690,0.3000
0.6884,0.3690,0.3000
0.6909,0.3690,0.3000
0.6934,0.3690,0.3000
0.6959,0.3690,0.3000
0.6983,0.3690,0.3000
0.7008,0.3690,0.3000
0.7033,0.3690,0.3000
0.7058,0.3690,0.3000
0.7083,0.3690,0.3000
0.7108,0.3690,0.3000
0.7133,0.3690,0.3000
0.7157,0.3690,0.3000
0.7182,0.3690,0.3000
0.7207,0.3690,0.3000
0.7232,0.3690,0.3000
0.7257,0.3690,0.3000
0.7282,0.3690,0.3000
0.7307,0.3690,0.3000
0.7331,0.3690,0.3000
0.7356,0.3690,0.3000
0.7382,0.3690,0.3000
0.7407,0.3690,0.3000
0.7432,0.3690,0.3000
0.7457,0.3690,0.3000
0.7482,0.3690,0.3000
0.7507,0.3690,0.3000
0.7531,0.3690,0.3000
0.7556,0.3690,0.3000
0.7581,0.3690,0.3000
0.7606,0.3690,0.3000
0.7631,0.3690,0.3000
0.7656,0.3690,0.3000
0.7681,0.3690,0.3000
0.7705,0.3690,0.3000
0.7730,0.3690,0.3000
0.7755,0.3690,0.3000
0.7780,0.3690,0.3000
0.7805,0.3690,0.3000
0.7830,0.3690,0.3000
0.7855,0.3690,0.3000
0.7879,0.3690,0.3000
0.7904,0.3690,0.3000
0.7929,0.3690,0.3000
0.7955,0.3690,0.3000
0.7980,0.3690,0.3000
0.8005,0.3690,0.3000
0.8030,0.3690,0.3000
0.8055,0.3690,0.3000
0.8079,0.3690,0.3000
0.8104,0.3690,0.3000
0.8129,0.3690,0.3000
0.8154,0.3690,0.3000
0.8179,0.3690,0.3000
0.8204,0.3690,0.3000
0.8229,0.3690,0.3000
0.8253,0.3690,0.3000
0.8278,0.3690,0.3000
0.8303,0.3690,0.3000
0.8328,0.3690,0.3000
0.8353,0.3690,0.3000
0.8378,0.3690,0.3000
0.8403,0.3690,0.3000
0.8427,0.3690,0.3000
0.8452,0.3690,0.3000
0.8477,0.3690,0.3000
0.8503,0.3690,0.3000
0.8528,0.3690,0.3000
0.8553,0.3690,0.3000
0.8578,0.3690,0.3000
0.8603,0.3690,0.3000
0.8627,0.3690,0.3000
0.8652,0.3690,0.3000
0.8677,0.3690,0.3000
0.8702,0.3690,0.3000
0.8727,0.3690,0.3000
0.8752,0.3690,0.3000
0.8777,0.3690,0.3000
0.8801,0.3690,0.3000
0.8826,0.3690,0.3000
0.8851,0.3690,0.3000
0.8876,0.3690,0.3000
0.8901,0.3690,0.3000
0.8926,0.3690,0.3000
0.8951,0.3690,0.3000
0.8975,0.3690,0.3000
0.9000,0.3690,0.3000
0.9025,0.3690,0.3000
0.9051,0.3690,0.3000
0.9076,0.3690,0.3000
0.9101,0.3690,0.3000
0.9126,0.3690,0.3000
0.9150,0.3690,0.3000
0.9175,0.3690,0.3000
0.9200,0.3690,0.3000
0.9225,0.3690,0.3000
0.9250,0.3690,0.3000
0.9275,0.3690,0.3000
0.9300,0.3690,0.3000
0.9325,0.3690,0.3000
0.9349,0.3690,0.3000
0.9374,0.3690,0.3000
0.9399,0.3690,0.3000
0.9424,0.3690,0.3000
0.9449,0.3690,0.3000
0.9474,0.3690,0.3000
0.9499,0.3690,0.3000
0.9523,0.3690,0.3000
0.9548,0.3690,0.3000
0.9573,0.3690,0.3000
0.9598,0.3690,0.3000
0.9624,0.3690,0.3000
0.9649,0.3690,0.3000
0.9674,0.3690,0.3000
0.9698,0.3690,0.3000
0.9723,0.3690,0.3000
0.9748,0.3690,0.3000
0.9773,0.3690,0.3000
0.9798,0.3690,0.3000
0.9823,0.3690,0.3000
0.9848,0.3690,0.3000
0.9873,0.3690,0.3000
0.9897,0.3690,0.3000
0.9922,0.3690,0.3000
0.9947,0.3690,0.3000
0.9972,0.3690,0.3000
0.9997,0.3690,0.3000
1.0022,0.3690,0.3000
1.0047,0.3690,0.3000
1.0071,0.3690,0.3000
1.0096,0.3690,0.3000
1.0121,0.3690,0.3000
1.0146,0.3690,0.3000
1.0172,0.3690,0.3000
1.0197,0.3690,0.3000
1.0222,0.3690,0.3000
1.0246,0.3690,0.3000
1.0271,0.3690,0.3000
1.0296,0.3690,0.3000
1.0321,0.3690,0.3000
1.0346,0.3690,0.3000
1.0371,0.3690,0.3000
1.0396,0.3690,0.3000
1.0421,0.3690,0.3000
1.0445,0.3690,0.3000
1.0470,0.3690,0.3000
1.0495,0.3690,0.3000
1.0520,0.3690,0.3000
1.0545,0.3690,0.3000
1.0570,0.3690,0.3000
1.0595,0.3690,0.3000
1.0619,0.3690,0.3000
1.0644,0.3690,0.3000
1.0669,0.3690,0.3000
1.0694,0.3690,0.3000
1.0719,0.3690,0.3000
1.0745,0.3690,0.3000
1.0770,0.3690,0.3000
1.0794,0.3690,0.3000
1.0819,0.3690,0.3000
1.0844,0.3690,0.3000
1.0869,0.3690,0.3000
1.0894,0.3690,0.3000
1.0919,0.3690,0.3000
1.0944,0.3690,0.3000
1.0969,0.3690,0.3000
1.0993,0.3690,0.3000
1.1018,0.3690,0.3000
1.1043,0.3690,0.3000
1.1068,0.3690,0.3000
1.1093,0.3690,0.3000
1.1118,0.3690,0.3000
1.1143,0.3690,0.3000
1.1167,0.3690,0.3000
1.1192,0.3690,0.3000
1.1217,0.3690,0.3000
1.1242,0.3690,0.3000
1.1267,0.3690,0.3000
1.1293,0.3690,0.3000
1.1318,0.3690,0.3000
1.1342,0.3690,0.3000
1.1367,0.3690,0.3000
1.1392,0.3690,0.3000
1.1417,0.3690,0.3000
1.1442,0.3690,0.3000
1.1467,0.3690,0.3000
1.1492,0.3690,0.3000
1.1516,0.3690,0.3000
1.1541,0.3690,0.3000
1.1566,0.3690,0.3000
1.1591,0.3690,0.3000
1.1616,0.3690,0.3000
1.1641,0.3690,0.3000
1.1666,0.3690,0.3000
1.1691,0.3690,0.3000
1.1715,0.3690,0.3000
1.1740,0.3690,0.3000
1.1765,0.3690,0.3000
1.1790,0.3690,0.3000
1.1815,0.3690,0.3000
1.1841,0.3690,0.3000
1.1866,0.3690,0.3000
1.1890,0.3690,0.3000
1.1915,0.3690,0.3000
1.1940,0.3690,0.3000
1.1965,0.3690,0.3000
1.1990,0.3690,0.3000
1.2015,0.3690,0.3000
1.2040,0.3690,0.3000
1.2064,0.3690,0.3000
1.2089,0.3690,0.3000
1.2114,0.3690,0.3000
1.2139,0.3690,0.3000
1.2164,0.3690,0.3000
1.2189,0.3690,0.3000
1.2214,0.3690,0.3000
1.2239,0.3690,0.3000
1.2263,0.3690,0.3000
1.2288,0.3690,0.3000
1.2313,0.3690,0.3000
1.2338,0.3690,0.3000
1.2363,0.3690,0.3000
1.2388,0.3690,0.3000
1.2414,0.3690,0.3000
1.2438,0.3690,0.3000
1.2463,0.3690,0.3000
1.2488,0.3690,0.3000
1.2513,0.3690,0.3000
1.2538,0.3690,0.3000
1.2563,0.3690,0.3000
1.2588,0.3690,0.3000
1.2612,0.3690,0.3000
1.2637,0.3690,0.3000
1.2662,0.3690,0.3000
1.2687,0.3690,0.3000
1.2712,0.3690,0.3000
1.2737,0.3690,0.3000
1.2762,0.3690,0.3000
1.2787,0.3690,0.3000
1.2811,0.3690,0.3000
1.2836,0.3690,0.3000
1.2861,0.3690,0.3000
1.2886,0.3690,0.3000
1.2911,0.3690,0.3000
1.2936,0.3690,0.3000
1.2962,0.3690,0.3000
1.2986,0.3690,0.3000
1.3011,0.3690,0.3000
1.3036,0.3690,0.3000
1.3061,0.3690,0.3000
1.3086,0.3690,0.3000
1.3111,0.3690,0.3000
1.3136,0.3690,0.3000
1.3160,0.3690,0.3000
1.3185,0.3690,0.3000
1.3210,0.3690,0.3000
1.3235,0.3690,0.3000
1.3260,0.3690,0.3000
1.3285,0.3690,0.3000
1.3310,0.3690,0.3000
1.3335,0.3690,0.3000
1.3359,0.3690,0.3000
1.3384,0.3690,0.3000
1.3409,0.3690,0.3000
1.3434,0.3690,0.3000
1.3459,0.3690,0.3000
1.3484,0.3690,0.3000
1.3509,0.3690,0.3000
1.3534,0.3690,0.3000
1.3559,0.3690,0.3000
1.3584,0.3690,0.3000
1.3609,0.3690,0.3000
1.3634,0.3690,0.3000
1.3659,0.3690,0.3000
1.3684,0.3690,0.3000
1.3708,0.3690,0.3000
1.3733,0.3690,0.3000
1.3758,0.3690,0.3000
1.3783,0.3690,0.3000
1.3808,0.3690,0.3000
1.3833,0.3690,0.3000
1.3858,0.3690,0.3000
1.3882,0.3690,0.3000
1.3907,0.3690,0.3000
1.3932,0.3690,0.3000
1.3957,0.3690,0.3000
1.3982,0.3690,0.3000
1.4007,0.3690,0.3000
1.4032,0.3690,0.3000
1.4057,0.3690,0.3000
1.4082,0.3690,0.3000
1.4107,0.3690,0.3000
1.4132,0.3690,0.3000
1.4157,0.3690,0.3000
1.4182,0.3690,0.3000
1.4207,0.3690,0.3000
1.4232,0.3690,0.3000
1.4256,0.3690,0.3000
1.4281,0.3690,0.3000
1.4306,0.3690,0.3000
1.4331,0.3690,0.3000
1.4356,0.3690,0.3000
1.4381,0.3690,0.3000
1.4406,0.3690,0.3000
1.4430,0.3690,0.3000
1.4455,0.3690,0.3000
1.4480,0.3690,0.3000
1.4505,0.3690,0.3000
1.4530,0.3690,0.3000
1.4555,0.3690,0.3000
1.4580,0.3690,0.3000
1.4605,0.3690,0.3000
1.4630,0.3690,0.3000
1.4655,0.3690,0.3000
1.4680,0.3690,0.3000
1.4705,0.3690,0.3000
1.4730,0.3690,0.3000
1.4755,0.3690,0.3000
1.4780,0.3690,0.3000
1.4804,0.3690,0.3000
1.4829,0.3690,0.3000
1.4854,0.3690,0.3000
1.4879,0.3690,0.3000
1.4904,0.3690,0.3000
1.4929,0.3690,0.3000
1.4954,0.3690,0.3000
1.4978,0.3690,0.3000
1.5003,0.3690,0.3000
1.5028,0.3690,0.3000
1.5053,0.3690,0.3000
1.5078,0.3690,0.3000
1.5103,0.3690,0.3000
1.5128,0.3690,0.3000
1.5153,0.3690,0.3000
1.5178,0.3690,0.3000
1.5203,0.3690,0.3000
1.5228,0.3690,0.3000
1.5253,0.3690,0.3000
1.5278,0.3690,0.3000
1.5303,0.3690,0.3000
1.5328,0.3690,0.3000
1.5352,0.3690,0.3000
1.5377,0.3690,0.3000
1.5402,0.3690,0.3000
1.5427,0.3690,0.3000
1.5452,0.3690,0.3000
1.5477,0.3690,0.3000
1.5502,0.3690,0.3000
1.5526,0.3690,0.3000
1.5551,0.3690,0.3000
1.5576,0.3690,0.3000
1.5601,0.3690,0.3000
1.5626,0.3690,0.3000
1.5651,0.3690,0.3000
1.5676,0.3690,0.3000
1.5701,0.3690,0.3000
1.5726,0.3690,0.3000
1.5751,0.3690,0.3000
1.5776,0.3690,0.3000
1.5801,0.3690,0.3000
1.5826,0.3690,0.3000
1.5851,0.3690,0.3000
1.5876,0.3690,0.3000
1.5900,0.3690,0.3000
1.5925,0.3690,0.3000
1.5950,0.3690,0.3000
1.5975,0.3690,0.3000
