-3.280000000000000138e-01,3.300000000000000155e-02,-2.229306985902105437e-02
-3.253928571428571503e-01,3.300000000000000155e-02,-2.038350372589423781e-02
-3.227857142857142869e-01,3.300000000000000155e-02,-1.880074740020127103e-02
-3.201785714285714235e-01,3.300000000000000155e-02,-1.752323635298507626e-02
-3.175714285714285601e-01,3.300000000000000155e-02,-1.652940605528861046e-02
-3.149642857142857522e-01,3.300000000000000155e-02,-1.579769197815480974e-02
-3.123571428571428887e-01,3.300000000000000155e-02,-1.530652959262657556e-02
-3.097500000000000253e-01,3.300000000000000155e-02,-1.503435436974686484e-02
-3.071428571428571619e-01,3.300000000000000155e-02,-1.495960178055862413e-02
-3.045357142857142985e-01,3.300000000000000155e-02,-1.506070729610477221e-02
-3.019285714285714350e-01,3.300000000000000155e-02,-1.531610638742825735e-02
-2.993214285714285716e-01,3.300000000000000155e-02,-1.570423452557200353e-02
-2.967142857142857082e-01,3.300000000000000155e-02,-1.620352718157895902e-02
-2.941071428571428448e-01,3.300000000000000155e-02,-1.679241982649205475e-02
-2.914999999999999813e-01,3.300000000000000155e-02,-1.744934793135421991e-02
-2.888928571428571734e-01,3.300000000000000155e-02,-1.815274696720838368e-02
-2.862857142857143100e-01,3.300000000000000155e-02,-1.888105240509750649e-02
-2.836785714285714466e-01,3.300000000000000155e-02,-1.961269971606451751e-02
-2.810714285714285832e-01,3.300000000000000155e-02,-2.032612437115234941e-02
-2.784642857142857197e-01,3.300000000000000155e-02,-2.099976184140392443e-02
-2.758571428571428563e-01,3.300000000000000155e-02,-2.161204759786219259e-02
-2.732499999999999929e-01,3.300000000000000155e-02,-2.214141711157008308e-02
-2.706428571428571295e-01,3.300000000000000155e-02,-2.256630585357053548e-02
-2.680357142857142660e-01,3.300000000000000155e-02,-2.286514929490649287e-02
-2.654285714285714581e-01,3.300000000000000155e-02,-2.301638290662087402e-02
-2.628214285714285947e-01,3.300000000000000155e-02,-2.299844215975662895e-02
-2.602142857142857313e-01,3.300000000000000155e-02,-2.278976252535669378e-02
-2.576071428571428679e-01,3.300000000000000155e-02,-2.236877947446398729e-02
-2.550000000000000044e-01,3.300000000000000155e-02,-2.171392847812146296e-02
-2.550000000000000044e-01,3.300000000000000155e-02,-2.199999999999999872e-02
-2.524385964912280733e-01,3.300000000000000155e-02,-2.199999999999999872e-02
-2.498771929824561422e-01,3.300000000000000155e-02,-2.199999999999999872e-02
-2.473157894736842111e-01,3.300000000000000155e-02,-2.199999999999999872e-02
-2.447543859649122799e-01,3.300000000000000155e-02,-2.199999999999999872e-02
-2.421929824561403488e-01,3.300000000000000155e-02,-2.199999999999999872e-02
-2.396315789473684177e-01,3.300000000000000155e-02,-2.199999999999999872e-02
-2.370701754385964866e-01,3.300000000000000155e-02,-2.199999999999999872e-02
-2.345087719298245554e-01,3.300000000000000155e-02,-2.199999999999999872e-02
-2.319473684210526243e-01,3.300000000000000155e-02,-2.199999999999999872e-02
-2.293859649122806932e-01,3.300000000000000155e-02,-2.199999999999999872e-02
-2.268245614035087621e-01,3.300000000000000155e-02,-2.199999999999999872e-02
-2.242631578947368309e-01,3.300000000000000155e-02,-2.199999999999999872e-02
-2.217017543859648998e-01,3.300000000000000155e-02,-2.199999999999999872e-02
-2.191403508771929687e-01,3.300000000000000155e-02,-2.199999999999999872e-02
-2.165789473684210376e-01,3.300000000000000155e-02,-2.199999999999999872e-02
-2.140175438596491064e-01,3.300000000000000155e-02,-2.199999999999999872e-02
-2.114561403508771753e-01,3.300000000000000155e-02,-2.199999999999999872e-02
-2.088947368421052442e-01,3.300000000000000155e-02,-2.199999999999999872e-02
-2.063333333333333131e-01,3.300000000000000155e-02,-2.199999999999999872e-02
-2.037719298245613819e-01,3.300000000000000155e-02,-2.199999999999999872e-02
-2.012105263157894786e-01,3.300000000000000155e-02,-2.199999999999999872e-02
-1.986491228070175474e-01,3.300000000000000155e-02,-2.199999999999999872e-02
-1.960877192982456163e-01,3.300000000000000155e-02,-2.199999999999999872e-02
-1.935263157894736852e-01,3.300000000000000155e-02,-2.199999999999999872e-02
-1.909649122807017541e-01,3.300000000000000155e-02,-2.199999999999999872e-02
-1.884035087719298229e-01,3.300000000000000155e-02,-2.199999999999999872e-02
-1.858421052631578918e-01,3.300000000000000155e-02,-2.199999999999999872e-02
-1.832807017543859607e-01,3.300000000000000155e-02,-2.199999999999999872e-02
-1.807192982456140296e-01,3.300000000000000155e-02,-2.199999999999999872e-02
-1.781578947368420984e-01,3.300000000000000155e-02,-2.199999999999999872e-02
-1.755964912280701673e-01,3.300000000000000155e-02,-2.199999999999999872e-02
-1.730350877192982362e-01,3.300000000000000155e-02,-2.199999999999999872e-02
-1.704736842105263050e-01,3.300000000000000155e-02,-2.199999999999999872e-02
-1.679122807017543739e-01,3.300000000000000155e-02,-2.199999999999999872e-02
-1.653508771929824428e-01,3.300000000000000155e-02,-2.199999999999999872e-02
-1.627894736842105117e-01,3.300000000000000155e-02,-2.199999999999999872e-02
-1.602280701754385805e-01,3.300000000000000155e-02,-2.199999999999999872e-02
-1.576666666666666494e-01,3.300000000000000155e-02,-2.199999999999999872e-02
-1.551052631578947183e-01,3.300000000000000155e-02,-2.199999999999999872e-02
-1.525438596491227872e-01,3.300000000000000155e-02,-2.199999999999999872e-02
-1.499824561403508838e-01,3.300000000000000155e-02,-2.199999999999999872e-02
-1.474210526315789527e-01,3.300000000000000155e-02,-2.199999999999999872e-02
-1.448596491228070215e-01,3.300000000000000155e-02,-2.199999999999999872e-02
-1.422982456140350904e-01,3.300000000000000155e-02,-2.199999999999999872e-02
-1.397368421052631593e-01,3.300000000000000155e-02,-2.199999999999999872e-02
-1.371754385964912282e-01,3.300000000000000155e-02,-2.199999999999999872e-02
-1.346140350877192970e-01,3.300000000000000155e-02,-2.199999999999999872e-02
-1.320526315789473659e-01,3.300000000000000155e-02,-2.199999999999999872e-02
-1.294912280701754348e-01,3.300000000000000155e-02,-2.199999999999999872e-02
-1.269298245614035037e-01,3.300000000000000155e-02,-2.199999999999999872e-02
-1.243684210526315725e-01,3.300000000000000155e-02,-2.199999999999999872e-02
-1.218070175438596414e-01,3.300000000000000155e-02,-2.199999999999999872e-02
-1.192456140350877103e-01,3.300000000000000155e-02,-2.199999999999999872e-02
-1.166842105263157792e-01,3.300000000000000155e-02,-2.199999999999999872e-02
-1.141228070175438480e-01,3.300000000000000155e-02,-2.199999999999999872e-02
-1.115614035087719169e-01,3.300000000000000155e-02,-2.199999999999999872e-02
-1.089999999999999997e-01,3.300000000000000155e-02,-2.199999999999999872e-02
-1.089999999999999997e-01,3.300000000000000155e-02,8.860307364142498698e-03
-1.064651162790697658e-01,3.300000000000000155e-02,4.458041578287878087e-02
-1.039302325581395320e-01,3.300000000000000155e-02,-2.161680814371735523e-02
-1.013953488372092981e-01,3.300000000000000155e-02,2.599694876643084129e-02
-9.886046511627906430e-02,3.300000000000000155e-02,5.167756233538185230e-03
-9.632558139534883046e-02,3.300000000000000155e-02,7.254081834399900286e-02
-9.379069767441861050e-02,3.300000000000000155e-02,5.374309901206793250e-02
-9.125581395348837666e-02,3.300000000000000155e-02,6.168948700690301407e-02
-8.872093023255814281e-02,3.300000000000000155e-02,7.191081995510474612e-02
-8.618604651162790897e-02,3.300000000000000155e-02,7.437782465434911172e-02
-8.365116279069767513e-02,3.300000000000000155e-02,7.601645651773057677e-02
-8.111627906976744129e-02,3.300000000000000155e-02,7.748944123689734120e-02
-7.858139534883720745e-02,3.300000000000000155e-02,7.881446267920212689e-02
-7.604651162790697361e-02,3.300000000000000155e-02,8.000920471199771122e-02
-7.351162790697673977e-02,3.300000000000000155e-02,8.109135120263681606e-02
-7.097674418604651980e-02,3.300000000000000155e-02,8.207838189637237103e-02
-6.844186046511627208e-02,3.300000000000000155e-02,8.298001067550107857e-02
-6.590697674418605212e-02,3.300000000000000155e-02,8.379596020338084261e-02
-6.337209302325580440e-02,3.300000000000000155e-02,8.452529507340744708e-02
-6.083720930232558444e-02,3.300000000000000155e-02,8.516707987897655097e-02
-5.830232558139535060e-02,3.300000000000000155e-02,8.572037921348392431e-02
-5.576744186046511675e-02,3.300000000000000155e-02,8.618425767032528162e-02
-5.323255813953488291e-02,3.300000000000000155e-02,8.655777984289632354e-02
-5.069767441860464907e-02,3.300000000000000155e-02,8.684001032459283398e-02
-4.816279069767441523e-02,3.300000000000000155e-02,8.703001370881048582e-02
-4.562790697674418139e-02,3.300000000000000155e-02,8.712685458894504908e-02
-4.309302325581394755e-02,3.300000000000000155e-02,8.712959755839221054e-02
-4.055813953488372758e-02,3.300000000000000155e-02,8.703730721054775410e-02
-3.802325581395349374e-02,3.300000000000000155e-02,8.684904813880729713e-02
-3.548837209302325990e-02,3.300000000000000155e-02,8.656388493656670680e-02
-3.295348837209302606e-02,3.300000000000000155e-02,8.618088219722164212e-02
-3.041860465116279222e-02,3.300000000000000155e-02,8.569910451416778985e-02
-2.788372093023255838e-02,3.300000000000000155e-02,8.511761648080096165e-02
-2.534883720930232454e-02,3.300000000000000155e-02,8.443548269051684430e-02
-2.281395348837209069e-02,3.300000000000000155e-02,8.365176773671112453e-02
-2.027906976744185685e-02,3.300000000000000155e-02,8.276553621277960016e-02
-1.774418604651162301e-02,3.300000000000000155e-02,8.177585271211794404e-02
-1.520930232558138917e-02,3.300000000000000155e-02,8.068178182812194010e-02
-1.267441860465116921e-02,3.300000000000000155e-02,7.948238815418723346e-02
-1.013953488372093537e-02,3.300000000000000155e-02,7.817673628370963579e-02
-7.604651162790701524e-03,3.300000000000000155e-02,7.676389081008483384e-02
-5.069767441860467683e-03,3.300000000000000155e-02,7.524291632670856989e-02
-2.534883720930233841e-03,3.300000000000000155e-02,7.361287742697654457e-02
0.000000000000000000e+00,3.300000000000000155e-02,7.187283870428451404e-02
2.000000000000000042e-03,3.300000000000000155e-02,7.187283870428451404e-02
4.000000000000000083e-03,3.300000000000000155e-02,7.187283870428451404e-02
6.000000000000000125e-03,3.300000000000000155e-02,7.187283870428451404e-02
8.000000000000000167e-03,3.300000000000000155e-02,7.289665714869118796e-02
1.060000000000000005e-02,3.300000000000000155e-02,7.557088972367664859e-02
1.319999999999999993e-02,3.300000000000000155e-02,7.795511099570807956e-02
1.580000000000000154e-02,3.300000000000000155e-02,8.006948494353097190e-02
1.839999999999999969e-02,3.300000000000000155e-02,8.193417554589069174e-02
2.099999999999999784e-02,3.300000000000000155e-02,8.356934678153274398e-02
2.359999999999999945e-02,3.300000000000000155e-02,8.499516262920245313e-02
2.620000000000000107e-02,3.300000000000000155e-02,8.623178706764528245e-02
2.879999999999999921e-02,3.300000000000000155e-02,8.729938407560666747e-02
3.139999999999999736e-02,3.300000000000000155e-02,8.821811763183204369e-02
3.400000000000000244e-02,3.300000000000000155e-02,8.900815171506680501e-02
3.660000000000000059e-02,3.300000000000000155e-02,8.968965030405637306e-02
3.919999999999999873e-02,3.300000000000000155e-02,9.028277737754621113e-02
4.179999999999999688e-02,3.300000000000000155e-02,9.080769691428171309e-02
4.440000000000000197e-02,3.300000000000000155e-02,9.128457289300830058e-02
4.700000000000000011e-02,3.300000000000000155e-02,9.173356929247139524e-02
4.700000000000000011e-02,3.300000000000000155e-02,9.199999999999999845e-02
5.000000000000000278e-02,3.300000000000000155e-02,9.199999999999999845e-02
5.299999999999999850e-02,3.300000000000000155e-02,9.199999999999999845e-02
5.600000000000000117e-02,3.300000000000000155e-02,9.199999999999999845e-02
5.600000000000000117e-02,3.300000000000000155e-02,9.507292479468022750e-02
5.853260869565217461e-02,3.300000000000000155e-02,9.407877975938493120e-02
6.106521739130434806e-02,3.300000000000000155e-02,9.306062478012078198e-02
6.359782608695652151e-02,3.300000000000000155e-02,9.202493225982295855e-02
6.613043478260870189e-02,3.300000000000000155e-02,9.097817460142668122e-02
6.866304347826086840e-02,3.300000000000000155e-02,8.992682420786726749e-02
7.119565217391304879e-02,3.300000000000000155e-02,8.887735348207990993e-02
7.372826086956521530e-02,3.300000000000000155e-02,8.783623482699985663e-02
7.626086956521739568e-02,3.300000000000000155e-02,8.680994064556232792e-02
7.879347826086956219e-02,3.300000000000000155e-02,8.580494334070262741e-02
8.132608695652174258e-02,3.300000000000000155e-02,8.482771531535597542e-02
8.385869565217390909e-02,3.300000000000000155e-02,8.388472897245757842e-02
8.639130434782608947e-02,3.300000000000000155e-02,8.298245671494274001e-02
8.892391304347826986e-02,3.300000000000000155e-02,8.212737094574663888e-02
9.145652173913043637e-02,3.300000000000000155e-02,8.132594406780456475e-02
9.398913043478260287e-02,3.300000000000000155e-02,8.058464848405175185e-02
9.652173913043478326e-02,3.300000000000000155e-02,7.990995659742343438e-02
9.905434782608696365e-02,3.300000000000000155e-02,7.930834081085486043e-02
1.015869565217391302e-01,3.300000000000000155e-02,7.878627352728130584e-02
1.041195652173912967e-01,3.300000000000000155e-02,7.835022714963796320e-02
1.066521739130434770e-01,3.300000000000000155e-02,7.800667408086009447e-02
1.091847826086956574e-01,3.300000000000000155e-02,7.776208672388296161e-02
1.117173913043478239e-01,3.300000000000000155e-02,7.762293748164177110e-02
1.142499999999999905e-01,3.300000000000000155e-02,7.759569875707179876e-02
1.167826086956521847e-01,3.300000000000000155e-02,7.768684295310829269e-02
1.193152173913043512e-01,3.300000000000000155e-02,7.790284247268648710e-02
1.218478260869565177e-01,3.300000000000000155e-02,7.824997169374381389e-02
1.243804347826086842e-01,3.300000000000000155e-02,7.872274496572215230e-02
1.269130434782608785e-01,3.300000000000000155e-02,7.929751809895776993e-02
1.294456521739130450e-01,3.300000000000000155e-02,7.994909297431518347e-02
1.319782608695652115e-01,3.300000000000000155e-02,8.065227147265889573e-02
1.345108695652173780e-01,3.300000000000000155e-02,8.138185547485336790e-02
1.370434782608695723e-01,3.300000000000000155e-02,8.211264686176313055e-02
1.395760869565217388e-01,3.300000000000000155e-02,8.281944751425265872e-02
1.421086956521739053e-01,3.300000000000000155e-02,8.347705931318648298e-02
1.446413043478260996e-01,3.300000000000000155e-02,8.406028413942907840e-02
1.471739130434782661e-01,3.300000000000000155e-02,8.454392387384493390e-02
1.497065217391304326e-01,3.300000000000000155e-02,8.490278039729856618e-02
1.522391304347825991e-01,3.300000000000000155e-02,8.511165559065445030e-02
1.547717391304347934e-01,3.300000000000000155e-02,8.514535133477708906e-02
1.573043478260869599e-01,3.300000000000000155e-02,8.497866951053105466e-02
1.598369565217391264e-01,3.300000000000000155e-02,8.458641199878072503e-02
1.623695652173912929e-01,3.300000000000000155e-02,8.394338068039067235e-02
1.649021739130434872e-01,3.300000000000000155e-02,8.302437743622535782e-02
1.674347826086956537e-01,3.300000000000000155e-02,8.180420414714928423e-02
1.699673913043478202e-01,3.300000000000000155e-02,8.025766269402698216e-02
1.724999999999999867e-01,3.300000000000000155e-02,7.835955495772294055e-02
1.750326086956521809e-01,3.300000000000000155e-02,7.608468281910159281e-02
1.775652173913043474e-01,3.300000000000000155e-02,7.340784815902753890e-02
1.800978260869565140e-01,3.300000000000000155e-02,7.030385285836521225e-02
1.826304347826086805e-01,3.300000000000000155e-02,6.675612574442109370e-02
1.851630434782608747e-01,3.300000000000000155e-02,6.285719619359501908e-02
1.876956521739130412e-01,3.300000000000000155e-02,5.877440479523336064e-02
1.902282608695652077e-01,3.300000000000000155e-02,5.467655370188984065e-02
1.927608695652173743e-01,3.300000000000000155e-02,5.073244506611819526e-02
1.952934782608695685e-01,3.300000000000000155e-02,4.711088104047210512e-02
1.978260869565217350e-01,3.300000000000000155e-02,4.398066377750541739e-02
2.003586956521739015e-01,3.300000000000000155e-02,4.151059542977181965e-02
2.028913043478260680e-01,3.300000000000000155e-02,3.986947814982504806e-02
2.054239130434782623e-01,3.300000000000000155e-02,3.921536209908547954e-02
2.079565217391304288e-01,3.300000000000000155e-02,3.951864175267449236e-02
2.104891304347825953e-01,3.300000000000000155e-02,4.059020525673063401e-02
2.130217391304347618e-01,3.300000000000000155e-02,4.223586529603136352e-02
2.155543478260869561e-01,3.300000000000000155e-02,4.426143455535419546e-02
2.180869565217391226e-01,3.300000000000000155e-02,4.647272571947656111e-02
2.206195652173912891e-01,3.300000000000000155e-02,4.867555147317594727e-02
2.231521739130434834e-01,3.300000000000000155e-02,5.069599923561519950e-02
2.256847826086956499e-01,3.300000000000000155e-02,5.248817548665893340e-02
2.282173913043478164e-01,3.300000000000000155e-02,5.405601514038141375e-02
2.307499999999999829e-01,3.300000000000000155e-02,5.540356509685766956e-02
2.332826086956521772e-01,3.300000000000000155e-02,5.653487225616266737e-02
2.358152173913043437e-01,3.300000000000000155e-02,5.745398351837147088e-02
2.383478260869565102e-01,3.300000000000000155e-02,5.816494578355910217e-02
2.408804347826086767e-01,3.300000000000000155e-02,5.867180595180054165e-02
2.434130434782608710e-01,3.300000000000000155e-02,5.897861092317084608e-02
2.459456521739130375e-01,3.300000000000000155e-02,5.908940759774500284e-02
2.484782608695652040e-01,3.300000000000000155e-02,5.900824287559804787e-02
2.510108695652173982e-01,3.300000000000000155e-02,5.873916365680499629e-02
2.535434782608695925e-01,3.300000000000000155e-02,5.828621684144087017e-02
2.560760869565217313e-01,3.300000000000000155e-02,5.765344932958069157e-02
2.586086956521739255e-01,3.300000000000000155e-02,5.684490802129945480e-02
2.611413043478261198e-01,3.300000000000000155e-02,5.586463981667221662e-02
2.636739130434782585e-01,3.300000000000000155e-02,5.471669161577397827e-02
2.662065217391304528e-01,3.300000000000000155e-02,5.340511031867972713e-02
2.687391304347825915e-01,3.300000000000000155e-02,5.193394282546455465e-02
2.712717391304347858e-01,3.300000000000000155e-02,5.030723603620340656e-02
2.738043478260869801e-01,3.300000000000000155e-02,4.852903685097132574e-02
2.763369565217391188e-01,3.300000000000000155e-02,4.660339216984336896e-02
2.788695652173913131e-01,3.300000000000000155e-02,4.453434889289448195e-02
2.814021739130435074e-01,3.300000000000000155e-02,4.232595392019972147e-02
2.839347826086956461e-01,3.300000000000000155e-02,3.998225415183415121e-02
2.864673913043478404e-01,3.300000000000000155e-02,3.750729648787270304e-02
2.889999999999999791e-01,3.300000000000000155e-02,3.490512782839049616e-02
