-1.209999999999999964e-01,3.130000000000000004e-01,1.353647097079250031e-02
-1.183793103448275846e-01,3.130000000000000004e-01,1.921961278013924537e-02
-1.157586206896551728e-01,3.130000000000000004e-01,2.432826028792371698e-02
-1.131379310344827610e-01,3.130000000000000004e-01,2.889118100736464551e-02
-1.105172413793103492e-01,3.130000000000000004e-01,3.293714245168074400e-02
-1.078965517241379235e-01,3.130000000000000004e-01,3.649491213409078449e-02
-1.052758620689655117e-01,3.130000000000000004e-01,3.959325756781343492e-02
-1.026551724137930999e-01,3.130000000000000004e-01,4.226094626606746035e-02
-1.000344827586206881e-01,3.130000000000000004e-01,4.452674574207156344e-02
-9.741379310344827624e-02,3.130000000000000004e-01,4.641942350904450232e-02
-9.479310344827586443e-02,3.130000000000000004e-01,4.796774708020497963e-02
-9.217241379310345262e-02,3.130000000000000004e-01,4.920048396877173269e-02
-8.955172413793102693e-02,3.130000000000000004e-01,5.014640168796348496e-02
-8.693103448275862899e-02,3.130000000000000004e-01,5.083390311237873105e-02
-8.431034482758620330e-02,3.130000000000000004e-01,5.127785527717745179e-02
-8.168965517241379148e-02,3.130000000000000004e-01,5.147590294295233820e-02
-7.906896551724137967e-02,3.130000000000000004e-01,5.142457551014473910e-02
-7.644827586206896786e-02,3.130000000000000004e-01,5.112040237919601021e-02
-7.382758620689655604e-02,3.130000000000000004e-01,5.055991295054745177e-02
-7.120689655172413035e-02,3.130000000000000004e-01,4.973963662464043339e-02
-6.858620689655173241e-02,3.130000000000000004e-01,4.865610280191630388e-02
-6.596551724137930672e-02,3.130000000000000004e-01,4.730584088281637040e-02
-6.334482758620689491e-02,3.130000000000000004e-01,4.568538026778198174e-02
-6.072413793103448310e-02,3.130000000000000004e-01,4.379125035725448672e-02
-5.810344827586207128e-02,3.130000000000000004e-01,4.161998055167522026e-02
-5.548275862068965947e-02,3.130000000000000004e-01,3.916810025148551033e-02
-5.286206896551724765e-02,3.130000000000000004e-01,3.643213885712671268e-02
-5.024137931034483584e-02,3.130000000000000004e-01,3.340862576904014836e-02
-4.762068965517241015e-02,3.130000000000000004e-01,3.009409038766715921e-02
-4.499999999999999833e-02,3.130000000000000004e-01,2.648506211344909406e-02
-4.499999999999999833e-02,3.130000000000000004e-01,8.999999999999999320e-03
-4.243478260869565366e-02,3.130000000000000004e-01,8.999999999999999320e-03
-3.986956521739130205e-02,3.130000000000000004e-01,8.999999999999999320e-03
-3.730434782608695737e-02,3.130000000000000004e-01,8.999999999999999320e-03
-3.473913043478260576e-02,3.130000000000000004e-01,8.999999999999999320e-03
-3.217391304347826109e-02,3.130000000000000004e-01,8.999999999999999320e-03
-2.960869565217391294e-02,3.130000000000000004e-01,8.999999999999999320e-03
-2.704347826086956480e-02,3.130000000000000004e-01,8.999999999999999320e-03
-2.447826086956521666e-02,3.130000000000000004e-01,8.999999999999999320e-03
-2.191304347826086851e-02,3.130000000000000004e-01,8.999999999999999320e-03
-1.934782608695652037e-02,3.130000000000000004e-01,8.999999999999999320e-03
-1.678260869565217223e-02,3.130000000000000004e-01,8.999999999999999320e-03
-1.421739130434782755e-02,3.130000000000000004e-01,8.999999999999999320e-03
-1.165217391304347594e-02,3.130000000000000004e-01,8.999999999999999320e-03
-9.086956521739131265e-03,3.130000000000000004e-01,8.999999999999999320e-03
-6.521739130434779652e-03,3.130000000000000004e-01,8.999999999999999320e-03
-3.956521739130434978e-03,3.130000000000000004e-01,8.999999999999999320e-03
-1.391304347826090304e-03,3.130000000000000004e-01,8.999999999999999320e-03
1.173913043478261309e-03,3.130000000000000004e-01,8.999999999999999320e-03
3.739130434782605983e-03,3.130000000000000004e-01,8.999999999999999320e-03
6.304347826086957596e-03,3.130000000000000004e-01,8.999999999999999320e-03
8.869565217391302270e-03,3.130000000000000004e-01,8.999999999999999320e-03
1.143478260869565388e-02,3.130000000000000004e-01,8.999999999999999320e-03
1.400000000000000029e-02,3.130000000000000004e-01,8.999999999999999320e-03
1.400000000000000029e-02,3.130000000000000004e-01,1.040081122122296468e-02
1.685714285714285873e-02,3.130000000000000004e-01,2.261383843400650503e-02
1.971428571428571544e-02,3.130000000000000004e-01,-1.026609859233468432e-02
2.257142857142857562e-02,3.130000000000000004e-01,2.841183002045897035e-03
2.542857142857143232e-02,3.130000000000000004e-01,4.328673453753358741e-02
2.828571428571428903e-02,3.130000000000000004e-01,5.814558381278445848e-02
3.114285714285714574e-02,3.130000000000000004e-01,5.150949641804188073e-02
3.400000000000000244e-02,3.130000000000000004e-01,5.302530858163891775e-02
3.633333333333333554e-02,3.130000000000000004e-01,5.302530858163891775e-02
3.866666666666666863e-02,3.130000000000000004e-01,5.302530858163891775e-02
4.100000000000000172e-02,3.130000000000000004e-01,5.598901918259470423e-02
4.365000000000000130e-02,3.130000000000000004e-01,5.373186365934444486e-02
4.630000000000000088e-02,3.130000000000000004e-01,5.241289856596004215e-02
4.895000000000000046e-02,3.130000000000000004e-01,5.188381609321757876e-02
5.160000000000000003e-02,3.130000000000000004e-01,5.199630843189301938e-02
5.424999999999999961e-02,3.130000000000000004e-01,5.260206777276244666e-02
5.690000000000000613e-02,3.130000000000000004e-01,5.355278630660189471e-02
5.955000000000000571e-02,3.130000000000000004e-01,5.470015622418738371e-02
6.220000000000000528e-02,3.130000000000000004e-01,5.589586971629494083e-02
6.485000000000000486e-02,3.130000000000000004e-01,5.699161897370061403e-02
6.750000000000000444e-02,3.130000000000000004e-01,5.783909618718044432e-02
7.015000000000000402e-02,3.130000000000000004e-01,5.828999354751043804e-02
7.280000000000000360e-02,3.130000000000000004e-01,5.819600324546667092e-02
7.545000000000000318e-02,3.130000000000000004e-01,5.740881747182514233e-02
7.810000000000000275e-02,3.130000000000000004e-01,5.578012841736190025e-02
8.075000000000000233e-02,3.130000000000000004e-01,5.316162827285298570e-02
8.340000000000000191e-02,3.130000000000000004e-01,4.940500922907442582e-02
8.605000000000000149e-02,3.130000000000000004e-01,4.436196347680225471e-02
8.870000000000000107e-02,3.130000000000000004e-01,3.788418320681249257e-02
9.135000000000000064e-02,3.130000000000000004e-01,2.982336060988120818e-02
9.400000000000000022e-02,3.130000000000000004e-01,8.999999999999999320e-03
9.400000000000000022e-02,3.130000000000000004e-01,2.003118787678440441e-02
9.664285714285714146e-02,3.130000000000000004e-01,8.999999999999999320e-03
9.928571428571428270e-02,3.130000000000000004e-01,8.999999999999999320e-03
1.019285714285714239e-01,3.130000000000000004e-01,8.999999999999999320e-03
1.045714285714285791e-01,3.130000000000000004e-01,8.999999999999999320e-03
1.072142857142857203e-01,3.130000000000000004e-01,8.999999999999999320e-03
1.098571428571428615e-01,3.130000000000000004e-01,8.999999999999999320e-03
1.125000000000000028e-01,3.130000000000000004e-01,8.999999999999999320e-03
1.151428571428571440e-01,3.130000000000000004e-01,8.999999999999999320e-03
1.177857142857142991e-01,3.130000000000000004e-01,8.999999999999999320e-03
1.204285714285714404e-01,3.130000000000000004e-01,8.999999999999999320e-03
1.230714285714285816e-01,3.130000000000000004e-01,8.999999999999999320e-03
1.257142857142857229e-01,3.130000000000000004e-01,8.999999999999999320e-03
1.283571428571428641e-01,3.130000000000000004e-01,8.999999999999999320e-03
1.310000000000000053e-01,3.130000000000000004e-01,8.999999999999999320e-03
1.310000000000000053e-01,3.130000000000000004e-01,2.390518691134131679e-02
1.335517241379310382e-01,3.130000000000000004e-01,2.706679021721690795e-02
1.361034482758620712e-01,3.130000000000000004e-01,2.999104283512893723e-02
1.386551724137931041e-01,3.130000000000000004e-01,3.268097707342076941e-02
1.412068965517241370e-01,3.130000000000000004e-01,3.513962524043578312e-02
1.437586206896551699e-01,3.130000000000000004e-01,3.737001964451735353e-02
1.463103448275862029e-01,3.130000000000000004e-01,3.937519259400885235e-02
1.488620689655172358e-01,3.130000000000000004e-01,4.115817639725364435e-02
1.514137931034482687e-01,3.130000000000000004e-01,4.272200336259512204e-02
1.539655172413793016e-01,3.130000000000000004e-01,4.406970579837663632e-02
1.565172413793103345e-01,3.130000000000000004e-01,4.520431601294158663e-02
1.590689655172413675e-01,3.130000000000000004e-01,4.612886631463331000e-02
1.616206896551724004e-01,3.130000000000000004e-01,4.684638901179521281e-02
1.641724137931034333e-01,3.130000000000000004e-01,4.735991641277065983e-02
1.667241379310344662e-01,3.130000000000000004e-01,4.767248082590300196e-02
1.692758620689654991e-01,3.130000000000000004e-01,4.778711011199187481e-02
1.718275862068965321e-01,3.130000000000000004e-01,4.770206040381271689e-02
1.743793103448275650e-01,3.130000000000000004e-01,4.740174124050135218e-02
1.769310344827585979e-01,3.130000000000000004e-01,4.686806479586917706e-02
1.794827586206896308e-01,3.130000000000000004e-01,4.608294324372756712e-02
1.820344827586206637e-01,3.130000000000000004e-01,4.502828875788791180e-02
1.845862068965517244e-01,3.130000000000000004e-01,4.368601351216156586e-02
1.871379310344827573e-01,3.130000000000000004e-01,4.203802968035996040e-02
1.896896551724137903e-01,3.130000000000000004e-01,4.006624943629445018e-02
1.922413793103448232e-01,3.130000000000000004e-01,3.775258495377642465e-02
1.947931034482758561e-01,3.130000000000000004e-01,3.507894840661726632e-02
1.973448275862068890e-01,3.130000000000000004e-01,3.202725196862835771e-02
1.998965517241379219e-01,3.130000000000000004e-01,2.857940781362108829e-02
2.024482758620689549e-01,3.130000000000000004e-01,2.471732811540681279e-02
2.049999999999999878e-01,3.130000000000000004e-01,2.042292504779695539e-02
