-1.039999999999999952e-01,1.370000000000000107e-01,3.409860207919870184e-02
-1.013939393939393835e-01,1.370000000000000107e-01,3.959300193725039801e-02
-9.878787878787878562e-02,1.370000000000000107e-01,4.451863092049337250e-02
-9.618181818181817389e-02,1.370000000000000107e-01,4.890804527904966947e-02
-9.357575757575757602e-02,1.370000000000000107e-01,5.279380126304120818e-02
-9.096969696969696428e-02,1.370000000000000107e-01,5.620845512259002585e-02
-8.836363636363636642e-02,1.370000000000000107e-01,5.918456310781801399e-02
-8.575757575757575468e-02,1.370000000000000107e-01,6.175468146884723064e-02
-8.315151515151514294e-02,1.370000000000000107e-01,6.395136645579960200e-02
-8.054545454545454508e-02,1.370000000000000107e-01,6.580717431879709589e-02
-7.793939393939394722e-02,1.370000000000000107e-01,6.735466130796173567e-02
-7.533333333333333548e-02,1.370000000000000107e-01,6.862638367341543366e-02
-7.272727272727272374e-02,1.370000000000000107e-01,6.965489766528024096e-02
-7.012121212121211200e-02,1.370000000000000107e-01,7.047275953367805601e-02
-6.751515151515151414e-02,1.370000000000000107e-01,7.111252552873090216e-02
-6.490909090909091628e-02,1.370000000000000107e-01,7.160675190056074724e-02
-6.230303030303030454e-02,1.370000000000000107e-01,7.198799489928954520e-02
-5.969696969696969974e-02,1.370000000000000107e-01,7.228881077503930552e-02
-5.709090909090909494e-02,1.370000000000000107e-01,7.254175577793195440e-02
-5.448484848484849014e-02,1.370000000000000107e-01,7.277582869463747328e-02
-5.187878787878788533e-02,1.370000000000000107e-01,7.296266902335220295e-02
-4.927272727272727360e-02,1.370000000000000107e-01,7.302754902359109845e-02
-4.666666666666666879e-02,1.370000000000000107e-01,7.289441313875047457e-02
-4.406060606060606399e-02,1.370000000000000107e-01,7.248720581222670156e-02
-4.145454545454545225e-02,1.370000000000000107e-01,7.172987148741610808e-02
-3.884848484848485439e-02,1.370000000000000107e-01,7.054635460771505051e-02
-3.624242424242424265e-02,1.370000000000000107e-01,6.886059961651988526e-02
-3.363636363636364479e-02,1.370000000000000107e-01,6.659655095722699647e-02
-3.103030303030303305e-02,1.370000000000000107e-01,6.367815307323267116e-02
-2.842424242424243519e-02,1.370000000000000107e-01,6.002935040793332816e-02
-2.581818181818182345e-02,1.370000000000000107e-01,5.557408740472526143e-02
-2.321212121212122559e-02,1.370000000000000107e-01,5.023630850700487593e-02
-2.060606060606061385e-02,1.370000000000000107e-01,4.393995815816846562e-02
-1.799999999999999864e-02,1.370000000000000107e-01,3.660898080161241464e-02
-1.799999999999999864e-02,1.370000000000000107e-01,3.200000000000000067e-02
-1.518181818181818001e-02,1.370000000000000107e-01,3.200000000000000067e-02
-1.236363636363636137e-02,1.370000000000000107e-01,3.200000000000000067e-02
-9.545454545454544470e-03,1.370000000000000107e-01,3.200000000000000067e-02
-6.727272727272725836e-03,1.370000000000000107e-01,3.200000000000000067e-02
-3.909090909090907201e-03,1.370000000000000107e-01,3.200000000000000067e-02
-1.090909090909090301e-03,1.370000000000000107e-01,3.200000000000000067e-02
1.727272727272730068e-03,1.370000000000000107e-01,3.200000000000000067e-02
4.545454545454546968e-03,1.370000000000000107e-01,3.200000000000000067e-02
7.363636363636363869e-03,1.370000000000000107e-01,3.200000000000000067e-02
1.018181818181818424e-02,1.370000000000000107e-01,3.200000000000000067e-02
1.299999999999999940e-02,1.370000000000000107e-01,3.200000000000000067e-02
1.299999999999999940e-02,1.370000000000000107e-01,3.226670992504133278e-02
1.556521739130434755e-02,1.370000000000000107e-01,4.885843167072399795e-02
1.813043478260869396e-02,1.370000000000000107e-01,5.853508193149990768e-02
2.069565217391304557e-02,1.370000000000000107e-01,6.355007013345763400e-02
2.326086956521739024e-02,1.370000000000000107e-01,6.615680570268574201e-02
2.582608695652174186e-02,1.370000000000000107e-01,6.839716820496911931e-02
2.839130434782608653e-02,1.370000000000000107e-01,7.021752741449328872e-02
3.095652173913043814e-02,1.370000000000000107e-01,7.036703429616324168e-02
3.352173913043478282e-02,1.370000000000000107e-01,6.758081262824548741e-02
3.608695652173913443e-02,1.370000000000000107e-01,6.192595265706419411e-02
3.865217391304347910e-02,1.370000000000000107e-01,6.289605699319232579e-02
4.121739130434783072e-02,1.370000000000000107e-01,8.311550510563693595e-02
4.378260869565217539e-02,1.370000000000000107e-01,1.108864070268226615e-01
4.634782608695652006e-02,1.370000000000000107e-01,1.085033355006400219e-01
4.891304347826087168e-02,1.370000000000000107e-01,3.837335089416837181e-02
5.147826086956522329e-02,1.370000000000000107e-01,-6.616964019954416076e-02
5.404347826086956796e-02,1.370000000000000107e-01,-6.827598256831801660e-02
5.660869565217391264e-02,1.370000000000000107e-01,1.170108608574500775e-01
5.917391304347826425e-02,1.370000000000000107e-01,1.760430458516220875e-01
6.173913043478261586e-02,1.370000000000000107e-01,9.864667727710149658e-02
6.430434782608696054e-02,1.370000000000000107e-01,-2.899353769461579869e-02
6.686956521739130521e-02,1.370000000000000107e-01,-1.231592255975143962e-01
6.943478260869566376e-02,1.370000000000000107e-01,-1.070726730755944545e-01
7.200000000000000844e-02,1.370000000000000107e-01,7.255582737255052150e-02
7.456521739130435311e-02,1.370000000000000107e-01,1.565253267547018351e-02
7.713043478260869779e-02,1.370000000000000107e-01,-9.050936955588205490e-02
7.969565217391304246e-02,1.370000000000000107e-01,-3.009568194765516180e-02
8.226086956521740101e-02,1.370000000000000107e-01,1.288597020298545281e-01
8.482608695652174569e-02,1.370000000000000107e-01,7.933708689698756866e-02
8.739130434782609036e-02,1.370000000000000107e-01,6.435217089000533526e-03
8.995652173913044891e-02,1.370000000000000107e-01,2.876191580182937968e-02
9.252173913043479359e-02,1.370000000000000107e-01,6.139054947216201347e-02
9.508695652173913826e-02,1.370000000000000107e-01,1.001602970912833859e-02
9.765217391304348293e-02,1.370000000000000107e-01,4.327435688655658502e-02
1.002173913043478276e-01,1.370000000000000107e-01,2.083367648958987448e-02
1.027826086956521862e-01,1.370000000000000107e-01,2.219628746430878791e-02
1.053478260869565308e-01,1.370000000000000107e-01,3.649068848849015834e-02
1.079130434782608755e-01,1.370000000000000107e-01,3.558797470130076190e-02
1.104782608695652341e-01,1.370000000000000107e-01,2.371675802101350788e-02
1.130434782608695787e-01,1.370000000000000107e-01,4.871231811826395863e-02
1.156086956521739234e-01,1.370000000000000107e-01,6.225203442587914221e-02
1.181739130434782681e-01,1.370000000000000107e-01,4.457557832269948284e-02
1.207391304347826128e-01,1.370000000000000107e-01,1.342677323699333070e-02
1.233043478260869713e-01,1.370000000000000107e-01,1.875206282314804615e-02
1.258695652173913160e-01,1.370000000000000107e-01,-4.429794352311823558e-02
1.284347826086956745e-01,1.370000000000000107e-01,-3.143911356464995643e-03
1.310000000000000053e-01,1.370000000000000107e-01,6.201909202703680818e-02
1.326666666666666827e-01,1.370000000000000107e-01,6.201909202703680818e-02
1.343333333333333324e-01,1.370000000000000107e-01,6.201909202703680818e-02
1.360000000000000098e-01,1.370000000000000107e-01,6.298048915336189324e-02
1.386363636363636409e-01,1.370000000000000107e-01,6.180140648648207308e-02
1.412727272727272720e-01,1.370000000000000107e-01,6.104793676876873326e-02
1.439090909090909309e-01,1.370000000000000107e-01,6.065127537998802471e-02
1.465454545454545621e-01,1.370000000000000107e-01,6.054261769990607056e-02
1.491818181818181932e-01,1.370000000000000107e-01,6.065315910828904256e-02
1.518181818181818243e-01,1.370000000000000107e-01,6.091409498490303609e-02
1.544545454545454555e-01,1.370000000000000107e-01,6.125662070951423677e-02
1.570909090909091144e-01,1.370000000000000107e-01,6.161193166188873999e-02
1.597272727272727455e-01,1.370000000000000107e-01,6.191122322179270360e-02
1.623636363636363766e-01,1.370000000000000107e-01,6.208569076899227157e-02
1.650000000000000078e-01,1.370000000000000107e-01,6.206652968325356012e-02
1.676363636363636389e-01,1.370000000000000107e-01,6.178493534434273404e-02
1.702727272727272978e-01,1.370000000000000107e-01,6.117210313202588873e-02
1.729090909090909012e-01,1.370000000000000107e-01,6.015922842606923060e-02
1.755454545454545601e-01,1.370000000000000107e-01,5.867750660623883424e-02
1.781818181818181912e-01,1.370000000000000107e-01,5.665813305230086444e-02
1.808181818181818223e-01,1.370000000000000107e-01,5.403230314402147211e-02
1.834545454545454812e-01,1.370000000000000107e-01,5.073121226116673876e-02
1.860909090909090846e-01,1.370000000000000107e-01,4.668605578350293328e-02
1.887272727272727435e-01,1.370000000000000107e-01,4.182802909079599840e-02
1.913636363636363746e-01,1.370000000000000107e-01,3.608832756281224463e-02
1.940000000000000058e-01,1.370000000000000107e-01,2.939814657931773267e-02
1.940000000000000058e-01,1.370000000000000107e-01,8.999999999999999320e-03
1.965789473684210475e-01,1.370000000000000107e-01,8.999999999999999320e-03
1.991578947368421171e-01,1.370000000000000107e-01,8.999999999999999320e-03
2.017368421052631589e-01,1.370000000000000107e-01,8.999999999999999320e-03
2.043157894736842284e-01,1.370000000000000107e-01,8.999999999999999320e-03
2.068947368421052702e-01,1.370000000000000107e-01,8.999999999999999320e-03
2.094736842105263119e-01,1.370000000000000107e-01,8.999999999999999320e-03
2.120526315789473815e-01,1.370000000000000107e-01,8.999999999999999320e-03
2.146315789473684232e-01,1.370000000000000107e-01,8.999999999999999320e-03
2.172105263157894650e-01,1.370000000000000107e-01,8.999999999999999320e-03
2.197894736842105345e-01,1.370000000000000107e-01,8.999999999999999320e-03
2.223684210526315763e-01,1.370000000000000107e-01,8.999999999999999320e-03
2.249473684210526181e-01,1.370000000000000107e-01,8.999999999999999320e-03
2.275263157894736876e-01,1.370000000000000107e-01,8.999999999999999320e-03
2.301052631578947294e-01,1.370000000000000107e-01,8.999999999999999320e-03
2.326842105263157712e-01,1.370000000000000107e-01,8.999999999999999320e-03
2.352631578947368407e-01,1.370000000000000107e-01,8.999999999999999320e-03
2.378421052631579102e-01,1.370000000000000107e-01,8.999999999999999320e-03
2.404210526315789520e-01,1.370000000000000107e-01,8.999999999999999320e-03
2.429999999999999938e-01,1.370000000000000107e-01,8.999999999999999320e-03
2.429999999999999938e-01,1.370000000000000107e-01,1.307669550328612734e-02
2.456071428571428572e-01,1.370000000000000107e-01,1.897510156933204795e-02
2.482142857142857206e-01,1.370000000000000107e-01,2.401926726987841168e-02
2.508214285714285841e-01,1.370000000000000107e-01,2.827082369323868222e-02
2.534285714285714475e-01,1.370000000000000107e-01,3.179140192772628853e-02
2.560357142857142554e-01,1.370000000000000107e-01,3.464263306165462492e-02
2.586428571428571188e-01,1.370000000000000107e-01,3.688614818333728340e-02
2.612499999999999822e-01,1.370000000000000107e-01,3.858357838108762011e-02
2.638571428571428457e-01,1.370000000000000107e-01,3.979655474321908137e-02
2.664642857142857091e-01,1.370000000000000107e-01,4.058670835804514126e-02
2.690714285714285725e-01,1.370000000000000107e-01,4.101567031387922529e-02
2.716785714285714359e-01,1.370000000000000107e-01,4.114507169903478673e-02
2.742857142857142994e-01,1.370000000000000107e-01,4.103654360182526495e-02
2.768928571428571628e-01,1.370000000000000107e-01,4.075171711056412710e-02
2.794999999999999707e-01,1.370000000000000107e-01,4.035222331356481951e-02
2.821071428571428341e-01,1.370000000000000107e-01,3.989043084458511468e-02
2.847142857142856975e-01,1.370000000000000107e-01,3.935203114807572788e-02
2.873214285714285610e-01,1.370000000000000107e-01,3.869351263696486909e-02
2.899285714285714244e-01,1.370000000000000107e-01,3.787123997162911843e-02
2.925357142857142878e-01,1.370000000000000107e-01,3.684157781244506297e-02
2.951428571428571512e-01,1.370000000000000107e-01,3.556089081978928979e-02
2.977500000000000147e-01,1.370000000000000107e-01,3.398554365403836514e-02
3.003571428571428781e-01,1.370000000000000107e-01,3.207190097556891079e-02
3.029642857142856860e-01,1.370000000000000107e-01,2.977632744475753115e-02
3.055714285714286049e-01,1.370000000000000107e-01,2.705518772198067801e-02
3.081785714285714128e-01,1.370000000000000107e-01,2.386484646761515005e-02
3.107857142857142763e-01,1.370000000000000107e-01,2.016166834203735048e-02
3.133928571428571397e-01,1.370000000000000107e-01,1.590201800562393922e-02
3.160000000000000031e-01,1.370000000000000107e-01,1.104226011875148253e-02
