-3.240000000000000102e-01,1.000000000000000021e-03,-1.841327157111730811e-02
-3.214390243902439104e-01,1.000000000000000021e-03,-1.874150097042961635e-02
-3.188780487804878105e-01,1.000000000000000021e-03,-1.892032703930590296e-02
-3.163170731707317107e-01,1.000000000000000021e-03,-1.895943486262685607e-02
-3.137560975609756109e-01,1.000000000000000021e-03,-1.886850952527317424e-02
-3.111951219512195110e-01,1.000000000000000021e-03,-1.865723611212553174e-02
-3.086341463414634112e-01,1.000000000000000021e-03,-1.833529970806462711e-02
-3.060731707317073114e-01,1.000000000000000021e-03,-1.791238539797116239e-02
-3.035121951219512115e-01,1.000000000000000021e-03,-1.739817826672581530e-02
-3.009512195121951117e-01,1.000000000000000021e-03,-1.680236339920927399e-02
-2.983902439024390119e-01,1.000000000000000021e-03,-1.613462588030223355e-02
-2.958292682926829120e-01,1.000000000000000021e-03,-1.540465079488538384e-02
-2.932682926829268677e-01,1.000000000000000021e-03,-1.462212322783943558e-02
-2.907073170731707679e-01,1.000000000000000021e-03,-1.379672826404504046e-02
-2.881463414634146680e-01,1.000000000000000021e-03,-1.293815098838290920e-02
-2.855853658536585682e-01,1.000000000000000021e-03,-1.205607648573372992e-02
-2.830243902439024684e-01,1.000000000000000021e-03,-1.116018984097819251e-02
-2.804634146341463685e-01,1.000000000000000021e-03,-1.026017613899698859e-02
-2.779024390243902687e-01,1.000000000000000021e-03,-9.365720464670806295e-03
-2.753414634146341688e-01,1.000000000000000021e-03,-8.486507902880335505e-03
-2.727804878048780690e-01,1.000000000000000021e-03,-7.632223538506276508e-03
-2.702195121951219692e-01,1.000000000000000021e-03,-6.812552456429309643e-03
-2.676585365853658693e-01,1.000000000000000021e-03,-6.037179741530123052e-03
-2.650975609756097695e-01,1.000000000000000021e-03,-5.315790478689415288e-03
-2.625365853658536697e-01,1.000000000000000021e-03,-4.658069752787872761e-03
-2.599756097560975698e-01,1.000000000000000021e-03,-4.073702648706187084e-03
-2.574146341463414700e-01,1.000000000000000021e-03,-3.572374251325047267e-03
-2.548536585365853702e-01,1.000000000000000021e-03,-3.165524864985410410e-03
-2.522926829268292703e-01,1.000000000000000021e-03,-2.876090264250417538e-03
-2.497317073170731705e-01,1.000000000000000021e-03,-2.731632559282696007e-03
-2.471707317073170707e-01,1.000000000000000021e-03,-2.759726514313133854e-03
-2.446097560975609708e-01,1.000000000000000021e-03,-2.987946893572622584e-03
-2.420487804878048710e-01,1.000000000000000021e-03,-3.443868461292052402e-03
-2.394878048780487712e-01,1.000000000000000021e-03,-4.155065981702313511e-03
-2.369268292682926713e-01,1.000000000000000021e-03,-5.149114219034293949e-03
-2.343658536585365715e-01,1.000000000000000021e-03,-6.453587937518885653e-03
-2.318048780487804994e-01,1.000000000000000021e-03,-8.096061901386956278e-03
-2.292439024390243996e-01,1.000000000000000021e-03,-1.010411087486943679e-02
-2.266829268292682997e-01,1.000000000000000021e-03,-1.250530962219719572e-02
-2.241219512195121999e-01,1.000000000000000021e-03,-1.532723290760112933e-02
-2.215609756097561001e-01,1.000000000000000021e-03,-1.859745549531212350e-02
-2.190000000000000002e-01,1.000000000000000021e-03,-2.234355214956106409e-02
-2.190000000000000002e-01,1.000000000000000021e-03,-2.400000000000000050e-02
-2.164186046511628048e-01,1.000000000000000021e-03,-2.400000000000000050e-02
-2.138372093023255816e-01,1.000000000000000021e-03,-2.400000000000000050e-02
-2.112558139534883583e-01,1.000000000000000021e-03,-2.400000000000000050e-02
-2.086744186046511629e-01,1.000000000000000021e-03,-2.400000000000000050e-02
-2.060930232558139674e-01,1.000000000000000021e-03,-2.400000000000000050e-02
-2.035116279069767442e-01,1.000000000000000021e-03,-2.400000000000000050e-02
-2.009302325581395210e-01,1.000000000000000021e-03,-2.400000000000000050e-02
-1.983488372093023255e-01,1.000000000000000021e-03,-2.400000000000000050e-02
-1.957674418604651301e-01,1.000000000000000021e-03,-2.400000000000000050e-02
-1.931860465116279069e-01,1.000000000000000021e-03,-2.400000000000000050e-02
-1.906046511627906836e-01,1.000000000000000021e-03,-2.400000000000000050e-02
-1.880232558139534882e-01,1.000000000000000021e-03,-2.400000000000000050e-02
-1.854418604651162927e-01,1.000000000000000021e-03,-2.400000000000000050e-02
-1.828604651162790695e-01,1.000000000000000021e-03,-2.400000000000000050e-02
-1.802790697674418463e-01,1.000000000000000021e-03,-2.400000000000000050e-02
-1.776976744186046508e-01,1.000000000000000021e-03,-2.400000000000000050e-02
-1.751162790697674554e-01,1.000000000000000021e-03,-2.400000000000000050e-02
-1.725348837209302322e-01,1.000000000000000021e-03,-2.400000000000000050e-02
-1.699534883720930090e-01,1.000000000000000021e-03,-2.400000000000000050e-02
-1.673720930232558135e-01,1.000000000000000021e-03,-2.400000000000000050e-02
-1.647906976744186180e-01,1.000000000000000021e-03,-2.400000000000000050e-02
-1.622093023255813948e-01,1.000000000000000021e-03,-2.400000000000000050e-02
-1.596279069767441716e-01,1.000000000000000021e-03,-2.400000000000000050e-02
-1.570465116279069762e-01,1.000000000000000021e-03,-2.400000000000000050e-02
-1.544651162790697807e-01,1.000000000000000021e-03,-2.400000000000000050e-02
-1.518837209302325575e-01,1.000000000000000021e-03,-2.400000000000000050e-02
-1.493023255813953343e-01,1.000000000000000021e-03,-2.400000000000000050e-02
-1.467209302325581388e-01,1.000000000000000021e-03,-2.400000000000000050e-02
-1.441395348837209434e-01,1.000000000000000021e-03,-2.400000000000000050e-02
-1.415581395348837201e-01,1.000000000000000021e-03,-2.400000000000000050e-02
-1.389767441860464969e-01,1.000000000000000021e-03,-2.400000000000000050e-02
-1.363953488372093015e-01,1.000000000000000021e-03,-2.400000000000000050e-02
-1.338139534883721060e-01,1.000000000000000021e-03,-2.400000000000000050e-02
-1.312325581395348828e-01,1.000000000000000021e-03,-2.400000000000000050e-02
-1.286511627906976596e-01,1.000000000000000021e-03,-2.400000000000000050e-02
-1.260697674418604641e-01,1.000000000000000021e-03,-2.400000000000000050e-02
-1.234883720930232548e-01,1.000000000000000021e-03,-2.400000000000000050e-02
-1.209069767441860455e-01,1.000000000000000021e-03,-2.400000000000000050e-02
-1.183255813953488361e-01,1.000000000000000021e-03,-2.400000000000000050e-02
-1.157441860465116268e-01,1.000000000000000021e-03,-2.400000000000000050e-02
-1.131627906976744175e-01,1.000000000000000021e-03,-2.400000000000000050e-02
-1.105813953488372081e-01,1.000000000000000021e-03,-2.400000000000000050e-02
-1.079999999999999988e-01,1.000000000000000021e-03,-2.400000000000000050e-02
-1.079999999999999988e-01,1.000000000000000021e-03,8.371489459006904721e-03
-1.053478260869565170e-01,1.000000000000000021e-03,-2.142905666084091165e-02
-1.026956521739130490e-01,1.000000000000000021e-03,3.707084857670538570e-03
-1.000434782608695672e-01,1.000000000000000021e-03,-1.233866935081445737e-02
-9.739130434782608536e-02,1.000000000000000021e-03,4.978431317434250242e-02
-9.473913043478260354e-02,1.000000000000000021e-03,4.927908206493839677e-02
-9.208695652173912172e-02,1.000000000000000021e-03,5.387596920854571814e-02
-8.943478260869565377e-02,1.000000000000000021e-03,6.046801704811281819e-02
-8.678260869565217195e-02,1.000000000000000021e-03,6.559322304192495567e-02
-8.413043478260869013e-02,1.000000000000000021e-03,6.983779701078289548e-02
-8.147826086956522218e-02,1.000000000000000021e-03,7.328634734266513406e-02
-7.882608695652174036e-02,1.000000000000000021e-03,7.602348242554997360e-02
-7.617391304347825853e-02,1.000000000000000021e-03,7.813381064741578563e-02
-7.352173913043477671e-02,1.000000000000000021e-03,7.970194039624095561e-02
-7.086956521739129489e-02,1.000000000000000021e-03,8.081248006000382733e-02
-6.821739130434782694e-02,1.000000000000000021e-03,8.155003802668277235e-02
-6.556521739130434512e-02,1.000000000000000021e-03,8.199922268425620386e-02
-6.291304347826086329e-02,1.000000000000000021e-03,8.224464242070241016e-02
-6.026086956521738841e-02,1.000000000000000021e-03,8.237090562399981830e-02
-5.760869565217391353e-02,1.000000000000000021e-03,8.246262068212678598e-02
-5.495652173913043170e-02,1.000000000000000021e-03,8.260439598306167086e-02
-5.230434782608694988e-02,1.000000000000000021e-03,8.288083991478283064e-02
-4.965217391304347500e-02,1.000000000000000021e-03,8.337656086526866461e-02
-4.700000000000000011e-02,1.000000000000000021e-03,8.417616722249750272e-02
-4.466666666666666702e-02,1.000000000000000021e-03,8.417616722249750272e-02
-4.233333333333333393e-02,1.000000000000000021e-03,8.417616722249750272e-02
-4.000000000000000083e-02,1.000000000000000021e-03,8.660699509271765906e-02
-3.747747747747747632e-02,1.000000000000000021e-03,8.558126612242727971e-02
-3.495495495495495875e-02,1.000000000000000021e-03,8.472464545383016910e-02
-3.243243243243243423e-02,1.000000000000000021e-03,8.402828701541920076e-02
-2.990990990990990972e-02,1.000000000000000021e-03,8.348334473568734537e-02
-2.738738738738738868e-02,1.000000000000000021e-03,8.308097254312753199e-02
-2.486486486486486763e-02,1.000000000000000021e-03,8.281232436623270354e-02
-2.234234234234234312e-02,1.000000000000000021e-03,8.266855413349588622e-02
-1.981981981981982208e-02,1.000000000000000021e-03,8.264081577340989804e-02
-1.729729729729730103e-02,1.000000000000000021e-03,8.272026321446772357e-02
-1.477477477477477652e-02,1.000000000000000021e-03,8.289805038516233349e-02
-1.225225225225225548e-02,1.000000000000000021e-03,8.316533121398664297e-02
-9.729729729729734433e-03,1.000000000000000021e-03,8.351325962943358105e-02
-7.207207207207209920e-03,1.000000000000000021e-03,8.393298955999614619e-02
-4.684684684684685407e-03,1.000000000000000021e-03,8.441567493416721191e-02
-2.162162162162167833e-03,1.000000000000000021e-03,8.495246968043977664e-02
3.603603603603566796e-04,1.000000000000000021e-03,8.553452772730671394e-02
2.882882882882881193e-03,1.000000000000000021e-03,8.615300300326102223e-02
5.405405405405398767e-03,1.000000000000000021e-03,8.679904943679564444e-02
7.927927927927923279e-03,1.000000000000000021e-03,8.746382095640346799e-02
1.045045045045044779e-02,1.000000000000000021e-03,8.813847149057749131e-02
1.297297297297296537e-02,1.000000000000000021e-03,8.881415496781062957e-02
1.549549549549548988e-02,1.000000000000000021e-03,8.948202531659581183e-02
1.801801801801801439e-02,1.000000000000000021e-03,9.013323646542602263e-02
2.054054054054053197e-02,1.000000000000000021e-03,9.075894234279413553e-02
2.306306306306305648e-02,1.000000000000000021e-03,9.135029687719317670e-02
2.558558558558558099e-02,1.000000000000000021e-03,9.189845399711604745e-02
2.810810810810810551e-02,1.000000000000000021e-03,9.239456763105563519e-02
3.063063063063063002e-02,1.000000000000000021e-03,9.282979170750495224e-02
3.315315315315314065e-02,1.000000000000000021e-03,9.319528015495692763e-02
3.567567567567566517e-02,1.000000000000000021e-03,9.348218690190449043e-02
3.819819819819818968e-02,1.000000000000000021e-03,9.368166714728085043e-02
4.072072072072071419e-02,1.000000000000000021e-03,9.378815730690226449e-02
4.324324324324323870e-02,1.000000000000000021e-03,9.380647719057307043e-02
4.576576576576576322e-02,1.000000000000000021e-03,9.374349562394171387e-02
4.828828828828828773e-02,1.000000000000000021e-03,9.360608143265672365e-02
5.081081081081079837e-02,1.000000000000000021e-03,9.340110344236665640e-02
5.333333333333332288e-02,1.000000000000000021e-03,9.313543047871997160e-02
5.585585585585584739e-02,1.000000000000000021e-03,9.281593136736519811e-02
5.837837837837837190e-02,1.000000000000000021e-03,9.244947493395083704e-02
6.090090090090089642e-02,1.000000000000000021e-03,9.204293000412541725e-02
6.342342342342341399e-02,1.000000000000000021e-03,9.160316540353743986e-02
6.594594594594593850e-02,1.000000000000000021e-03,9.113704995783539209e-02
6.846846846846846302e-02,1.000000000000000021e-03,9.065145249266784444e-02
7.099099099099098753e-02,1.000000000000000021e-03,9.015324183368325639e-02
7.351351351351351204e-02,1.000000000000000021e-03,8.964928680653017068e-02
7.603603603603603656e-02,1.000000000000000021e-03,8.914645623685707454e-02
7.855855855855856107e-02,1.000000000000000021e-03,8.865161895031249684e-02
8.108108108108105783e-02,1.000000000000000021e-03,8.817164377254496643e-02
8.360360360360358234e-02,1.000000000000000021e-03,8.771339952920292893e-02
8.612612612612610685e-02,1.000000000000000021e-03,8.728375504593496870e-02
8.864864864864863137e-02,1.000000000000000021e-03,8.688957914838955909e-02
9.117117117117115588e-02,1.000000000000000021e-03,8.653774066221520123e-02
9.369369369369368039e-02,1.000000000000000021e-03,8.623510841306045172e-02
9.621621621621620490e-02,1.000000000000000021e-03,8.598855122657381167e-02
9.873873873873872942e-02,1.000000000000000021e-03,8.580493792840372669e-02
1.012612612612612539e-01,1.000000000000000021e-03,8.569113734419878115e-02
1.037837837837837784e-01,1.000000000000000021e-03,8.565401829960746227e-02
1.063063063063062752e-01,1.000000000000000021e-03,8.570044962027829893e-02
1.088288288288287997e-01,1.000000000000000021e-03,8.583730013185977836e-02
1.113513513513513242e-01,1.000000000000000021e-03,8.606859452738796490e-02
1.138738738738738487e-01,1.000000000000000021e-03,8.638440490953115669e-02
1.163963963963963733e-01,1.000000000000000021e-03,8.677053172855009322e-02
1.189189189189188978e-01,1.000000000000000021e-03,8.721277433749702324e-02
1.214414414414414223e-01,1.000000000000000021e-03,8.769693208942437590e-02
1.239639639639639468e-01,1.000000000000000021e-03,8.820880433738449711e-02
1.264864864864864713e-01,1.000000000000000021e-03,8.873419043442966336e-02
1.290090090090089958e-01,1.000000000000000021e-03,8.925888973361226220e-02
1.315315315315315203e-01,1.000000000000000021e-03,8.976870158798459787e-02
1.340540540540540448e-01,1.000000000000000021e-03,9.024942535059901627e-02
1.365765765765765694e-01,1.000000000000000021e-03,9.068686037450784942e-02
1.390990990990990661e-01,1.000000000000000021e-03,9.106680601276347098e-02
1.416216216216215906e-01,1.000000000000000021e-03,9.137506161841818519e-02
1.441441441441441151e-01,1.000000000000000021e-03,9.159742654452433797e-02
1.466666666666666397e-01,1.000000000000000021e-03,9.171978650059829652e-02
1.491891891891891642e-01,1.000000000000000021e-03,9.172905308939954816e-02
1.517117117117116887e-01,1.000000000000000021e-03,9.161281037844405672e-02
1.542342342342342132e-01,1.000000000000000021e-03,9.135865412890846471e-02
1.567567567567567377e-01,1.000000000000000021e-03,9.095418010196927583e-02
1.592792792792792622e-01,1.000000000000000021e-03,9.038698405880302156e-02
1.618018018018017867e-01,1.000000000000000021e-03,8.964466176058628888e-02
1.643243243243243112e-01,1.000000000000000021e-03,8.871480896849562314e-02
1.668468468468468358e-01,1.000000000000000021e-03,8.758502144370754194e-02
1.693693693693693603e-01,1.000000000000000021e-03,8.624289494739859063e-02
1.718918918918918570e-01,1.000000000000000021e-03,8.467602524074538395e-02
1.744144144144143815e-01,1.000000000000000021e-03,8.287200808492439785e-02
1.769369369369369061e-01,1.000000000000000021e-03,8.081843924111223321e-02
1.794594594594594306e-01,1.000000000000000021e-03,7.850291447048542148e-02
1.819819819819819551e-01,1.000000000000000021e-03,7.591302953422049415e-02
1.845045045045044796e-01,1.000000000000000021e-03,7.305745121318933666e-02
1.870270270270270041e-01,1.000000000000000021e-03,7.003095599918428282e-02
1.895495495495495286e-01,1.000000000000000021e-03,6.695031406240742333e-02
1.920720720720720531e-01,1.000000000000000021e-03,6.393229558090675335e-02
1.945945945945945776e-01,1.000000000000000021e-03,6.109367073273024723e-02
1.971171171171171022e-01,1.000000000000000021e-03,5.855120969592592789e-02
1.996396396396396267e-01,1.000000000000000021e-03,5.642168264854173498e-02
2.021621621621621234e-01,1.000000000000000021e-03,5.482185976862570531e-02
2.046846846846846479e-01,1.000000000000000021e-03,5.386851123422578547e-02
2.072072072072071725e-01,1.000000000000000021e-03,5.365101620203063804e-02
2.097297297297296970e-01,1.000000000000000021e-03,5.409879984685499188e-02
2.122522522522522215e-01,1.000000000000000021e-03,5.508339086979490568e-02
2.147747747747747737e-01,1.000000000000000021e-03,5.647623811474126315e-02
2.172972972972972705e-01,1.000000000000000021e-03,5.814879042558488559e-02
2.198198198198197673e-01,1.000000000000000021e-03,5.997249664621675386e-02
2.223423423423423195e-01,1.000000000000000021e-03,6.181880562052774475e-02
2.248648648648648163e-01,1.000000000000000021e-03,6.355916619240867260e-02
2.273873873873873686e-01,1.000000000000000021e-03,6.506502720575056686e-02
2.299099099099098653e-01,1.000000000000000021e-03,6.620783750444418636e-02
2.324324324324324176e-01,1.000000000000000021e-03,6.685904593238051197e-02
2.349549549549549143e-01,1.000000000000000021e-03,6.689010133345039966e-02
2.374774774774774666e-01,1.000000000000000021e-03,6.617245255154473316e-02
2.399999999999999911e-01,1.000000000000000021e-03,6.457754843055442395e-02
2.399999999999999911e-01,1.000000000000000021e-03,6.300000000000000044e-02
2.429999999999999938e-01,1.000000000000000021e-03,6.300000000000000044e-02
2.459999999999999964e-01,1.000000000000000021e-03,6.300000000000000044e-02
2.489999999999999991e-01,1.000000000000000021e-03,6.300000000000000044e-02
2.489999999999999991e-01,1.000000000000000021e-03,6.316498375035313473e-02
2.516923076923077152e-01,1.000000000000000021e-03,6.213717328416683977e-02
2.543846153846153757e-01,1.000000000000000021e-03,6.154262173188880525e-02
2.570769230769230917e-01,1.000000000000000021e-03,6.118792443294900768e-02
2.597692307692307523e-01,1.000000000000000021e-03,6.087967672677745135e-02
2.624615384615384683e-01,1.000000000000000021e-03,6.042447395280410583e-02
2.651538461538461289e-01,1.000000000000000021e-03,5.962891145045898927e-02
2.678461538461538449e-01,1.000000000000000021e-03,5.829958455917202270e-02
2.705384615384615055e-01,1.000000000000000021e-03,5.624308861837325202e-02
2.732307692307692215e-01,1.000000000000000021e-03,5.326601896749260517e-02
2.759230769230768820e-01,1.000000000000000021e-03,4.917497094596016971e-02
2.786153846153845981e-01,1.000000000000000021e-03,4.377653989320579031e-02
2.813076923076922586e-01,1.000000000000000021e-03,3.687732114865963778e-02
2.839999999999999747e-01,1.000000000000000021e-03,2.828391005175143538e-02
