-1.250000000000000000e-01,4.010000000000000231e-01,7.410200781027834888e-03
-1.223636363636363689e-01,4.010000000000000231e-01,1.140749488907227133e-02
-1.197272727272727239e-01,4.010000000000000231e-01,1.553707375100437695e-02
-1.170909090909090927e-01,4.010000000000000231e-01,1.967916188011671619e-02
-1.144545454545454477e-01,4.010000000000000231e-01,2.371398378970191595e-02
-1.118181818181818166e-01,4.010000000000000231e-01,2.752176399305254068e-02
-1.091818181818181854e-01,4.010000000000000231e-01,3.098272700346119471e-02
-1.065454545454545543e-01,4.010000000000000231e-01,3.397709733422047546e-02
-1.039090909090909093e-01,4.010000000000000231e-01,3.638509949862299420e-02
-1.012727272727272643e-01,4.010000000000000231e-01,3.808695800996132058e-02
-9.863636363636363313e-02,4.010000000000000231e-01,3.896289738152806242e-02
-9.600000000000000200e-02,4.010000000000000231e-01,3.889314212661580672e-02
-9.600000000000000200e-02,4.010000000000000231e-01,3.899999999999999994e-02
-9.199999999999999845e-02,4.010000000000000231e-01,3.899999999999999994e-02
-8.799999999999999489e-02,4.010000000000000231e-01,3.987100661944305291e-02
-8.799999999999999489e-02,4.010000000000000231e-01,3.899999999999999994e-02
-8.527272727272726394e-02,4.010000000000000231e-01,4.059201511706445747e-02
-8.254545454545454686e-02,4.010000000000000231e-01,4.050338495624201257e-02
-7.981818181818181590e-02,4.010000000000000231e-01,3.964713824982506185e-02
-7.709090909090908494e-02,4.010000000000000231e-01,3.806529711066289345e-02
-7.436363636363635399e-02,4.010000000000000231e-01,3.579988365160485103e-02
-7.163636363636363691e-02,4.010000000000000231e-01,3.289291998550027130e-02
-6.890909090909090595e-02,4.010000000000000231e-01,2.938642822519844933e-02
-6.618181818181817500e-02,4.010000000000000231e-01,2.532243048354870102e-02
-6.345454545454545792e-02,4.010000000000000231e-01,2.074294887340039778e-02
-6.072727272727272696e-02,4.010000000000000231e-01,1.569000550760280346e-02
-5.800000000000000294e-02,4.010000000000000231e-01,1.020562249900528254e-02
-5.551612903225806861e-02,4.010000000000000231e-01,1.020562249900528254e-02
-5.303225806451613428e-02,4.010000000000000231e-01,1.020562249900528254e-02
-5.054838709677419994e-02,4.010000000000000231e-01,1.020562249900528254e-02
-4.806451612903225867e-02,4.010000000000000231e-01,1.020562249900528254e-02
-4.558064516129032434e-02,4.010000000000000231e-01,1.020562249900528254e-02
-4.309677419354839001e-02,4.010000000000000231e-01,1.020562249900528254e-02
-4.061290322580644874e-02,4.010000000000000231e-01,1.020562249900528254e-02
-3.812903225806452134e-02,4.010000000000000231e-01,1.020562249900528254e-02
-3.564516129032258007e-02,4.010000000000000231e-01,1.020562249900528254e-02
-3.316129032258064574e-02,4.010000000000000231e-01,1.020562249900528254e-02
-3.067741935483871141e-02,4.010000000000000231e-01,1.020562249900528254e-02
-2.819354838709677707e-02,4.010000000000000231e-01,1.020562249900528254e-02
-2.570967741935484274e-02,4.010000000000000231e-01,1.020562249900528254e-02
-2.322580645161290147e-02,4.010000000000000231e-01,1.020562249900528254e-02
-2.074193548387096714e-02,4.010000000000000231e-01,1.020562249900528254e-02
-1.825806451612903281e-02,4.010000000000000231e-01,1.020562249900528254e-02
-1.577419354838709847e-02,4.010000000000000231e-01,1.020562249900528254e-02
-1.329032258064516414e-02,4.010000000000000231e-01,1.020562249900528254e-02
-1.080645161290322287e-02,4.010000000000000231e-01,1.020562249900528254e-02
-8.322580645161288537e-03,4.010000000000000231e-01,1.020562249900528254e-02
-5.838709677419354205e-03,4.010000000000000231e-01,1.020562249900528254e-02
-3.354838709677419872e-03,4.010000000000000231e-01,1.020562249900528254e-02
-8.709677419354855399e-04,4.010000000000000231e-01,1.020562249900528254e-02
1.612903225806448793e-03,4.010000000000000231e-01,1.020562249900528254e-02
4.096774193548390064e-03,4.010000000000000231e-01,1.020562249900528254e-02
6.580645161290317458e-03,4.010000000000000231e-01,1.020562249900528254e-02
9.064516129032258729e-03,4.010000000000000231e-01,1.020562249900528254e-02
1.154838709677420000e-02,4.010000000000000231e-01,1.020562249900528254e-02
1.403225806451612739e-02,4.010000000000000231e-01,1.020562249900528254e-02
1.651612903225806867e-02,4.010000000000000231e-01,1.020562249900528254e-02
1.899999999999999953e-02,4.010000000000000231e-01,1.069661222246896110e-02
2.159259259259259378e-02,4.010000000000000231e-01,1.962683691288200083e-02
2.418518518518518456e-02,4.010000000000000231e-01,2.700766744138282868e-02
2.677777777777777535e-02,4.010000000000000231e-01,3.296967374768051268e-02
2.937037037037036960e-02,4.010000000000000231e-01,3.764342577148408614e-02
3.196296296296296385e-02,4.010000000000000231e-01,4.115949345250259628e-02
3.455555555555555464e-02,4.010000000000000231e-01,4.364844673044509377e-02
3.714814814814815236e-02,4.010000000000000231e-01,4.524085554502063622e-02
3.974074074074074314e-02,4.010000000000000231e-01,4.606728983593825349e-02
4.233333333333333393e-02,4.010000000000000231e-01,4.625831954290698239e-02
4.492592592592592471e-02,4.010000000000000231e-01,4.594451460563590134e-02
4.751851851851851549e-02,4.010000000000000231e-01,4.525644496383402632e-02
5.011111111111110628e-02,4.010000000000000231e-01,4.432468055721041494e-02
5.270370370370369706e-02,4.010000000000000231e-01,4.327979132547411789e-02
5.529629629629630172e-02,4.010000000000000231e-01,4.225234720833416502e-02
5.788888888888889250e-02,4.010000000000000231e-01,4.137291814549962088e-02
6.048148148148148329e-02,4.010000000000000231e-01,4.077207407667954309e-02
6.307407407407407407e-02,4.010000000000000231e-01,4.058038494158294762e-02
6.566666666666666485e-02,4.010000000000000231e-01,4.090673805959036541e-02
6.825925925925925564e-02,4.010000000000000231e-01,4.158486859554277881e-02
7.085185185185184642e-02,4.010000000000000231e-01,4.225937620993395344e-02
7.344444444444443720e-02,4.010000000000000231e-01,4.257114269283087532e-02
7.603703703703704186e-02,4.010000000000000231e-01,4.216104983430059294e-02
7.862962962962963265e-02,4.010000000000000231e-01,4.066997942441011316e-02
8.122222222222222343e-02,4.010000000000000231e-01,3.773881325322646363e-02
8.381481481481481421e-02,4.010000000000000231e-01,3.300843311081668591e-02
8.640740740740740500e-02,4.010000000000000231e-01,-4.640590590017659722e-03
8.899999999999999578e-02,4.010000000000000231e-01,1.677727809045947158e-03
8.899999999999999578e-02,4.010000000000000231e-01,-8.000000000000000167e-03
9.157142857142856751e-02,4.010000000000000231e-01,-8.000000000000000167e-03
9.414285714285713924e-02,4.010000000000000231e-01,-8.000000000000000167e-03
9.671428571428571097e-02,4.010000000000000231e-01,-8.000000000000000167e-03
9.928571428571428270e-02,4.010000000000000231e-01,-8.000000000000000167e-03
1.018571428571428544e-01,4.010000000000000231e-01,-8.000000000000000167e-03
1.044285714285714262e-01,4.010000000000000231e-01,-8.000000000000000167e-03
1.069999999999999840e-01,4.010000000000000231e-01,-8.000000000000000167e-03
1.095714285714285696e-01,4.010000000000000231e-01,-8.000000000000000167e-03
1.121428571428571275e-01,4.010000000000000231e-01,-8.000000000000000167e-03
1.147142857142857131e-01,4.010000000000000231e-01,-8.000000000000000167e-03
1.172857142857142709e-01,4.010000000000000231e-01,-8.000000000000000167e-03
1.198571428571428427e-01,4.010000000000000231e-01,-8.000000000000000167e-03
1.224285714285714144e-01,4.010000000000000231e-01,-8.000000000000000167e-03
1.249999999999999861e-01,4.010000000000000231e-01,-8.000000000000000167e-03
1.275714285714285579e-01,4.010000000000000231e-01,-8.000000000000000167e-03
1.301428571428571157e-01,4.010000000000000231e-01,-8.000000000000000167e-03
1.327142857142857013e-01,4.010000000000000231e-01,-8.000000000000000167e-03
1.352857142857142869e-01,4.010000000000000231e-01,-8.000000000000000167e-03
1.378571428571428448e-01,4.010000000000000231e-01,-8.000000000000000167e-03
1.404285714285714026e-01,4.010000000000000231e-01,-8.000000000000000167e-03
1.429999999999999882e-01,4.010000000000000231e-01,-8.000000000000000167e-03
1.429999999999999882e-01,4.010000000000000231e-01,-7.826567110481090842e-03
1.455769230769230760e-01,4.010000000000000231e-01,-1.324817367697112176e-02
1.481538461538461360e-01,4.010000000000000231e-01,-6.574133456272670054e-03
1.507307692307692237e-01,4.010000000000000231e-01,3.678143961679923579e-02
1.533076923076922837e-01,4.010000000000000231e-01,3.698336652389262735e-02
1.558846153846153715e-01,4.010000000000000231e-01,3.610897503308815176e-02
1.584615384615384592e-01,4.010000000000000231e-01,3.588391941530869045e-02
1.610384615384615192e-01,4.010000000000000231e-01,3.615042810478792668e-02
1.636153846153846070e-01,4.010000000000000231e-01,3.675072953575952983e-02
1.661923076923076947e-01,4.010000000000000231e-01,3.752705214245722481e-02
1.687692307692307547e-01,4.010000000000000231e-01,3.832598440552033303e-02
1.713461538461538425e-01,4.010000000000000231e-01,3.904130741645018415e-02
1.739230769230769025e-01,4.010000000000000231e-01,3.959566862642096424e-02
1.764999999999999902e-01,4.010000000000000231e-01,3.991213032171175151e-02
1.790769230769230780e-01,4.010000000000000231e-01,3.991375478860154091e-02
1.816538461538461380e-01,4.010000000000000231e-01,3.952360431336943841e-02
1.842307692307692257e-01,4.010000000000000231e-01,3.866474118229442508e-02
1.868076923076922857e-01,4.010000000000000231e-01,3.726022768165560689e-02
1.893846153846153735e-01,4.010000000000000231e-01,3.523312609773195797e-02
1.919615384615384612e-01,4.010000000000000231e-01,3.250649871680255654e-02
1.945384615384615212e-01,4.010000000000000231e-01,2.900340782514650509e-02
1.971153846153846090e-01,4.010000000000000231e-01,2.464691570904274653e-02
1.996923076923076690e-01,4.010000000000000231e-01,1.936008465477042501e-02
2.022692307692307567e-01,4.010000000000000231e-01,1.306597694860847474e-02
2.048461538461538445e-01,4.010000000000000231e-01,5.687654876835989554e-03
2.074230769230769045e-01,4.010000000000000231e-01,-2.851819274267888144e-03
2.099999999999999922e-01,4.010000000000000231e-01,-1.262938321842430218e-02
