-2.330000000000000127e-01,-1.670000000000000095e-01,4.135561190921393550e-03
-2.302666666666666750e-01,-1.670000000000000095e-01,1.041023434634465519e-02
-2.275333333333333374e-01,-1.670000000000000095e-01,1.622051588610163436e-02
-2.247999999999999998e-01,-1.670000000000000095e-01,2.156334711447016605e-02
-2.220666666666666900e-01,-1.670000000000000095e-01,2.643566933572805144e-02
-2.193333333333333524e-01,-1.670000000000000095e-01,3.083442385415323395e-02
-2.166000000000000147e-01,-1.670000000000000095e-01,3.475655197402348351e-02
-2.138666666666666771e-01,-1.670000000000000095e-01,3.819899499961666028e-02
-2.111333333333333395e-01,-1.670000000000000095e-01,4.115869423521059667e-02
-2.084000000000000019e-01,-1.670000000000000095e-01,4.363259098508313893e-02
-2.056666666666666643e-01,-1.670000000000000095e-01,4.561762655351210560e-02
-2.029333333333333544e-01,-1.670000000000000095e-01,4.711074224477534989e-02
-2.002000000000000168e-01,-1.670000000000000095e-01,4.810887936315072499e-02
-1.974666666666666792e-01,-1.670000000000000095e-01,4.860897921291607027e-02
-1.947333333333333416e-01,-1.670000000000000095e-01,4.860798309834920422e-02
-1.920000000000000040e-01,-1.670000000000000095e-01,4.800000000000000100e-02
-1.920000000000000040e-01,-1.670000000000000095e-01,4.810283232372798007e-02
-1.890000000000000013e-01,-1.670000000000000095e-01,4.800000000000000100e-02
-1.859999999999999987e-01,-1.670000000000000095e-01,4.800000000000000100e-02
-1.829999999999999960e-01,-1.670000000000000095e-01,4.800000000000000100e-02
-1.829999999999999960e-01,-1.670000000000000095e-01,4.584175743143716064e-02
-1.804810126582278573e-01,-1.670000000000000095e-01,4.688606752331068300e-02
-1.779620253164556909e-01,-1.670000000000000095e-01,4.793421064131656029e-02
-1.754430379746835522e-01,-1.670000000000000095e-01,4.898571292354178541e-02
-1.729240506329113858e-01,-1.670000000000000095e-01,5.004010050807330967e-02
-1.704050632911392471e-01,-1.670000000000000095e-01,5.109689953299808435e-02
-1.678860759493670807e-01,-1.670000000000000095e-01,5.215563613640307461e-02
-1.653670886075949420e-01,-1.670000000000000095e-01,5.321583645637528032e-02
-1.628481012658227756e-01,-1.670000000000000095e-01,5.427702663100168051e-02
-1.603291139240506369e-01,-1.670000000000000095e-01,5.533873279836920567e-02
-1.578101265822784705e-01,-1.670000000000000095e-01,5.640048109656480707e-02
-1.552911392405063318e-01,-1.670000000000000095e-01,5.746179766367552622e-02
-1.527721518987341653e-01,-1.670000000000000095e-01,5.852220863778827969e-02
-1.502531645569620267e-01,-1.670000000000000095e-01,5.958124015699003267e-02
-1.477341772151898602e-01,-1.670000000000000095e-01,6.063841835936776420e-02
-1.452151898734177216e-01,-1.670000000000000095e-01,6.169326938300843249e-02
-1.426962025316455551e-01,-1.670000000000000095e-01,6.274531936599907211e-02
-1.401772151898734164e-01,-1.670000000000000095e-01,6.379409444642655802e-02
-1.376582278481012500e-01,-1.670000000000000095e-01,6.483912076237788313e-02
-1.351392405063291113e-01,-1.670000000000000095e-01,6.587992445194006119e-02
-1.326202531645569449e-01,-1.670000000000000095e-01,6.691603165320005042e-02
-1.301012658227848062e-01,-1.670000000000000095e-01,6.794696850424478130e-02
-1.275822784810126398e-01,-1.670000000000000095e-01,6.897226114316119816e-02
-1.250632911392405011e-01,-1.670000000000000095e-01,6.999143570803635639e-02
-1.225443037974683486e-01,-1.670000000000000095e-01,7.100401833695718645e-02
-1.200253164556961960e-01,-1.670000000000000095e-01,7.200953516801064658e-02
-1.175063291139240435e-01,-1.670000000000000095e-01,7.300751233928368111e-02
-1.149873417721518909e-01,-1.670000000000000095e-01,7.399747598886331768e-02
-1.124683544303797383e-01,-1.670000000000000095e-01,7.497895225483650061e-02
-1.099493670886075858e-01,-1.670000000000000095e-01,7.595146727529017427e-02
-1.074303797468354332e-01,-1.670000000000000095e-01,7.691454718831132464e-02
-1.049113924050632807e-01,-1.670000000000000095e-01,7.786771813198693770e-02
-1.023924050632911281e-01,-1.670000000000000095e-01,7.881050624440394392e-02
-9.987341772151897556e-02,-1.670000000000000095e-01,7.974243766364934316e-02
-9.735443037974682301e-02,-1.670000000000000095e-01,8.066303852781012140e-02
-9.483544303797467045e-02,-1.670000000000000095e-01,8.157183497497316749e-02
-9.231645569620251790e-02,-1.670000000000000095e-01,8.246835314322550903e-02
-8.979746835443036534e-02,-1.670000000000000095e-01,8.335211917065413201e-02
-8.727848101265821279e-02,-1.670000000000000095e-01,8.422265919534599465e-02
-8.475949367088606023e-02,-1.670000000000000095e-01,8.507949935538802744e-02
-8.224050632911390768e-02,-1.670000000000000095e-01,8.592216578886723022e-02
-7.972151898734175512e-02,-1.670000000000000095e-01,8.675018463387057510e-02
-7.720253164556960257e-02,-1.670000000000000095e-01,8.756308202848500644e-02
-7.468354430379745001e-02,-1.670000000000000095e-01,8.836038411079749633e-02
-7.216455696202529746e-02,-1.670000000000000095e-01,8.914161701889501688e-02
-6.964556962025314490e-02,-1.670000000000000095e-01,8.990630689086456795e-02
-6.712658227848099235e-02,-1.670000000000000095e-01,9.065397986479308001e-02
-6.460759493670883979e-02,-1.670000000000000095e-01,9.138416207876755293e-02
-6.208860759493670112e-02,-1.670000000000000095e-01,9.209637967087491717e-02
-5.956962025316454856e-02,-1.670000000000000095e-01,9.279015877920215871e-02
-5.705063291139239601e-02,-1.670000000000000095e-01,9.346502554183624967e-02
-5.453164556962022957e-02,-1.670000000000000095e-01,9.412050609686417602e-02
-5.201265822784809090e-02,-1.670000000000000095e-01,9.475612658237288211e-02
-4.949367088607592446e-02,-1.670000000000000095e-01,9.537141313644934004e-02
-4.697468354430378579e-02,-1.670000000000000095e-01,9.596589189718052193e-02
-4.445569620253161935e-02,-1.670000000000000095e-01,9.653908900265339987e-02
-4.193670886075948068e-02,-1.670000000000000095e-01,9.709053059095493210e-02
-3.941772151898731424e-02,-1.670000000000000095e-01,9.761974280017207684e-02
-3.689873417721517557e-02,-1.670000000000000095e-01,9.812625176839182006e-02
-3.437974683544300913e-02,-1.670000000000000095e-01,9.860958363370113389e-02
-3.186075949367087046e-02,-1.670000000000000095e-01,9.906926453418697653e-02
-2.934177215189870402e-02,-1.670000000000000095e-01,9.950482060793634786e-02
-2.682278481012656535e-02,-1.670000000000000095e-01,9.991577799303615059e-02
-2.430379746835439891e-02,-1.670000000000000095e-01,1.003016628275734123e-01
-2.178481012658226024e-02,-1.670000000000000095e-01,1.006620012496351052e-01
-1.926582278481012156e-02,-1.670000000000000095e-01,1.009963193973081319e-01
-1.674683544303795513e-02,-1.670000000000000095e-01,1.013041434086795201e-01
-1.422784810126581645e-02,-1.670000000000000095e-01,1.015849994218362418e-01
-1.170886075949365002e-02,-1.670000000000000095e-01,1.018384135748652275e-01
-9.189873417721511339e-03,-1.670000000000000095e-01,1.020639120058534632e-01
-6.670886075949344907e-03,-1.670000000000000095e-01,1.022610208528879072e-01
-4.151898734177206229e-03,-1.670000000000000095e-01,1.024292662540555454e-01
-1.632911392405039797e-03,-1.670000000000000095e-01,1.025681743474433638e-01
8.860759493670988807e-04,-1.670000000000000095e-01,1.026772712711382929e-01
3.405063291139265313e-03,-1.670000000000000095e-01,1.027560831632272909e-01
5.924050632911403991e-03,-1.670000000000000095e-01,1.028041361617973853e-01
8.443037974683570424e-03,-1.670000000000000095e-01,1.028209564049354791e-01
1.096202531645570910e-02,-1.670000000000000095e-01,1.028060700307286135e-01
1.348101265822787553e-02,-1.670000000000000095e-01,1.027590031772636636e-01
1.600000000000000033e-02,-1.670000000000000095e-01,1.026792819826276987e-01
1.800000000000000211e-02,-1.670000000000000095e-01,1.026792819826276987e-01
2.000000000000000042e-02,-1.670000000000000095e-01,1.026792819826276987e-01
2.199999999999999872e-02,-1.670000000000000095e-01,1.026792819826276987e-01
2.400000000000000050e-02,-1.670000000000000095e-01,1.065378658409081580e-01
2.653333333333333238e-02,-1.670000000000000095e-01,1.058758837527211810e-01
2.906666666666666773e-02,-1.670000000000000095e-01,1.052877516030826799e-01
3.160000000000000309e-02,-1.670000000000000095e-01,1.047703491996665737e-01
3.413333333333333497e-02,-1.670000000000000095e-01,1.043205563501469896e-01
3.666666666666666685e-02,-1.670000000000000095e-01,1.039352528621978883e-01
3.919999999999999873e-02,-1.670000000000000095e-01,1.036113185434932582e-01
4.173333333333333062e-02,-1.670000000000000095e-01,1.033456332017070600e-01
4.426666666666666250e-02,-1.670000000000000095e-01,1.031350766445133377e-01
4.679999999999999438e-02,-1.670000000000000095e-01,1.029765286795860796e-01
4.933333333333333320e-02,-1.670000000000000095e-01,1.028668691145992603e-01
5.186666666666666509e-02,-1.670000000000000095e-01,1.028029777572268960e-01
5.439999999999999697e-02,-1.670000000000000095e-01,1.027817344151429613e-01
5.693333333333332885e-02,-1.670000000000000095e-01,1.028000188960214722e-01
5.946666666666666767e-02,-1.670000000000000095e-01,1.028547110075364451e-01
6.199999999999999956e-02,-1.670000000000000095e-01,1.029426905573618545e-01
6.453333333333333144e-02,-1.670000000000000095e-01,1.030608373531716748e-01
6.706666666666666332e-02,-1.670000000000000095e-01,1.032060312026399501e-01
6.959999999999999520e-02,-1.670000000000000095e-01,1.033751519134406271e-01
7.213333333333332709e-02,-1.670000000000000095e-01,1.035650792932477637e-01
7.466666666666665897e-02,-1.670000000000000095e-01,1.037726931497352928e-01
7.719999999999999085e-02,-1.670000000000000095e-01,1.039948732905772583e-01
7.973333333333332273e-02,-1.670000000000000095e-01,1.042284995234476347e-01
8.226666666666665462e-02,-1.670000000000000095e-01,1.044704516560204383e-01
8.479999999999998650e-02,-1.670000000000000095e-01,1.047176094959696296e-01
8.733333333333331838e-02,-1.670000000000000095e-01,1.049668528509692528e-01
8.986666666666665026e-02,-1.670000000000000095e-01,1.052150615286932683e-01
9.240000000000000990e-02,-1.670000000000000095e-01,1.054591153368157064e-01
9.493333333333334179e-02,-1.670000000000000095e-01,1.056958940830104998e-01
9.746666666666667367e-02,-1.670000000000000095e-01,1.059222775749517342e-01
1.000000000000000056e-01,-1.670000000000000095e-01,1.061351456203133425e-01
1.025333333333333374e-01,-1.670000000000000095e-01,1.063313780267693409e-01
1.050666666666666693e-01,-1.670000000000000095e-01,1.065078546019937317e-01
1.076000000000000012e-01,-1.670000000000000095e-01,1.066614551536605032e-01
1.101333333333333331e-01,-1.670000000000000095e-01,1.067890594894436579e-01
1.126666666666666650e-01,-1.670000000000000095e-01,1.068875474170171841e-01
1.151999999999999968e-01,-1.670000000000000095e-01,1.069537987440551119e-01
1.177333333333333287e-01,-1.670000000000000095e-01,1.069846932782314020e-01
1.202666666666666606e-01,-1.670000000000000095e-01,1.069771108272200566e-01
1.227999999999999925e-01,-1.670000000000000095e-01,1.069279311986950642e-01
1.253333333333333244e-01,-1.670000000000000095e-01,1.068340342003304549e-01
1.278666666666666563e-01,-1.670000000000000095e-01,1.066922996398002310e-01
1.303999999999999881e-01,-1.670000000000000095e-01,1.064996073247783392e-01
1.329333333333333200e-01,-1.670000000000000095e-01,1.062528370629387819e-01
1.354666666666666519e-01,-1.670000000000000095e-01,1.059488686619556030e-01
1.379999999999999838e-01,-1.670000000000000095e-01,1.055845819295027910e-01
1.405333333333333157e-01,-1.670000000000000095e-01,1.051568566732542925e-01
1.430666666666666476e-01,-1.670000000000000095e-01,1.046625727008841794e-01
1.455999999999999794e-01,-1.670000000000000095e-01,1.040986098200663845e-01
1.481333333333333391e-01,-1.670000000000000095e-01,1.034618478384749241e-01
1.506666666666666432e-01,-1.670000000000000095e-01,1.027491665637838003e-01
1.531999999999999751e-01,-1.670000000000000095e-01,1.019574458036670295e-01
1.557333333333333070e-01,-1.670000000000000095e-01,1.010835653657985722e-01
1.582666666666666389e-01,-1.670000000000000095e-01,1.001244050578524447e-01
1.607999999999999985e-01,-1.670000000000000095e-01,9.907684468750263540e-02
1.633333333333333304e-01,-1.670000000000000095e-01,9.793776406242313270e-02
1.658666666666666623e-01,-1.670000000000000095e-01,9.670404299028798056e-02
1.683999999999999941e-01,-1.670000000000000095e-01,9.537256127877113965e-02
1.709333333333333260e-01,-1.670000000000000095e-01,9.394019873554659839e-02
1.734666666666666579e-01,-1.670000000000000095e-01,9.240383516828838684e-02
1.759999999999999898e-01,-1.670000000000000095e-01,8.899999999999999578e-02
1.759999999999999898e-01,-1.670000000000000095e-01,9.076035038467045180e-02
1.789999999999999925e-01,-1.670000000000000095e-01,8.899999999999999578e-02
1.819999999999999951e-01,-1.670000000000000095e-01,8.899999999999999578e-02
1.849999999999999978e-01,-1.670000000000000095e-01,8.899999999999999578e-02
1.849999999999999978e-01,-1.670000000000000095e-01,8.819028869147121918e-02
1.875757575757575624e-01,-1.670000000000000095e-01,8.688083525057255230e-02
1.901515151515151547e-01,-1.670000000000000095e-01,8.561387703563712315e-02
1.927272727272727193e-01,-1.670000000000000095e-01,8.437878440412772962e-02
1.953030303030303116e-01,-1.670000000000000095e-01,8.316492771350728064e-02
1.978787878787878762e-01,-1.670000000000000095e-01,8.196167732123861571e-02
2.004545454545454408e-01,-1.670000000000000095e-01,8.075840358478451886e-02
2.030303030303030332e-01,-1.670000000000000095e-01,7.954447686160789899e-02
2.056060606060605978e-01,-1.670000000000000095e-01,7.830926750917162338e-02
2.081818181818181901e-01,-1.670000000000000095e-01,7.704214588493847604e-02
2.107575757575757547e-01,-1.670000000000000095e-01,7.573248234637135201e-02
2.133333333333333470e-01,-1.670000000000000095e-01,7.436964725093309081e-02
2.159090909090909116e-01,-1.670000000000000095e-01,7.294301095608650420e-02
2.184848484848485040e-01,-1.670000000000000095e-01,7.144194381929450111e-02
2.210606060606060685e-01,-1.670000000000000095e-01,6.985581619801990716e-02
2.236363636363636331e-01,-1.670000000000000095e-01,6.817399844972554801e-02
2.262121212121212255e-01,-1.670000000000000095e-01,6.638586093187427706e-02
2.287878787878787901e-01,-1.670000000000000095e-01,6.448077400192896158e-02
2.313636363636363824e-01,-1.670000000000000095e-01,6.244810801735243416e-02
2.339393939393939470e-01,-1.670000000000000095e-01,6.027723333560756902e-02
2.365151515151515116e-01,-1.670000000000000095e-01,5.795752031415719874e-02
2.390909090909091039e-01,-1.670000000000000095e-01,5.547833931046412814e-02
2.416666666666666685e-01,-1.670000000000000095e-01,5.282906068199128696e-02
2.442424242424242609e-01,-1.670000000000000095e-01,4.999905478620145227e-02
2.468181818181818254e-01,-1.670000000000000095e-01,4.697769198055752604e-02
2.493939393939393900e-01,-1.670000000000000095e-01,4.375434262252234086e-02
2.519696969696969546e-01,-1.670000000000000095e-01,4.031837706955873624e-02
2.545454545454545747e-01,-1.670000000000000095e-01,3.665916567912947538e-02
2.571212121212121393e-01,-1.670000000000000095e-01,3.276607880869758516e-02
2.596969696969697039e-01,-1.670000000000000095e-01,2.862848681572580795e-02
2.622727272727272685e-01,-1.670000000000000095e-01,2.423576005767701796e-02
2.648484848484848886e-01,-1.670000000000000095e-01,1.957726889201394371e-02
2.674242424242424532e-01,-1.670000000000000095e-01,1.464238367619963982e-02
2.700000000000000178e-01,-1.670000000000000095e-01,9.420474767696859070e-03
