-1.130000000000000032e-01,4.410000000000000031e-01,2.075838172856377204e-03
-1.096666666666666623e-01,4.410000000000000031e-01,6.514026734210116333e-03
-1.063333333333333353e-01,4.410000000000000031e-01,6.306996165936941748e-03
-1.029999999999999943e-01,4.410000000000000031e-01,2.500000000000000139e-02
-1.029999999999999943e-01,4.410000000000000031e-01,2.543877800009760465e-02
-9.950000000000000511e-02,4.410000000000000031e-01,2.500000000000000139e-02
-9.600000000000000200e-02,4.410000000000000031e-01,2.720875899009485288e-02
-9.600000000000000200e-02,4.410000000000000031e-01,2.500000000000000139e-02
-9.324999999999999956e-02,4.410000000000000031e-01,2.249770958484086439e-02
-9.049999999999999711e-02,4.410000000000000031e-01,2.033938876916220953e-02
-8.774999999999999467e-02,4.410000000000000031e-01,1.777118297701226965e-02
-8.499999999999999223e-02,4.410000000000000031e-01,1.294041530740577990e-02
-8.225000000000000366e-02,4.410000000000000031e-01,1.417053923630836806e-02
-7.950000000000000122e-02,4.410000000000000031e-01,1.232364314786782780e-02
-7.674999999999999878e-02,4.410000000000000031e-01,-2.839680269878052873e-03
-7.399999999999999634e-02,4.410000000000000031e-01,1.580925799927180783e-02
-7.152631578947367397e-02,4.410000000000000031e-01,1.920028711730191115e-03
-6.905263157894736548e-02,4.410000000000000031e-01,1.920028711730191115e-03
-6.657894736842104311e-02,4.410000000000000031e-01,1.920028711730191115e-03
-6.410526315789473462e-02,4.410000000000000031e-01,1.920028711730191115e-03
-6.163157894736841919e-02,4.410000000000000031e-01,1.920028711730191115e-03
-5.915789473684210376e-02,4.410000000000000031e-01,1.920028711730191115e-03
-5.668421052631578139e-02,4.410000000000000031e-01,1.920028711730191115e-03
-5.421052631578947290e-02,4.410000000000000031e-01,1.920028711730191115e-03
-5.173684210526315053e-02,4.410000000000000031e-01,1.920028711730191115e-03
-4.926315789473684204e-02,4.410000000000000031e-01,1.920028711730191115e-03
-4.678947368421051967e-02,4.410000000000000031e-01,1.920028711730191115e-03
-4.431578947368420424e-02,4.410000000000000031e-01,1.920028711730191115e-03
-4.184210526315788881e-02,4.410000000000000031e-01,1.920028711730191115e-03
-3.936842105263157338e-02,4.410000000000000031e-01,1.920028711730191115e-03
-3.689473684210525795e-02,4.410000000000000031e-01,1.920028711730191115e-03
-3.442105263157894252e-02,4.410000000000000031e-01,1.920028711730191115e-03
-3.194736842105262709e-02,4.410000000000000031e-01,1.920028711730191115e-03
-2.947368421052631166e-02,4.410000000000000031e-01,1.920028711730191115e-03
-2.699999999999999623e-02,4.410000000000000031e-01,1.920028711730191115e-03
-2.452631578947368080e-02,4.410000000000000031e-01,1.920028711730191115e-03
-2.205263157894736537e-02,4.410000000000000031e-01,1.920028711730191115e-03
-1.957894736842104993e-02,4.410000000000000031e-01,1.920028711730191115e-03
-1.710526315789473450e-02,4.410000000000000031e-01,1.920028711730191115e-03
-1.463157894736841214e-02,4.410000000000000031e-01,1.920028711730191115e-03
-1.215789473684209671e-02,4.410000000000000031e-01,1.920028711730191115e-03
-9.684210526315781276e-03,4.410000000000000031e-01,1.920028711730191115e-03
-7.210526315789472784e-03,4.410000000000000031e-01,1.920028711730191115e-03
-4.736842105263150415e-03,4.410000000000000031e-01,1.920028711730191115e-03
-2.263157894736841924e-03,4.410000000000000031e-01,1.920028711730191115e-03
2.105263157894804449e-04,4.410000000000000031e-01,1.920028711730191115e-03
2.684210526315788936e-03,4.410000000000000031e-01,1.920028711730191115e-03
5.157894736842111305e-03,4.410000000000000031e-01,1.920028711730191115e-03
7.631578947368433674e-03,4.410000000000000031e-01,1.920028711730191115e-03
1.010526315789474217e-02,4.410000000000000031e-01,1.920028711730191115e-03
1.257894736842106453e-02,4.410000000000000031e-01,1.920028711730191115e-03
1.505263157894737303e-02,4.410000000000000031e-01,1.920028711730191115e-03
1.752631578947369539e-02,4.410000000000000031e-01,1.920028711730191115e-03
2.000000000000000042e-02,4.410000000000000031e-01,1.920028711730191115e-03
2.261538461538461359e-02,4.410000000000000031e-01,1.127515929317463896e-02
2.523076923076923023e-02,4.410000000000000031e-01,1.908723567209317726e-02
2.784615384615384687e-02,4.410000000000000031e-01,2.549538895444126638e-02
3.046153846153846004e-02,4.410000000000000031e-01,3.063875024617440310e-02
3.307692307692307321e-02,4.410000000000000031e-01,3.465645065324805818e-02
3.569230769230768985e-02,4.410000000000000031e-01,3.768762128161774749e-02
3.830769230769230649e-02,4.410000000000000031e-01,3.987139323723892792e-02
4.092307692307692313e-02,4.410000000000000031e-01,4.134689762606710839e-02
4.353846153846153977e-02,4.410000000000000031e-01,4.225326555405774231e-02
4.615384615384614947e-02,4.410000000000000031e-01,4.272962812716633169e-02
4.876923076923075917e-02,4.410000000000000031e-01,4.291511645134839237e-02
5.138461538461537581e-02,4.410000000000000031e-01,4.294886163255935002e-02
5.399999999999999245e-02,4.410000000000000031e-01,4.296999477675474133e-02
5.661538461538460909e-02,4.410000000000000031e-01,4.311764698989001970e-02
5.923076923076922573e-02,4.410000000000000031e-01,4.353094937792070102e-02
6.184615384615384237e-02,4.410000000000000031e-01,4.429957748767927167e-02
6.446153846153845901e-02,4.410000000000000031e-01,4.501301311206765826e-02
6.707692307692307565e-02,4.410000000000000031e-01,4.497030111460122853e-02
6.969230769230767841e-02,4.410000000000000031e-01,4.346690884439126379e-02
7.230769230769229505e-02,4.410000000000000031e-01,3.987285304339163033e-02
7.492307692307691169e-02,4.410000000000000031e-01,3.527278648893766855e-02
7.753846153846152833e-02,4.410000000000000031e-01,3.246599799374612350e-02
8.015384615384614497e-02,4.410000000000000031e-01,3.432632576337636687e-02
8.276923076923076161e-02,4.410000000000000031e-01,4.199740784386842007e-02
8.538461538461537825e-02,4.410000000000000031e-01,1.438575432308773728e-03
8.799999999999999489e-02,4.410000000000000031e-01,1.000000000000000021e-03
8.799999999999999489e-02,4.410000000000000031e-01,8.588091444677769170e-04
9.057142857142856662e-02,4.410000000000000031e-01,1.000000000000000021e-03
9.314285714285713835e-02,4.410000000000000031e-01,1.000000000000000021e-03
9.571428571428571008e-02,4.410000000000000031e-01,1.000000000000000021e-03
9.828571428571428181e-02,4.410000000000000031e-01,1.000000000000000021e-03
1.008571428571428535e-01,4.410000000000000031e-01,1.000000000000000021e-03
1.034285714285714253e-01,4.410000000000000031e-01,1.000000000000000021e-03
1.059999999999999970e-01,4.410000000000000031e-01,1.000000000000000021e-03
1.085714285714285687e-01,4.410000000000000031e-01,1.000000000000000021e-03
1.111428571428571405e-01,4.410000000000000031e-01,1.000000000000000021e-03
1.137142857142857122e-01,4.410000000000000031e-01,1.000000000000000021e-03
1.162857142857142839e-01,4.410000000000000031e-01,1.000000000000000021e-03
1.188571428571428557e-01,4.410000000000000031e-01,1.000000000000000021e-03
1.214285714285714274e-01,4.410000000000000031e-01,1.000000000000000021e-03
1.239999999999999991e-01,4.410000000000000031e-01,1.000000000000000021e-03
1.265714285714285570e-01,4.410000000000000031e-01,1.000000000000000021e-03
1.291428571428571426e-01,4.410000000000000031e-01,1.000000000000000021e-03
1.317142857142857282e-01,4.410000000000000031e-01,1.000000000000000021e-03
1.342857142857142860e-01,4.410000000000000031e-01,1.000000000000000021e-03
1.368571428571428439e-01,4.410000000000000031e-01,1.000000000000000021e-03
1.394285714285714295e-01,4.410000000000000031e-01,1.000000000000000021e-03
1.420000000000000151e-01,4.410000000000000031e-01,1.000000000000000021e-03
1.445714285714285730e-01,4.410000000000000031e-01,1.000000000000000021e-03
1.471428571428571308e-01,4.410000000000000031e-01,1.000000000000000021e-03
1.497142857142857164e-01,4.410000000000000031e-01,1.000000000000000021e-03
1.522857142857143020e-01,4.410000000000000031e-01,1.000000000000000021e-03
1.548571428571428599e-01,4.410000000000000031e-01,1.000000000000000021e-03
1.574285714285714177e-01,4.410000000000000031e-01,1.000000000000000021e-03
1.600000000000000033e-01,4.410000000000000031e-01,1.660512553117779282e-03
1.600000000000000033e-01,4.410000000000000031e-01,1.000000000000000021e-03
1.627777777777777712e-01,4.410000000000000031e-01,2.240700087041914892e-03
1.655555555555555669e-01,4.410000000000000031e-01,2.356402928763223509e-03
1.683333333333333348e-01,4.410000000000000031e-01,2.176259336865486727e-03
1.711111111111111027e-01,4.410000000000000031e-01,1.868907569932493073e-03
1.738888888888888984e-01,4.410000000000000031e-01,1.602985886548026527e-03
1.766666666666666663e-01,4.410000000000000031e-01,1.547132545295878438e-03
1.794444444444444342e-01,4.410000000000000031e-01,1.869985804759830179e-03
1.822222222222222299e-01,4.410000000000000031e-01,2.740183923523679174e-03
1.849999999999999978e-01,4.410000000000000031e-01,4.326365160171195302e-03
