-2.369999999999999885e-01,-1.590000000000000024e-01,4.526013007717813105e-03
-2.343529411764705694e-01,-1.590000000000000024e-01,9.643253594580087490e-03
-2.317058823529411782e-01,-1.590000000000000024e-01,1.450894252022502835e-02
-2.290588235294117592e-01,-1.590000000000000024e-01,1.910953026263713384e-02
-2.264117647058823402e-01,-1.590000000000000024e-01,2.343146729980075463e-02
-2.237647058823529211e-01,-1.590000000000000024e-01,2.746120410970027959e-02
-2.211176470588235299e-01,-1.590000000000000024e-01,3.118519117032006460e-02
-2.184705882352941109e-01,-1.590000000000000024e-01,3.458987895964459047e-02
-2.158235294117646919e-01,-1.590000000000000024e-01,3.766171795565821656e-02
-2.131764705882353006e-01,-1.590000000000000024e-01,4.038715863634528835e-02
-2.105294117647058816e-01,-1.590000000000000024e-01,4.275265147969028318e-02
-2.078823529411764626e-01,-1.590000000000000024e-01,4.474464696367756733e-02
-2.052352941176470713e-01,-1.590000000000000024e-01,4.634959556629150712e-02
-2.025882352941176523e-01,-1.590000000000000024e-01,4.755394776551654518e-02
-1.999411764705882333e-01,-1.590000000000000024e-01,4.834415403933704780e-02
-1.972941176470588420e-01,-1.590000000000000024e-01,4.870666486573740905e-02
-1.946470588235294230e-01,-1.590000000000000024e-01,4.862793072270205075e-02
-1.920000000000000040e-01,-1.590000000000000024e-01,4.809440208821533919e-02
-1.920000000000000040e-01,-1.590000000000000024e-01,4.800000000000000100e-02
-1.890000000000000013e-01,-1.590000000000000024e-01,4.800000000000000100e-02
-1.859999999999999987e-01,-1.590000000000000024e-01,4.800000000000000100e-02
-1.829999999999999960e-01,-1.590000000000000024e-01,4.800000000000000100e-02
-1.829999999999999960e-01,-1.590000000000000024e-01,4.573394961488896210e-02
-1.804756097560975547e-01,-1.590000000000000024e-01,4.679333611534000625e-02
-1.779512195121951135e-01,-1.590000000000000024e-01,4.785561539966055877e-02
-1.754268292682926722e-01,-1.590000000000000024e-01,4.892035360475350397e-02
-1.729024390243902309e-01,-1.590000000000000024e-01,4.998711686752174699e-02
-1.703780487804877897e-01,-1.590000000000000024e-01,5.105547132486816519e-02
-1.678536585365853484e-01,-1.590000000000000024e-01,5.212498311369562209e-02
-1.653292682926829071e-01,-1.590000000000000024e-01,5.319521837090706445e-02
-1.628048780487804936e-01,-1.590000000000000024e-01,5.426574323340531414e-02
-1.602804878048780524e-01,-1.590000000000000024e-01,5.533612383809331098e-02
-1.577560975609756111e-01,-1.590000000000000024e-01,5.640592632187393929e-02
-1.552317073170731698e-01,-1.590000000000000024e-01,5.747471682165006951e-02
-1.527073170731707286e-01,-1.590000000000000024e-01,5.854206147432458596e-02
-1.501829268292682873e-01,-1.590000000000000024e-01,5.960752641680039376e-02
-1.476585365853658460e-01,-1.590000000000000024e-01,6.067067778598037031e-02
-1.451341463414634048e-01,-1.590000000000000024e-01,6.173108171876739991e-02
-1.426097560975609635e-01,-1.590000000000000024e-01,6.278830435206439464e-02
-1.400853658536585222e-01,-1.590000000000000024e-01,6.384191182277422494e-02
-1.375609756097561087e-01,-1.590000000000000024e-01,6.489147026779977512e-02
-1.350365853658536675e-01,-1.590000000000000024e-01,6.593654582404392950e-02
-1.325121951219512262e-01,-1.590000000000000024e-01,6.697670462840961403e-02
-1.299878048780487849e-01,-1.590000000000000024e-01,6.801151281779968527e-02
-1.274634146341463437e-01,-1.590000000000000024e-01,6.904053652911704142e-02
-1.249390243902439024e-01,-1.590000000000000024e-01,7.006334189926455291e-02
-1.224146341463414611e-01,-1.590000000000000024e-01,7.107949506514513183e-02
-1.198902439024390199e-01,-1.590000000000000024e-01,7.208856216366166247e-02
-1.173658536585365786e-01,-1.590000000000000024e-01,7.309010933171702917e-02
-1.148414634146341373e-01,-1.590000000000000024e-01,7.408370270621410236e-02
-1.123170731707316961e-01,-1.590000000000000024e-01,7.506890842405580799e-02
-1.097926829268292687e-01,-1.590000000000000024e-01,7.604529262214503038e-02
-1.072682926829268274e-01,-1.590000000000000024e-01,7.701242143738462609e-02
-1.047439024390243861e-01,-1.590000000000000024e-01,7.796986100667749331e-02
-1.022195121951219449e-01,-1.590000000000000024e-01,7.891717746692654412e-02
-9.969512195121950360e-02,-1.590000000000000024e-01,7.985393695503462119e-02
-9.717073170731706233e-02,-1.590000000000000024e-01,8.077970560790467824e-02
-9.464634146341462106e-02,-1.590000000000000024e-01,8.169404956243954408e-02
-9.212195121951219368e-02,-1.590000000000000024e-01,8.259653495554214464e-02
-8.959756097560975241e-02,-1.590000000000000024e-01,8.348672792411535037e-02
-8.707317073170731114e-02,-1.590000000000000024e-01,8.436419460506204560e-02
-8.454878048780486988e-02,-1.590000000000000024e-01,8.522850113528517013e-02
-8.202439024390242861e-02,-1.590000000000000024e-01,8.607921365168752503e-02
-7.949999999999998734e-02,-1.590000000000000024e-01,8.691589829117209176e-02
-7.697560975609755995e-02,-1.590000000000000024e-01,8.773812119064168524e-02
-7.445121951219511869e-02,-1.590000000000000024e-01,8.854544848699924531e-02
-7.192682926829267742e-02,-1.590000000000000024e-01,8.933744631714760076e-02
-6.940243902439023616e-02,-1.590000000000000024e-01,9.011368081798966367e-02
-6.687804878048779489e-02,-1.590000000000000024e-01,9.087371812642838775e-02
-6.435365853658535362e-02,-1.590000000000000024e-01,9.161712437936658793e-02
-6.182926829268292623e-02,-1.590000000000000024e-01,9.234346571370713463e-02
-5.930487804878048497e-02,-1.590000000000000024e-01,9.305230826635296770e-02
-5.678048780487804370e-02,-1.590000000000000024e-01,9.374321817420699920e-02
-5.425609756097560243e-02,-1.590000000000000024e-01,9.441576157417207182e-02
-5.173170731707316117e-02,-1.590000000000000024e-01,9.506950460315108375e-02
-4.920731707317071990e-02,-1.590000000000000024e-01,9.570401339804693319e-02
-4.668292682926827863e-02,-1.590000000000000024e-01,9.631885409576246282e-02
-4.415853658536583737e-02,-1.590000000000000024e-01,9.691359283320064022e-02
-4.163414634146339610e-02,-1.590000000000000024e-01,9.748779574726429420e-02
-3.910975609756095484e-02,-1.590000000000000024e-01,9.804102897485632295e-02
-3.658536585365854132e-02,-1.590000000000000024e-01,9.857285865287965243e-02
-3.406097560975610006e-02,-1.590000000000000024e-01,9.908285091823712532e-02
-3.153658536585365879e-02,-1.590000000000000024e-01,9.957057190783163980e-02
-2.901219512195121752e-02,-1.590000000000000024e-01,1.000355877585660941e-01
-2.648780487804877626e-02,-1.590000000000000024e-01,1.004774646073433864e-01
-2.396341463414633499e-02,-1.590000000000000024e-01,1.008957685910663871e-01
-2.143902439024389373e-02,-1.590000000000000024e-01,1.012900658466379944e-01
-1.891463414634145246e-02,-1.590000000000000024e-01,1.016599225109610927e-01
-1.639024390243901119e-02,-1.590000000000000024e-01,1.020049047209385662e-01
-1.386585365853656993e-02,-1.590000000000000024e-01,1.023245786134733271e-01
-1.134146341463412866e-02,-1.590000000000000024e-01,1.026185103254682318e-01
-8.817073170731687393e-03,-1.590000000000000024e-01,1.028862659938261648e-01
-6.292682926829246126e-03,-1.590000000000000024e-01,1.031274117554500380e-01
-3.768292682926832615e-03,-1.590000000000000024e-01,1.033415137472427636e-01
-1.243902439024391349e-03,-1.590000000000000024e-01,1.035281381061071981e-01
1.280487804878049918e-03,-1.590000000000000024e-01,1.036868509689461842e-01
3.804878048780491184e-03,-1.590000000000000024e-01,1.038172184726627173e-01
6.329268292682932451e-03,-1.590000000000000024e-01,1.039188067541596261e-01
8.853658536585373717e-03,-1.590000000000000024e-01,1.039911819503397672e-01
1.137804878048781498e-02,-1.590000000000000024e-01,1.040339101981061082e-01
1.390243902439025625e-02,-1.590000000000000024e-01,1.040465576343614640e-01
1.642682926829269752e-02,-1.590000000000000024e-01,1.040286903960087467e-01
1.895121951219513878e-02,-1.590000000000000024e-01,1.039798746199508545e-01
2.147560975609758005e-02,-1.590000000000000024e-01,1.038996764430906716e-01
2.400000000000000050e-02,-1.590000000000000024e-01,1.037876620023310964e-01
2.633333333333333359e-02,-1.590000000000000024e-01,1.037876620023310964e-01
2.866666666666666669e-02,-1.590000000000000024e-01,1.037876620023310964e-01
3.099999999999999978e-02,-1.590000000000000024e-01,1.054436768399685531e-01
3.360714285714285626e-02,-1.590000000000000024e-01,1.052895620402579946e-01
3.621428571428571275e-02,-1.590000000000000024e-01,1.051503370098437334e-01
3.882142857142856923e-02,-1.590000000000000024e-01,1.050255168874638240e-01
4.142857142857142572e-02,-1.590000000000000024e-01,1.049146168118562511e-01
4.403571428571428220e-02,-1.590000000000000024e-01,1.048171519217588887e-01
4.664285714285713869e-02,-1.590000000000000024e-01,1.047326373559097079e-01
4.925000000000000211e-02,-1.590000000000000024e-01,1.046605882530467213e-01
5.185714285714285166e-02,-1.590000000000000024e-01,1.046005197519078306e-01
5.446428571428571508e-02,-1.590000000000000024e-01,1.045519469912310345e-01
5.707142857142856462e-02,-1.590000000000000024e-01,1.045143851097542487e-01
5.967857142857142805e-02,-1.590000000000000024e-01,1.044873492462154302e-01
6.228571428571428453e-02,-1.590000000000000024e-01,1.044703545393525779e-01
6.489285714285714102e-02,-1.590000000000000024e-01,1.044629161279035934e-01
6.750000000000000444e-02,-1.590000000000000024e-01,1.044645491506065171e-01
7.010714285714285399e-02,-1.590000000000000024e-01,1.044747687461991953e-01
7.271428571428570353e-02,-1.590000000000000024e-01,1.044930900534196822e-01
7.532142857142856696e-02,-1.590000000000000024e-01,1.045190282110058516e-01
7.792857142857143038e-02,-1.590000000000000024e-01,1.045520983576957441e-01
8.053571428571427993e-02,-1.590000000000000024e-01,1.045918156322272613e-01
8.314285714285712947e-02,-1.590000000000000024e-01,1.046376951733383465e-01
8.574999999999999289e-02,-1.590000000000000024e-01,1.046892521197670262e-01
8.835714285714285632e-02,-1.590000000000000024e-01,1.047460016102511882e-01
9.096428571428570586e-02,-1.590000000000000024e-01,1.048074587835288174e-01
9.357142857142856929e-02,-1.590000000000000024e-01,1.048731387783378849e-01
9.617857142857141883e-02,-1.590000000000000024e-01,1.049425567334163062e-01
9.878571428571428226e-02,-1.590000000000000024e-01,1.050152277875020523e-01
1.013928571428571318e-01,-1.590000000000000024e-01,1.050906670793331082e-01
1.039999999999999952e-01,-1.590000000000000024e-01,1.051683897476474033e-01
1.039999999999999952e-01,-1.590000000000000024e-01,1.049999999999999961e-01
1.069999999999999979e-01,-1.590000000000000024e-01,1.049999999999999961e-01
1.100000000000000006e-01,-1.590000000000000024e-01,1.049999999999999961e-01
1.130000000000000032e-01,-1.590000000000000024e-01,1.081576461600270572e-01
1.130000000000000032e-01,-1.590000000000000024e-01,1.049999999999999961e-01
1.155238095238095286e-01,-1.590000000000000024e-01,1.077040475187543284e-01
1.180476190476190540e-01,-1.590000000000000024e-01,1.072578195115597155e-01
1.205714285714285794e-01,-1.590000000000000024e-01,1.068169837013476231e-01
1.230952380952381048e-01,-1.590000000000000024e-01,1.063795616510226083e-01
1.256190476190476302e-01,-1.590000000000000024e-01,1.059435749234891866e-01
1.281428571428571417e-01,-1.590000000000000024e-01,1.055070450816518318e-01
1.306666666666666810e-01,-1.590000000000000024e-01,1.050679936884150456e-01
1.331904761904761925e-01,-1.590000000000000024e-01,1.046244423066834267e-01
1.357142857142857317e-01,-1.590000000000000024e-01,1.041744124993614073e-01
1.382380952380952432e-01,-1.590000000000000024e-01,1.037159258293534891e-01
1.407619047619047548e-01,-1.590000000000000024e-01,1.032470038595642570e-01
1.432857142857142940e-01,-1.590000000000000024e-01,1.027656681528981292e-01
1.458095238095238333e-01,-1.590000000000000024e-01,1.022699402722596629e-01
1.483333333333333448e-01,-1.590000000000000024e-01,1.017578417805533597e-01
1.508571428571428563e-01,-1.590000000000000024e-01,1.012273942406837213e-01
1.533809523809523956e-01,-1.590000000000000024e-01,1.006766192155553186e-01
1.559047619047619071e-01,-1.590000000000000024e-01,1.001035382680725422e-01
1.584285714285714464e-01,-1.590000000000000024e-01,9.950617296113997701e-02
1.609523809523809579e-01,-1.590000000000000024e-01,9.888254485766212465e-02
1.634761904761904971e-01,-1.590000000000000024e-01,9.823067552054347285e-02
1.660000000000000087e-01,-1.590000000000000024e-01,9.754858651268859260e-02
1.685238095238095202e-01,-1.590000000000000024e-01,9.683429939700193001e-02
1.710476190476190594e-01,-1.590000000000000024e-01,9.608583573638801445e-02
1.735714285714285987e-01,-1.590000000000000024e-01,9.530121709375133365e-02
1.760952380952381102e-01,-1.590000000000000024e-01,9.447846503199644475e-02
1.786190476190476217e-01,-1.590000000000000024e-01,9.361560111402782158e-02
1.811428571428571610e-01,-1.590000000000000024e-01,9.271064690274993803e-02
1.836666666666666725e-01,-1.590000000000000024e-01,9.176162396106739283e-02
1.861904761904761840e-01,-1.590000000000000024e-01,9.076655385188464598e-02
1.887142857142857233e-01,-1.590000000000000024e-01,8.972345813810618520e-02
1.912380952380952626e-01,-1.590000000000000024e-01,8.863035838263655375e-02
1.937619047619047741e-01,-1.590000000000000024e-01,8.748527614838026711e-02
1.962857142857142856e-01,-1.590000000000000024e-01,8.628623299824179915e-02
1.988095238095238249e-01,-1.590000000000000024e-01,8.503125049512566536e-02
2.013333333333333641e-01,-1.590000000000000024e-01,8.371835020193639509e-02
2.038571428571428756e-01,-1.590000000000000024e-01,8.234555368157850386e-02
2.063809523809523871e-01,-1.590000000000000024e-01,8.091088249695647938e-02
2.089047619047619264e-01,-1.590000000000000024e-01,7.941235821097480940e-02
2.114285714285714379e-01,-1.590000000000000024e-01,7.784800238653805105e-02
2.139523809523809494e-01,-1.590000000000000024e-01,7.621583658655071980e-02
2.164761904761904887e-01,-1.590000000000000024e-01,7.451388237391726177e-02
2.190000000000000280e-01,-1.590000000000000024e-01,7.273992624046553279e-02
2.215238095238095395e-01,-1.590000000000000024e-01,7.088997462888341206e-02
2.240476190476190510e-01,-1.590000000000000024e-01,6.895921912717362101e-02
2.265714285714285903e-01,-1.590000000000000024e-01,6.694284710025806551e-02
2.290952380952381295e-01,-1.590000000000000024e-01,6.483604591305872078e-02
2.316190476190476411e-01,-1.590000000000000024e-01,6.263400293049758982e-02
2.341428571428571526e-01,-1.590000000000000024e-01,6.033190551749658542e-02
2.366666666666666918e-01,-1.590000000000000024e-01,5.792494103897764812e-02
2.391904761904762311e-01,-1.590000000000000024e-01,5.540829685986277398e-02
2.417142857142857149e-01,-1.590000000000000024e-01,5.277716034507397291e-02
2.442380952380952541e-01,-1.590000000000000024e-01,5.002671885953308140e-02
2.467619047619047934e-01,-1.590000000000000024e-01,4.715215976816213017e-02
2.492857142857142771e-01,-1.590000000000000024e-01,4.414867043588313611e-02
2.518095238095238164e-01,-1.590000000000000024e-01,4.101143822761792179e-02
2.543333333333333557e-01,-1.590000000000000024e-01,3.773565050828851797e-02
2.568571428571428950e-01,-1.590000000000000024e-01,3.431649464281687906e-02
2.593809523809523787e-01,-1.590000000000000024e-01,3.074915799612506009e-02
2.619047619047619180e-01,-1.590000000000000024e-01,2.702882793313483509e-02
2.644285714285714572e-01,-1.590000000000000024e-01,2.315069181876826601e-02
2.669523809523809965e-01,-1.590000000000000024e-01,1.910993701794730035e-02
2.694761904761904803e-01,-1.590000000000000024e-01,1.490175089559398793e-02
2.720000000000000195e-01,-1.590000000000000024e-01,1.052132081663011143e-02
