-3.250000000000000111e-01,-5.500000000000000028e-02,1.000000000000000021e-03
-3.250000000000000111e-01,-5.500000000000000028e-02,1.000000000000000021e-02
-3.240000000000000102e-01,-5.500000000000000028e-02,1.799999999999999864e-02
-3.240000000000000102e-01,-5.500000000000000028e-02,-6.000000000000000125e-03
-3.240000000000000102e-01,-5.500000000000000028e-02,2.599999999999999881e-02
-3.230000000000000093e-01,-5.500000000000000028e-02,3.500000000000000333e-02
-3.230000000000000093e-01,-5.500000000000000028e-02,-1.400000000000000029e-02
-3.220000000000000084e-01,-5.500000000000000028e-02,-2.199999999999999872e-02
-3.210000000000000075e-01,-5.500000000000000028e-02,4.100000000000000172e-02
-3.200000000000000067e-01,-5.500000000000000028e-02,4.499999999999999833e-02
-3.190000000000000058e-01,-5.500000000000000028e-02,5.000000000000000278e-02
-3.160000000000000031e-01,-5.500000000000000028e-02,5.800000000000000294e-02
-3.140000000000000013e-01,-5.500000000000000028e-02,6.500000000000000222e-02
-3.119999999999999996e-01,-5.500000000000000028e-02,6.800000000000000488e-02
-3.079999999999999960e-01,-5.500000000000000028e-02,7.399999999999999634e-02
-3.049999999999999933e-01,-5.500000000000000028e-02,7.799999999999999989e-02
-3.039999999999999925e-01,-5.500000000000000028e-02,7.799999999999999989e-02
-2.999999999999999889e-01,-5.500000000000000028e-02,8.100000000000000255e-02
-2.959999999999999853e-01,-5.500000000000000028e-02,8.500000000000000611e-02
-2.919999999999999818e-01,-5.500000000000000028e-02,8.799999999999999489e-02
-2.849999999999999756e-01,-5.500000000000000028e-02,9.099999999999999756e-02
-2.819999999999999729e-01,-5.500000000000000028e-02,9.400000000000000022e-02
-2.770000000000000240e-01,-5.500000000000000028e-02,9.800000000000000377e-02
-2.730000000000000204e-01,-5.500000000000000028e-02,1.069999999999999979e-01
-2.720000000000000195e-01,-5.500000000000000028e-02,1.049999999999999961e-01
-2.720000000000000195e-01,-5.500000000000000028e-02,1.000000000000000056e-01
-2.700000000000000178e-01,-5.500000000000000028e-02,1.150000000000000050e-01
-2.600000000000000089e-01,-5.500000000000000028e-02,1.150000000000000050e-01
-2.520000000000000018e-01,-5.500000000000000028e-02,1.150000000000000050e-01
-2.429999999999999938e-01,-5.500000000000000028e-02,1.140000000000000041e-01
-2.419999999999999929e-01,-5.500000000000000028e-02,1.059999999999999970e-01
-2.409999999999999920e-01,-5.500000000000000028e-02,1.019999999999999934e-01
-2.369999999999999885e-01,-5.500000000000000028e-02,9.900000000000000466e-02
-2.310000000000000109e-01,-5.500000000000000028e-02,9.500000000000000111e-02
-2.290000000000000091e-01,-5.500000000000000028e-02,8.999999999999999667e-02
-2.270000000000000073e-01,-5.500000000000000028e-02,8.300000000000000433e-02
-2.220000000000000029e-01,-5.500000000000000028e-02,8.000000000000000167e-02
-2.179999999999999993e-01,-5.500000000000000028e-02,7.799999999999999989e-02
-2.129999999999999949e-01,-5.500000000000000028e-02,7.699999999999999900e-02
-2.049999999999999878e-01,-5.500000000000000028e-02,7.499999999999999722e-02
-1.970000000000000084e-01,-5.500000000000000028e-02,7.399999999999999634e-02
-1.890000000000000013e-01,-5.500000000000000028e-02,7.299999999999999545e-02
-1.799999999999999933e-01,-5.500000000000000028e-02,7.199999999999999456e-02
-1.719999999999999862e-01,-5.500000000000000028e-02,7.000000000000000666e-02
-1.640000000000000069e-01,-5.500000000000000028e-02,7.000000000000000666e-02
-1.570000000000000007e-01,-5.500000000000000028e-02,7.000000000000000666e-02
-1.539999999999999980e-01,-5.500000000000000028e-02,7.000000000000000666e-02
-1.489999999999999936e-01,-5.500000000000000028e-02,7.000000000000000666e-02
-1.400000000000000133e-01,-5.500000000000000028e-02,7.199999999999999456e-02
-1.330000000000000071e-01,-5.500000000000000028e-02,7.499999999999999722e-02
-1.250000000000000000e-01,-5.500000000000000028e-02,8.000000000000000167e-02
-1.250000000000000000e-01,-5.500000000000000028e-02,7.499999999999999722e-02
-1.170000000000000068e-01,-5.500000000000000028e-02,8.000000000000000167e-02
-1.170000000000000068e-01,-5.500000000000000028e-02,7.699999999999999900e-02
-1.089999999999999997e-01,-5.500000000000000028e-02,7.699999999999999900e-02
-1.089999999999999997e-01,-5.500000000000000028e-02,8.000000000000000167e-02
-1.010000000000000064e-01,-5.500000000000000028e-02,8.000000000000000167e-02
-9.199999999999999845e-02,-5.500000000000000028e-02,8.000000000000000167e-02
-8.400000000000000522e-02,-5.500000000000000028e-02,8.200000000000000344e-02
-8.000000000000000167e-02,-5.500000000000000028e-02,8.500000000000000611e-02
-7.699999999999999900e-02,-5.500000000000000028e-02,8.999999999999999667e-02
-7.499999999999999722e-02,-5.500000000000000028e-02,9.500000000000000111e-02
-6.900000000000000577e-02,-5.500000000000000028e-02,9.800000000000000377e-02
-6.600000000000000311e-02,-5.500000000000000028e-02,1.049999999999999961e-01
-6.199999999999999956e-02,-5.500000000000000028e-02,1.059999999999999970e-01
-5.800000000000000294e-02,-5.500000000000000028e-02,9.700000000000000289e-02
-5.600000000000000117e-02,-5.500000000000000028e-02,9.400000000000000022e-02
-5.299999999999999850e-02,-5.500000000000000028e-02,9.199999999999999845e-02
-4.599999999999999922e-02,-5.500000000000000028e-02,8.899999999999999578e-02
-3.699999999999999817e-02,-5.500000000000000028e-02,8.699999999999999400e-02
-3.200000000000000067e-02,-5.500000000000000028e-02,8.599999999999999312e-02
-2.999999999999999889e-02,-5.500000000000000028e-02,8.599999999999999312e-02
-2.800000000000000058e-02,-5.500000000000000028e-02,8.599999999999999312e-02
-2.100000000000000130e-02,-5.500000000000000028e-02,8.500000000000000611e-02
-1.299999999999999940e-02,-5.500000000000000028e-02,8.500000000000000611e-02
-5.000000000000000104e-03,-5.500000000000000028e-02,8.500000000000000611e-02
3.000000000000000062e-03,-5.500000000000000028e-02,8.500000000000000611e-02
5.000000000000000104e-03,-5.500000000000000028e-02,8.599999999999999312e-02
1.200000000000000025e-02,-5.500000000000000028e-02,8.599999999999999312e-02
1.200000000000000025e-02,-5.500000000000000028e-02,8.599999999999999312e-02
1.899999999999999953e-02,-5.500000000000000028e-02,8.599999999999999312e-02
2.000000000000000042e-02,-5.500000000000000028e-02,8.500000000000000611e-02
2.699999999999999969e-02,-5.500000000000000028e-02,8.500000000000000611e-02
3.500000000000000333e-02,-5.500000000000000028e-02,8.500000000000000611e-02
3.899999999999999994e-02,-5.500000000000000028e-02,9.600000000000000200e-02
4.000000000000000083e-02,-5.500000000000000028e-02,8.899999999999999578e-02
4.000000000000000083e-02,-5.500000000000000028e-02,8.500000000000000611e-02
4.200000000000000261e-02,-5.500000000000000028e-02,9.700000000000000289e-02
5.099999999999999672e-02,-5.500000000000000028e-02,9.700000000000000289e-02
5.899999999999999689e-02,-5.500000000000000028e-02,9.700000000000000289e-02
6.700000000000000400e-02,-5.500000000000000028e-02,9.700000000000000289e-02
7.499999999999999722e-02,-5.500000000000000028e-02,9.800000000000000377e-02
8.000000000000000167e-02,-5.500000000000000028e-02,9.600000000000000200e-02
8.100000000000000255e-02,-5.500000000000000028e-02,8.999999999999999667e-02
8.200000000000000344e-02,-5.500000000000000028e-02,8.400000000000000522e-02
9.099999999999999756e-02,-5.500000000000000028e-02,8.100000000000000255e-02
9.800000000000000377e-02,-5.500000000000000028e-02,7.900000000000000078e-02
1.010000000000000064e-01,-5.500000000000000028e-02,7.699999999999999900e-02
1.079999999999999988e-01,-5.500000000000000028e-02,7.499999999999999722e-02
1.160000000000000059e-01,-5.500000000000000028e-02,7.199999999999999456e-02
1.229999999999999982e-01,-5.500000000000000028e-02,7.099999999999999367e-02
1.250000000000000000e-01,-5.500000000000000028e-02,7.000000000000000666e-02
1.310000000000000053e-01,-5.500000000000000028e-02,7.299999999999999545e-02
1.380000000000000115e-01,-5.500000000000000028e-02,7.399999999999999634e-02
1.419999999999999873e-01,-5.500000000000000028e-02,6.700000000000000400e-02
1.469999999999999918e-01,-5.500000000000000028e-02,6.400000000000000133e-02
1.559999999999999998e-01,-5.500000000000000028e-02,6.300000000000000044e-02
1.640000000000000069e-01,-5.500000000000000028e-02,6.400000000000000133e-02
1.690000000000000113e-01,-5.500000000000000028e-02,6.900000000000000577e-02
1.729999999999999871e-01,-5.500000000000000028e-02,7.099999999999999367e-02
1.739999999999999880e-01,-5.500000000000000028e-02,7.000000000000000666e-02
1.759999999999999898e-01,-5.500000000000000028e-02,7.000000000000000666e-02
1.779999999999999916e-01,-5.500000000000000028e-02,7.099999999999999367e-02
1.809999999999999942e-01,-5.500000000000000028e-02,6.600000000000000311e-02
1.839999999999999969e-01,-5.500000000000000028e-02,6.199999999999999956e-02
1.869999999999999996e-01,-5.500000000000000028e-02,5.899999999999999689e-02
1.950000000000000067e-01,-5.500000000000000028e-02,5.700000000000000205e-02
2.030000000000000138e-01,-5.500000000000000028e-02,5.700000000000000205e-02
2.119999999999999940e-01,-5.500000000000000028e-02,5.899999999999999689e-02
2.159999999999999976e-01,-5.500000000000000028e-02,6.099999999999999867e-02
2.179999999999999993e-01,-5.500000000000000028e-02,6.600000000000000311e-02
2.190000000000000002e-01,-5.500000000000000028e-02,7.399999999999999634e-02
2.200000000000000011e-01,-5.500000000000000028e-02,8.100000000000000255e-02
2.270000000000000073e-01,-5.500000000000000028e-02,8.200000000000000344e-02
2.359999999999999876e-01,-5.500000000000000028e-02,8.200000000000000344e-02
2.439999999999999947e-01,-5.500000000000000028e-02,8.200000000000000344e-02
2.520000000000000018e-01,-5.500000000000000028e-02,8.200000000000000344e-02
2.600000000000000089e-01,-5.500000000000000028e-02,8.300000000000000433e-02
2.670000000000000151e-01,-5.500000000000000028e-02,8.200000000000000344e-02
2.740000000000000213e-01,-5.500000000000000028e-02,8.200000000000000344e-02
2.819999999999999729e-01,-5.500000000000000028e-02,8.200000000000000344e-02
2.829999999999999738e-01,-5.500000000000000028e-02,7.299999999999999545e-02
2.849999999999999756e-01,-5.500000000000000028e-02,6.700000000000000400e-02
2.869999999999999774e-01,-5.500000000000000028e-02,6.199999999999999956e-02
2.889999999999999791e-01,-5.500000000000000028e-02,6.400000000000000133e-02
2.909999999999999809e-01,-5.500000000000000028e-02,5.800000000000000294e-02
2.929999999999999827e-01,-5.500000000000000028e-02,5.000000000000000278e-02
2.939999999999999836e-01,-5.500000000000000028e-02,4.499999999999999833e-02
2.959999999999999853e-01,-5.500000000000000028e-02,3.300000000000000155e-02
2.969999999999999862e-01,-5.500000000000000028e-02,3.300000000000000155e-02
2.969999999999999862e-01,-5.500000000000000028e-02,4.200000000000000261e-02
2.989999999999999880e-01,-5.500000000000000028e-02,1.700000000000000122e-02
2.989999999999999880e-01,-5.500000000000000028e-02,2.699999999999999969e-02
2.999999999999999889e-01,-5.500000000000000028e-02,1.099999999999999936e-02
3.009999999999999898e-01,-5.500000000000000028e-02,1.000000000000000021e-03
3.019999999999999907e-01,-5.500000000000000028e-02,-1.400000000000000029e-02
3.019999999999999907e-01,-5.500000000000000028e-02,-5.000000000000000104e-03
3.029999999999999916e-01,-5.500000000000000028e-02,-7.000000000000000146e-03
3.029999999999999916e-01,-5.500000000000000028e-02,-2.199999999999999872e-02
3.039999999999999925e-01,-5.500000000000000028e-02,-2.199999999999999872e-02
