-1.600000000000000089e+00,4.329999999999999960e-01,0.000000000000000000e+00
-1.597497461928934159e+00,4.329999999999999960e-01,0.000000000000000000e+00
-1.594994923857868008e+00,4.329999999999999960e-01,0.000000000000000000e+00
-1.592492385786802078e+00,4.329999999999999960e-01,0.000000000000000000e+00
-1.589989847715736149e+00,4.329999999999999960e-01,0.000000000000000000e+00
-1.587487309644670219e+00,4.329999999999999960e-01,0.000000000000000000e+00
-1.584984771573604068e+00,4.329999999999999960e-01,0.000000000000000000e+00
-1.582482233502538138e+00,4.329999999999999960e-01,0.000000000000000000e+00
-1.579979695431472209e+00,4.329999999999999960e-01,0.000000000000000000e+00
-1.577477157360406279e+00,4.329999999999999960e-01,0.000000000000000000e+00
-1.574974619289340128e+00,4.329999999999999960e-01,0.000000000000000000e+00
-1.572472081218274198e+00,4.329999999999999960e-01,0.000000000000000000e+00
-1.569969543147208269e+00,4.329999999999999960e-01,0.000000000000000000e+00
-1.567467005076142117e+00,4.329999999999999960e-01,0.000000000000000000e+00
-1.564964467005076187e+00,4.329999999999999960e-01,0.000000000000000000e+00
-1.562461928934010258e+00,4.329999999999999960e-01,0.000000000000000000e+00
-1.559959390862944328e+00,4.329999999999999960e-01,0.000000000000000000e+00
-1.557456852791878177e+00,4.329999999999999960e-01,0.000000000000000000e+00
-1.554954314720812247e+00,4.329999999999999960e-01,0.000000000000000000e+00
-1.552451776649746318e+00,4.329999999999999960e-01,0.000000000000000000e+00
-1.549949238578680388e+00,4.329999999999999960e-01,0.000000000000000000e+00
-1.547446700507614237e+00,4.329999999999999960e-01,0.000000000000000000e+00
-1.544944162436548307e+00,4.329999999999999960e-01,0.000000000000000000e+00
-1.542441624365482378e+00,4.329999999999999960e-01,0.000000000000000000e+00
-1.539939086294416448e+00,4.329999999999999960e-01,0.000000000000000000e+00
-1.537436548223350297e+00,4.329999999999999960e-01,0.000000000000000000e+00
-1.534934010152284367e+00,4.329999999999999960e-01,0.000000000000000000e+00
-1.532431472081218438e+00,4.329999999999999960e-01,0.000000000000000000e+00
-1.529928934010152286e+00,4.329999999999999960e-01,0.000000000000000000e+00
-1.527426395939086357e+00,4.329999999999999960e-01,0.000000000000000000e+00
-1.524923857868020427e+00,4.329999999999999960e-01,0.000000000000000000e+00
-1.522421319796954498e+00,4.329999999999999960e-01,0.000000000000000000e+00
-1.519918781725888346e+00,4.329999999999999960e-01,0.000000000000000000e+00
-1.517416243654822416e+00,4.329999999999999960e-01,0.000000000000000000e+00
-1.514913705583756487e+00,4.329999999999999960e-01,0.000000000000000000e+00
-1.512411167512690557e+00,4.329999999999999960e-01,0.000000000000000000e+00
-1.509908629441624406e+00,4.329999999999999960e-01,0.000000000000000000e+00
-1.507406091370558476e+00,4.329999999999999960e-01,0.000000000000000000e+00
-1.504903553299492547e+00,4.329999999999999960e-01,0.000000000000000000e+00
-1.502401015228426395e+00,4.329999999999999960e-01,0.000000000000000000e+00
-1.499898477157360466e+00,4.329999999999999960e-01,0.000000000000000000e+00
-1.497395939086294536e+00,4.329999999999999960e-01,0.000000000000000000e+00
-1.494893401015228607e+00,4.329999999999999960e-01,0.000000000000000000e+00
-1.492390862944162455e+00,4.329999999999999960e-01,0.000000000000000000e+00
-1.489888324873096526e+00,4.329999999999999960e-01,0.000000000000000000e+00
-1.487385786802030596e+00,4.329999999999999960e-01,0.000000000000000000e+00
-1.484883248730964667e+00,4.329999999999999960e-01,0.000000000000000000e+00
-1.482380710659898515e+00,4.329999999999999960e-01,0.000000000000000000e+00
-1.479878172588832586e+00,4.329999999999999960e-01,0.000000000000000000e+00
-1.477375634517766656e+00,4.329999999999999960e-01,0.000000000000000000e+00
-1.474873096446700504e+00,4.329999999999999960e-01,0.000000000000000000e+00
-1.472370558375634575e+00,4.329999999999999960e-01,0.000000000000000000e+00
-1.469868020304568645e+00,4.329999999999999960e-01,0.000000000000000000e+00
-1.467365482233502716e+00,4.329999999999999960e-01,0.000000000000000000e+00
-1.464862944162436564e+00,4.329999999999999960e-01,0.000000000000000000e+00
-1.462360406091370635e+00,4.329999999999999960e-01,0.000000000000000000e+00
-1.459857868020304705e+00,4.329999999999999960e-01,0.000000000000000000e+00
-1.457355329949238776e+00,4.329999999999999960e-01,0.000000000000000000e+00
-1.454852791878172624e+00,4.329999999999999960e-01,0.000000000000000000e+00
-1.452350253807106695e+00,4.329999999999999960e-01,0.000000000000000000e+00
-1.449847715736040765e+00,4.329999999999999960e-01,0.000000000000000000e+00
-1.447345177664974614e+00,4.329999999999999960e-01,0.000000000000000000e+00
-1.444842639593908684e+00,4.329999999999999960e-01,0.000000000000000000e+00
-1.442340101522842755e+00,4.329999999999999960e-01,0.000000000000000000e+00
-1.439837563451776825e+00,4.329999999999999960e-01,0.000000000000000000e+00
-1.437335025380710674e+00,4.329999999999999960e-01,0.000000000000000000e+00
-1.434832487309644744e+00,4.329999999999999960e-01,0.000000000000000000e+00
-1.432329949238578815e+00,4.329999999999999960e-01,0.000000000000000000e+00
-1.429827411167512885e+00,4.329999999999999960e-01,0.000000000000000000e+00
-1.427324873096446733e+00,4.329999999999999960e-01,0.000000000000000000e+00
-1.424822335025380804e+00,4.329999999999999960e-01,0.000000000000000000e+00
-1.422319796954314874e+00,4.329999999999999960e-01,0.000000000000000000e+00
-1.419817258883248723e+00,4.329999999999999960e-01,0.000000000000000000e+00
-1.417314720812182793e+00,4.329999999999999960e-01,0.000000000000000000e+00
-1.414812182741116864e+00,4.329999999999999960e-01,0.000000000000000000e+00
-1.412309644670050934e+00,4.329999999999999960e-01,0.000000000000000000e+00
-1.409807106598984783e+00,4.329999999999999960e-01,0.000000000000000000e+00
-1.407304568527918853e+00,4.329999999999999960e-01,0.000000000000000000e+00
-1.404802030456852924e+00,4.329999999999999960e-01,0.000000000000000000e+00
-1.402299492385786994e+00,4.329999999999999960e-01,0.000000000000000000e+00
-1.399796954314720843e+00,4.329999999999999960e-01,0.000000000000000000e+00
-1.397294416243654913e+00,4.329999999999999960e-01,0.000000000000000000e+00
-1.394791878172588984e+00,4.329999999999999960e-01,0.000000000000000000e+00
-1.392289340101522832e+00,4.329999999999999960e-01,0.000000000000000000e+00
-1.389786802030456903e+00,4.329999999999999960e-01,0.000000000000000000e+00
-1.387284263959390973e+00,4.329999999999999960e-01,0.000000000000000000e+00
-1.384781725888325044e+00,4.329999999999999960e-01,0.000000000000000000e+00
-1.382279187817258892e+00,4.329999999999999960e-01,0.000000000000000000e+00
-1.379776649746192962e+00,4.329999999999999960e-01,0.000000000000000000e+00
-1.377274111675127033e+00,4.329999999999999960e-01,0.000000000000000000e+00
-1.374771573604061103e+00,4.329999999999999960e-01,0.000000000000000000e+00
-1.372269035532994952e+00,4.329999999999999960e-01,0.000000000000000000e+00
-1.369766497461929022e+00,4.329999999999999960e-01,0.000000000000000000e+00
-1.367263959390863093e+00,4.329999999999999960e-01,0.000000000000000000e+00
-1.364761421319796941e+00,4.329999999999999960e-01,0.000000000000000000e+00
-1.362258883248731012e+00,4.329999999999999960e-01,0.000000000000000000e+00
-1.359756345177665082e+00,4.329999999999999960e-01,0.000000000000000000e+00
-1.357253807106599153e+00,4.329999999999999960e-01,0.000000000000000000e+00
-1.354751269035533001e+00,4.329999999999999960e-01,0.000000000000000000e+00
-1.352248730964467072e+00,4.329999999999999960e-01,0.000000000000000000e+00
-1.349746192893401142e+00,4.329999999999999960e-01,0.000000000000000000e+00
-1.347243654822335213e+00,4.329999999999999960e-01,0.000000000000000000e+00
-1.344741116751269061e+00,4.329999999999999960e-01,0.000000000000000000e+00
-1.342238578680203132e+00,4.329999999999999960e-01,0.000000000000000000e+00
-1.339736040609137202e+00,4.329999999999999960e-01,0.000000000000000000e+00
-1.337233502538071050e+00,4.329999999999999960e-01,0.000000000000000000e+00
-1.334730964467005121e+00,4.329999999999999960e-01,0.000000000000000000e+00
-1.332228426395939191e+00,4.329999999999999960e-01,0.000000000000000000e+00
-1.329725888324873262e+00,4.329999999999999960e-01,0.000000000000000000e+00
-1.327223350253807332e+00,4.329999999999999960e-01,0.000000000000000000e+00
-1.324720812182741181e+00,4.329999999999999960e-01,0.000000000000000000e+00
-1.322218274111675251e+00,4.329999999999999960e-01,0.000000000000000000e+00
-1.319715736040609322e+00,4.329999999999999960e-01,0.000000000000000000e+00
-1.317213197969543170e+00,4.329999999999999960e-01,0.000000000000000000e+00
-1.314710659898477241e+00,4.329999999999999960e-01,0.000000000000000000e+00
-1.312208121827411311e+00,4.329999999999999960e-01,0.000000000000000000e+00
-1.309705583756345160e+00,4.329999999999999960e-01,0.000000000000000000e+00
-1.307203045685279230e+00,4.329999999999999960e-01,0.000000000000000000e+00
-1.304700507614213301e+00,4.329999999999999960e-01,0.000000000000000000e+00
-1.302197969543147371e+00,4.329999999999999960e-01,0.000000000000000000e+00
-1.299695431472081442e+00,4.329999999999999960e-01,0.000000000000000000e+00
-1.297192893401015290e+00,4.329999999999999960e-01,0.000000000000000000e+00
-1.294690355329949361e+00,4.329999999999999960e-01,0.000000000000000000e+00
-1.292187817258883431e+00,4.329999999999999960e-01,0.000000000000000000e+00
-1.289685279187817279e+00,4.329999999999999960e-01,0.000000000000000000e+00
-1.287182741116751350e+00,4.329999999999999960e-01,0.000000000000000000e+00
-1.284680203045685420e+00,4.329999999999999960e-01,0.000000000000000000e+00
-1.282177664974619269e+00,4.329999999999999960e-01,0.000000000000000000e+00
-1.279675126903553339e+00,4.329999999999999960e-01,0.000000000000000000e+00
-1.277172588832487410e+00,4.329999999999999960e-01,0.000000000000000000e+00
-1.274670050761421480e+00,4.329999999999999960e-01,0.000000000000000000e+00
-1.272167512690355551e+00,4.329999999999999960e-01,0.000000000000000000e+00
-1.269664974619289399e+00,4.329999999999999960e-01,0.000000000000000000e+00
-1.267162436548223470e+00,4.329999999999999960e-01,0.000000000000000000e+00
-1.264659898477157540e+00,4.329999999999999960e-01,0.000000000000000000e+00
-1.262157360406091389e+00,4.329999999999999960e-01,0.000000000000000000e+00
-1.259654822335025459e+00,4.329999999999999960e-01,0.000000000000000000e+00
-1.257152284263959530e+00,4.329999999999999960e-01,0.000000000000000000e+00
-1.254649746192893378e+00,4.329999999999999960e-01,0.000000000000000000e+00
-1.252147208121827449e+00,4.329999999999999960e-01,0.000000000000000000e+00
-1.249644670050761519e+00,4.329999999999999960e-01,0.000000000000000000e+00
-1.247142131979695590e+00,4.329999999999999960e-01,0.000000000000000000e+00
-1.244639593908629660e+00,4.329999999999999960e-01,0.000000000000000000e+00
-1.242137055837563508e+00,4.329999999999999960e-01,0.000000000000000000e+00
-1.239634517766497579e+00,4.329999999999999960e-01,0.000000000000000000e+00
-1.237131979695431649e+00,4.329999999999999960e-01,0.000000000000000000e+00
-1.234629441624365498e+00,4.329999999999999960e-01,0.000000000000000000e+00
-1.232126903553299568e+00,4.329999999999999960e-01,0.000000000000000000e+00
-1.229624365482233639e+00,4.329999999999999960e-01,0.000000000000000000e+00
-1.227121827411167487e+00,4.329999999999999960e-01,0.000000000000000000e+00
-1.224619289340101558e+00,4.329999999999999960e-01,0.000000000000000000e+00
-1.222116751269035628e+00,4.329999999999999960e-01,0.000000000000000000e+00
-1.219614213197969699e+00,4.329999999999999960e-01,0.000000000000000000e+00
-1.217111675126903769e+00,4.329999999999999960e-01,0.000000000000000000e+00
-1.214609137055837618e+00,4.329999999999999960e-01,0.000000000000000000e+00
-1.212106598984771688e+00,4.329999999999999960e-01,0.000000000000000000e+00
-1.209604060913705759e+00,4.329999999999999960e-01,0.000000000000000000e+00
-1.207101522842639607e+00,4.329999999999999960e-01,0.000000000000000000e+00
-1.204598984771573678e+00,4.329999999999999960e-01,0.000000000000000000e+00
-1.202096446700507748e+00,4.329999999999999960e-01,0.000000000000000000e+00
-1.199593908629441597e+00,4.329999999999999960e-01,0.000000000000000000e+00
-1.197091370558375667e+00,4.329999999999999960e-01,0.000000000000000000e+00
-1.194588832487309737e+00,4.329999999999999960e-01,0.000000000000000000e+00
-1.192086294416243808e+00,4.329999999999999960e-01,0.000000000000000000e+00
-1.189583756345177878e+00,4.329999999999999960e-01,0.000000000000000000e+00
-1.187081218274111727e+00,4.329999999999999960e-01,0.000000000000000000e+00
-1.184578680203045797e+00,4.329999999999999960e-01,0.000000000000000000e+00
-1.182076142131979868e+00,4.329999999999999960e-01,0.000000000000000000e+00
-1.179573604060913716e+00,4.329999999999999960e-01,0.000000000000000000e+00
-1.177071065989847787e+00,4.329999999999999960e-01,0.000000000000000000e+00
-1.174568527918781857e+00,4.329999999999999960e-01,0.000000000000000000e+00
-1.172065989847715706e+00,4.329999999999999960e-01,0.000000000000000000e+00
-1.169563451776649776e+00,4.329999999999999960e-01,0.000000000000000000e+00
-1.167060913705583847e+00,4.329999999999999960e-01,0.000000000000000000e+00
-1.164558375634517917e+00,4.329999999999999960e-01,0.000000000000000000e+00
-1.162055837563451988e+00,4.329999999999999960e-01,0.000000000000000000e+00
-1.159553299492385836e+00,4.329999999999999960e-01,0.000000000000000000e+00
-1.157050761421319907e+00,4.329999999999999960e-01,0.000000000000000000e+00
-1.154548223350253977e+00,4.329999999999999960e-01,0.000000000000000000e+00
-1.152045685279187826e+00,4.329999999999999960e-01,0.000000000000000000e+00
-1.149543147208121896e+00,4.329999999999999960e-01,0.000000000000000000e+00
-1.147040609137055966e+00,4.329999999999999960e-01,0.000000000000000000e+00
-1.144538071065989815e+00,4.329999999999999960e-01,0.000000000000000000e+00
-1.142035532994923885e+00,4.329999999999999960e-01,0.000000000000000000e+00
-1.139532994923857956e+00,4.329999999999999960e-01,0.000000000000000000e+00
-1.137030456852792026e+00,4.329999999999999960e-01,0.000000000000000000e+00
-1.134527918781726097e+00,4.329999999999999960e-01,0.000000000000000000e+00
-1.132025380710659945e+00,4.329999999999999960e-01,0.000000000000000000e+00
-1.129522842639594016e+00,4.329999999999999960e-01,0.000000000000000000e+00
-1.127020304568528086e+00,4.329999999999999960e-01,0.000000000000000000e+00
-1.124517766497461935e+00,4.329999999999999960e-01,0.000000000000000000e+00
-1.122015228426396005e+00,4.329999999999999960e-01,0.000000000000000000e+00
-1.119512690355330076e+00,4.329999999999999960e-01,0.000000000000000000e+00
-1.117010152284263924e+00,4.329999999999999960e-01,0.000000000000000000e+00
-1.114507614213197995e+00,4.329999999999999960e-01,0.000000000000000000e+00
-1.112005076142132065e+00,4.329999999999999960e-01,0.000000000000000000e+00
-1.109502538071066136e+00,4.329999999999999960e-01,0.000000000000000000e+00
-1.107000000000000206e+00,4.329999999999999960e-01,0.000000000000000000e+00
-1.104497461928934054e+00,4.329999999999999960e-01,0.000000000000000000e+00
-1.101994923857868125e+00,4.329999999999999960e-01,0.000000000000000000e+00
-1.099492385786802195e+00,4.329999999999999960e-01,0.000000000000000000e+00
-1.096989847715736044e+00,4.329999999999999960e-01,0.000000000000000000e+00
-1.094487309644670114e+00,4.329999999999999960e-01,0.000000000000000000e+00
-1.091984771573604185e+00,4.329999999999999960e-01,0.000000000000000000e+00
-1.089482233502538033e+00,4.329999999999999960e-01,0.000000000000000000e+00
-1.086979695431472326e+00,4.329999999999999960e-01,0.000000000000000000e+00
-1.084477157360406174e+00,4.329999999999999960e-01,0.000000000000000000e+00
-1.081974619289340245e+00,4.329999999999999960e-01,0.000000000000000000e+00
-1.079472081218274315e+00,4.329999999999999960e-01,0.000000000000000000e+00
-1.076969543147208164e+00,4.329999999999999960e-01,0.000000000000000000e+00
-1.074467005076142234e+00,4.329999999999999960e-01,0.000000000000000000e+00
-1.071964467005076305e+00,4.329999999999999960e-01,0.000000000000000000e+00
-1.069461928934010153e+00,4.329999999999999960e-01,0.000000000000000000e+00
-1.066959390862944224e+00,4.329999999999999960e-01,0.000000000000000000e+00
-1.064456852791878294e+00,4.329999999999999960e-01,0.000000000000000000e+00
-1.061954314720812143e+00,4.329999999999999960e-01,0.000000000000000000e+00
-1.059451776649746435e+00,4.329999999999999960e-01,0.000000000000000000e+00
-1.056949238578680283e+00,4.329999999999999960e-01,0.000000000000000000e+00
-1.054446700507614354e+00,4.329999999999999960e-01,0.000000000000000000e+00
-1.051944162436548424e+00,4.329999999999999960e-01,0.000000000000000000e+00
-1.049441624365482273e+00,4.329999999999999960e-01,0.000000000000000000e+00
-1.046939086294416343e+00,4.329999999999999960e-01,0.000000000000000000e+00
-1.044436548223350414e+00,4.329999999999999960e-01,0.000000000000000000e+00
-1.041934010152284262e+00,4.329999999999999960e-01,0.000000000000000000e+00
-1.039431472081218333e+00,4.329999999999999960e-01,0.000000000000000000e+00
-1.036928934010152403e+00,4.329999999999999960e-01,0.000000000000000000e+00
-1.034426395939086252e+00,4.329999999999999960e-01,0.000000000000000000e+00
-1.031923857868020544e+00,4.329999999999999960e-01,0.000000000000000000e+00
-1.029421319796954393e+00,4.329999999999999960e-01,0.000000000000000000e+00
-1.026918781725888463e+00,4.329999999999999960e-01,0.000000000000000000e+00
-1.024416243654822534e+00,4.329999999999999960e-01,0.000000000000000000e+00
-1.021913705583756382e+00,4.329999999999999960e-01,0.000000000000000000e+00
-1.019411167512690453e+00,4.329999999999999960e-01,0.000000000000000000e+00
-1.016908629441624523e+00,4.329999999999999960e-01,0.000000000000000000e+00
-1.014406091370558372e+00,4.329999999999999960e-01,0.000000000000000000e+00
-1.011903553299492442e+00,4.329999999999999960e-01,0.000000000000000000e+00
-1.009401015228426512e+00,4.329999999999999960e-01,0.000000000000000000e+00
-1.006898477157360361e+00,4.329999999999999960e-01,0.000000000000000000e+00
-1.004395939086294653e+00,4.329999999999999960e-01,0.000000000000000000e+00
-1.001893401015228502e+00,4.329999999999999960e-01,0.000000000000000000e+00
-9.993908629441625724e-01,4.329999999999999960e-01,0.000000000000000000e+00
-9.968883248730965319e-01,4.329999999999999960e-01,0.000000000000000000e+00
-9.943857868020306023e-01,4.329999999999999960e-01,0.000000000000000000e+00
-9.918832487309645618e-01,4.329999999999999960e-01,0.000000000000000000e+00
-9.893807106598986323e-01,4.329999999999999960e-01,0.000000000000000000e+00
-9.868781725888325917e-01,4.329999999999999960e-01,0.000000000000000000e+00
-9.843756345177665512e-01,4.329999999999999960e-01,0.000000000000000000e+00
-9.818730964467006217e-01,4.329999999999999960e-01,0.000000000000000000e+00
-9.793705583756345812e-01,4.329999999999999960e-01,0.000000000000000000e+00
-9.768680203045686516e-01,4.329999999999999960e-01,0.000000000000000000e+00
-9.743654822335026111e-01,4.329999999999999960e-01,0.000000000000000000e+00
-9.718629441624366816e-01,4.329999999999999960e-01,0.000000000000000000e+00
-9.693604060913706411e-01,4.329999999999999960e-01,0.000000000000000000e+00
-9.668578680203047115e-01,4.329999999999999960e-01,0.000000000000000000e+00
-9.643553299492386710e-01,4.329999999999999960e-01,0.000000000000000000e+00
-9.618527918781727415e-01,4.329999999999999960e-01,0.000000000000000000e+00
-9.593502538071067010e-01,4.329999999999999960e-01,0.000000000000000000e+00
-9.568477157360406604e-01,4.329999999999999960e-01,0.000000000000000000e+00
-9.543451776649747309e-01,4.329999999999999960e-01,0.000000000000000000e+00
-9.518426395939086904e-01,4.329999999999999960e-01,0.000000000000000000e+00
-9.493401015228427609e-01,4.329999999999999960e-01,0.000000000000000000e+00
-9.468375634517767203e-01,4.329999999999999960e-01,0.000000000000000000e+00
-9.443350253807107908e-01,4.329999999999999960e-01,0.000000000000000000e+00
-9.418324873096447503e-01,4.329999999999999960e-01,0.000000000000000000e+00
-9.393299492385788207e-01,4.329999999999999960e-01,0.000000000000000000e+00
-9.368274111675127802e-01,4.329999999999999960e-01,0.000000000000000000e+00
-9.343248730964468507e-01,4.329999999999999960e-01,0.000000000000000000e+00
-9.318223350253808102e-01,4.329999999999999960e-01,0.000000000000000000e+00
-9.293197969543147696e-01,4.329999999999999960e-01,0.000000000000000000e+00
-9.268172588832488401e-01,4.329999999999999960e-01,0.000000000000000000e+00
-9.243147208121827996e-01,4.329999999999999960e-01,0.000000000000000000e+00
-9.218121827411168701e-01,4.329999999999999960e-01,0.000000000000000000e+00
-9.193096446700508295e-01,4.329999999999999960e-01,0.000000000000000000e+00
-9.168071065989849000e-01,4.329999999999999960e-01,0.000000000000000000e+00
-9.143045685279188595e-01,4.329999999999999960e-01,0.000000000000000000e+00
-9.118020304568529300e-01,4.329999999999999960e-01,0.000000000000000000e+00
-9.092994923857868894e-01,4.329999999999999960e-01,0.000000000000000000e+00
-9.067969543147209599e-01,4.329999999999999960e-01,0.000000000000000000e+00
-9.042944162436549194e-01,4.329999999999999960e-01,0.000000000000000000e+00
-9.017918781725889898e-01,4.329999999999999960e-01,0.000000000000000000e+00
-8.992893401015229493e-01,4.329999999999999960e-01,0.000000000000000000e+00
-8.967868020304569088e-01,4.329999999999999960e-01,0.000000000000000000e+00
-8.942842639593909793e-01,4.329999999999999960e-01,0.000000000000000000e+00
-8.917817258883249387e-01,4.329999999999999960e-01,0.000000000000000000e+00
-8.892791878172590092e-01,4.329999999999999960e-01,0.000000000000000000e+00
-8.867766497461929687e-01,4.329999999999999960e-01,0.000000000000000000e+00
-8.842741116751270392e-01,4.329999999999999960e-01,0.000000000000000000e+00
-8.817715736040609986e-01,4.329999999999999960e-01,0.000000000000000000e+00
-8.792690355329950691e-01,4.329999999999999960e-01,0.000000000000000000e+00
-8.767664974619290286e-01,4.329999999999999960e-01,0.000000000000000000e+00
-8.742639593908630991e-01,4.329999999999999960e-01,0.000000000000000000e+00
-8.717614213197970585e-01,4.329999999999999960e-01,0.000000000000000000e+00
-8.692588832487310180e-01,4.329999999999999960e-01,0.000000000000000000e+00
-8.667563451776650885e-01,4.329999999999999960e-01,0.000000000000000000e+00
-8.642538071065990479e-01,4.329999999999999960e-01,0.000000000000000000e+00
-8.617512690355331184e-01,4.329999999999999960e-01,0.000000000000000000e+00
-8.592487309644670779e-01,4.329999999999999960e-01,0.000000000000000000e+00
-8.567461928934011484e-01,4.329999999999999960e-01,0.000000000000000000e+00
-8.542436548223351078e-01,4.329999999999999960e-01,0.000000000000000000e+00
-8.517411167512691783e-01,4.329999999999999960e-01,0.000000000000000000e+00
-8.492385786802031378e-01,4.329999999999999960e-01,0.000000000000000000e+00
-8.467360406091372083e-01,4.329999999999999960e-01,0.000000000000000000e+00
-8.442335025380711677e-01,4.329999999999999960e-01,0.000000000000000000e+00
-8.417309644670051272e-01,4.329999999999999960e-01,0.000000000000000000e+00
-8.392284263959391977e-01,4.329999999999999960e-01,0.000000000000000000e+00
-8.367258883248731571e-01,4.329999999999999960e-01,0.000000000000000000e+00
-8.342233502538072276e-01,4.329999999999999960e-01,0.000000000000000000e+00
-8.317208121827411871e-01,4.329999999999999960e-01,0.000000000000000000e+00
-8.292182741116752576e-01,4.329999999999999960e-01,0.000000000000000000e+00
-8.267157360406092170e-01,4.329999999999999960e-01,0.000000000000000000e+00
-8.242131979695432875e-01,4.329999999999999960e-01,0.000000000000000000e+00
-8.217106598984772470e-01,4.329999999999999960e-01,0.000000000000000000e+00
-8.192081218274113175e-01,4.329999999999999960e-01,0.000000000000000000e+00
-8.167055837563452769e-01,4.329999999999999960e-01,0.000000000000000000e+00
-8.142030456852793474e-01,4.329999999999999960e-01,0.000000000000000000e+00
-8.117005076142133069e-01,4.329999999999999960e-01,0.000000000000000000e+00
-8.091979695431472663e-01,4.329999999999999960e-01,0.000000000000000000e+00
-8.066954314720813368e-01,4.329999999999999960e-01,0.000000000000000000e+00
-8.041928934010152963e-01,4.329999999999999960e-01,0.000000000000000000e+00
-8.016903553299493668e-01,4.329999999999999960e-01,0.000000000000000000e+00
-7.991878172588833262e-01,4.329999999999999960e-01,0.000000000000000000e+00
-7.966852791878173967e-01,4.329999999999999960e-01,0.000000000000000000e+00
-7.941827411167513562e-01,4.329999999999999960e-01,0.000000000000000000e+00
-7.916802030456854267e-01,4.329999999999999960e-01,0.000000000000000000e+00
-7.891776649746193861e-01,4.329999999999999960e-01,0.000000000000000000e+00
-7.866751269035534566e-01,4.329999999999999960e-01,0.000000000000000000e+00
-7.841725888324874161e-01,4.329999999999999960e-01,0.000000000000000000e+00
-7.816700507614213755e-01,4.329999999999999960e-01,0.000000000000000000e+00
-7.791675126903554460e-01,4.329999999999999960e-01,0.000000000000000000e+00
-7.766649746192894055e-01,4.329999999999999960e-01,0.000000000000000000e+00
-7.741624365482234760e-01,4.329999999999999960e-01,0.000000000000000000e+00
-7.716598984771574354e-01,4.329999999999999960e-01,0.000000000000000000e+00
-7.691573604060915059e-01,4.329999999999999960e-01,0.000000000000000000e+00
-7.666548223350254654e-01,4.329999999999999960e-01,0.000000000000000000e+00
-7.641522842639595359e-01,4.329999999999999960e-01,0.000000000000000000e+00
-7.616497461928934953e-01,4.329999999999999960e-01,0.000000000000000000e+00
-7.591472081218275658e-01,4.329999999999999960e-01,0.000000000000000000e+00
-7.566446700507615253e-01,4.329999999999999960e-01,0.000000000000000000e+00
-7.541421319796954847e-01,4.329999999999999960e-01,0.000000000000000000e+00
-7.516395939086295552e-01,4.329999999999999960e-01,0.000000000000000000e+00
-7.491370558375635147e-01,4.329999999999999960e-01,0.000000000000000000e+00
-7.466345177664975852e-01,4.329999999999999960e-01,0.000000000000000000e+00
-7.441319796954315446e-01,4.329999999999999960e-01,0.000000000000000000e+00
-7.416294416243656151e-01,4.329999999999999960e-01,0.000000000000000000e+00
-7.391269035532995746e-01,4.329999999999999960e-01,0.000000000000000000e+00
-7.366243654822336451e-01,4.329999999999999960e-01,0.000000000000000000e+00
-7.341218274111676045e-01,4.329999999999999960e-01,0.000000000000000000e+00
-7.316192893401016750e-01,4.329999999999999960e-01,0.000000000000000000e+00
-7.291167512690356345e-01,4.329999999999999960e-01,0.000000000000000000e+00
-7.266142131979697050e-01,4.329999999999999960e-01,0.000000000000000000e+00
-7.241116751269036644e-01,4.329999999999999960e-01,0.000000000000000000e+00
-7.216091370558376239e-01,4.329999999999999960e-01,0.000000000000000000e+00
-7.191065989847716944e-01,4.329999999999999960e-01,0.000000000000000000e+00
-7.166040609137056538e-01,4.329999999999999960e-01,0.000000000000000000e+00
-7.141015228426397243e-01,4.329999999999999960e-01,0.000000000000000000e+00
-7.115989847715736838e-01,4.329999999999999960e-01,0.000000000000000000e+00
-7.090964467005077543e-01,4.329999999999999960e-01,0.000000000000000000e+00
-7.065939086294417137e-01,4.329999999999999960e-01,0.000000000000000000e+00
-7.040913705583757842e-01,4.329999999999999960e-01,0.000000000000000000e+00
-7.015888324873097437e-01,4.329999999999999960e-01,0.000000000000000000e+00
-6.990862944162438142e-01,4.329999999999999960e-01,0.000000000000000000e+00
-6.965837563451777736e-01,4.329999999999999960e-01,0.000000000000000000e+00
-6.940812182741117331e-01,4.329999999999999960e-01,0.000000000000000000e+00
-6.915786802030458036e-01,4.329999999999999960e-01,0.000000000000000000e+00
-6.890761421319797631e-01,4.329999999999999960e-01,0.000000000000000000e+00
-6.865736040609138335e-01,4.329999999999999960e-01,0.000000000000000000e+00
-6.840710659898477930e-01,4.329999999999999960e-01,0.000000000000000000e+00
-6.815685279187818635e-01,4.329999999999999960e-01,0.000000000000000000e+00
-6.790659898477158229e-01,4.329999999999999960e-01,0.000000000000000000e+00
-6.765634517766498934e-01,4.329999999999999960e-01,0.000000000000000000e+00
-6.740609137055838529e-01,4.329999999999999960e-01,0.000000000000000000e+00
-6.715583756345179234e-01,4.329999999999999960e-01,0.000000000000000000e+00
-6.690558375634518828e-01,4.329999999999999960e-01,0.000000000000000000e+00
-6.665532994923858423e-01,4.329999999999999960e-01,0.000000000000000000e+00
-6.640507614213199128e-01,4.329999999999999960e-01,0.000000000000000000e+00
-6.615482233502538723e-01,4.329999999999999960e-01,0.000000000000000000e+00
-6.590456852791879427e-01,4.329999999999999960e-01,0.000000000000000000e+00
-6.565431472081219022e-01,4.329999999999999960e-01,0.000000000000000000e+00
-6.540406091370559727e-01,4.329999999999999960e-01,0.000000000000000000e+00
-6.515380710659899322e-01,4.329999999999999960e-01,0.000000000000000000e+00
-6.490355329949240026e-01,4.329999999999999960e-01,0.000000000000000000e+00
-6.465329949238579621e-01,4.329999999999999960e-01,0.000000000000000000e+00
-6.440304568527920326e-01,4.329999999999999960e-01,0.000000000000000000e+00
-6.415279187817259920e-01,4.329999999999999960e-01,0.000000000000000000e+00
-6.390253807106600625e-01,4.329999999999999960e-01,0.000000000000000000e+00
-6.365228426395940220e-01,4.329999999999999960e-01,0.000000000000000000e+00
-6.340203045685279815e-01,4.329999999999999960e-01,0.000000000000000000e+00
-6.315177664974620519e-01,4.329999999999999960e-01,0.000000000000000000e+00
-6.290152284263960114e-01,4.329999999999999960e-01,0.000000000000000000e+00
-6.265126903553300819e-01,4.329999999999999960e-01,0.000000000000000000e+00
-6.240101522842640414e-01,4.329999999999999960e-01,0.000000000000000000e+00
-6.215076142131981118e-01,4.329999999999999960e-01,0.000000000000000000e+00
-6.190050761421320713e-01,4.329999999999999960e-01,0.000000000000000000e+00
-6.165025380710661418e-01,4.329999999999999960e-01,0.000000000000000000e+00
-6.140000000000001013e-01,4.329999999999999960e-01,0.000000000000000000e+00
-6.114974619289341717e-01,4.329999999999999960e-01,0.000000000000000000e+00
-6.089949238578681312e-01,4.329999999999999960e-01,0.000000000000000000e+00
-6.064923857868020907e-01,4.329999999999999960e-01,0.000000000000000000e+00
-6.039898477157361611e-01,4.329999999999999960e-01,0.000000000000000000e+00
-6.014873096446701206e-01,4.329999999999999960e-01,0.000000000000000000e+00
-5.989847715736040801e-01,4.329999999999999960e-01,0.000000000000000000e+00
-5.964822335025381506e-01,4.329999999999999960e-01,0.000000000000000000e+00
-5.939796954314722210e-01,4.329999999999999960e-01,0.000000000000000000e+00
-5.914771573604062915e-01,4.329999999999999960e-01,0.000000000000000000e+00
-5.889746192893401400e-01,4.329999999999999960e-01,0.000000000000000000e+00
-5.864720812182742105e-01,4.329999999999999960e-01,0.000000000000000000e+00
-5.839695431472082809e-01,4.329999999999999960e-01,0.000000000000000000e+00
-5.814670050761423514e-01,4.329999999999999960e-01,0.000000000000000000e+00
-5.789644670050761999e-01,4.329999999999999960e-01,0.000000000000000000e+00
-5.764619289340102704e-01,4.329999999999999960e-01,0.000000000000000000e+00
-5.739593908629443408e-01,4.329999999999999960e-01,0.000000000000000000e+00
-5.714568527918781893e-01,4.329999999999999960e-01,0.000000000000000000e+00
-5.689543147208122598e-01,4.329999999999999960e-01,0.000000000000000000e+00
-5.664517766497463302e-01,4.329999999999999960e-01,0.000000000000000000e+00
-5.639492385786804007e-01,4.329999999999999960e-01,0.000000000000000000e+00
-5.614467005076142492e-01,4.329999999999999960e-01,0.000000000000000000e+00
-5.589441624365483197e-01,4.329999999999999960e-01,0.000000000000000000e+00
-5.564416243654823901e-01,4.329999999999999960e-01,0.000000000000000000e+00
-5.539390862944164606e-01,4.329999999999999960e-01,0.000000000000000000e+00
-5.514365482233503091e-01,4.329999999999999960e-01,0.000000000000000000e+00
-5.489340101522843796e-01,4.329999999999999960e-01,0.000000000000000000e+00
-5.464314720812184500e-01,4.329999999999999960e-01,0.000000000000000000e+00
-5.439289340101522985e-01,4.329999999999999960e-01,0.000000000000000000e+00
-5.414263959390863690e-01,4.329999999999999960e-01,0.000000000000000000e+00
-5.389238578680204395e-01,4.329999999999999960e-01,0.000000000000000000e+00
-5.364213197969545099e-01,4.329999999999999960e-01,0.000000000000000000e+00
-5.339187817258883584e-01,4.329999999999999960e-01,0.000000000000000000e+00
-5.314162436548224289e-01,4.329999999999999960e-01,0.000000000000000000e+00
-5.289137055837564994e-01,4.329999999999999960e-01,0.000000000000000000e+00
-5.264111675126905698e-01,4.329999999999999960e-01,0.000000000000000000e+00
-5.239086294416244183e-01,4.329999999999999960e-01,0.000000000000000000e+00
-5.214060913705584888e-01,4.329999999999999960e-01,0.000000000000000000e+00
-5.189035532994925592e-01,4.329999999999999960e-01,0.000000000000000000e+00
-5.164010152284264077e-01,4.329999999999999960e-01,0.000000000000000000e+00
-5.138984771573604782e-01,4.329999999999999960e-01,0.000000000000000000e+00
-5.113959390862945487e-01,4.329999999999999960e-01,0.000000000000000000e+00
-5.088934010152286191e-01,4.329999999999999960e-01,0.000000000000000000e+00
-5.063908629441624676e-01,4.329999999999999960e-01,0.000000000000000000e+00
-5.038883248730965381e-01,4.329999999999999960e-01,0.000000000000000000e+00
-5.013857868020306086e-01,4.329999999999999960e-01,0.000000000000000000e+00
-4.988832487309646790e-01,4.329999999999999960e-01,0.000000000000000000e+00
-4.963807106598985275e-01,4.329999999999999960e-01,0.000000000000000000e+00
-4.938781725888325980e-01,4.329999999999999960e-01,0.000000000000000000e+00
-4.913756345177666685e-01,4.329999999999999960e-01,0.000000000000000000e+00
-4.888730964467005169e-01,4.329999999999999960e-01,0.000000000000000000e+00
-4.863705583756345874e-01,4.329999999999999960e-01,0.000000000000000000e+00
-4.838680203045686579e-01,4.329999999999999960e-01,0.000000000000000000e+00
-4.813654822335027283e-01,4.329999999999999960e-01,0.000000000000000000e+00
-4.788629441624365768e-01,4.329999999999999960e-01,0.000000000000000000e+00
-4.763604060913706473e-01,4.329999999999999960e-01,0.000000000000000000e+00
-4.738578680203047178e-01,4.329999999999999960e-01,0.000000000000000000e+00
-4.713553299492387882e-01,4.329999999999999960e-01,0.000000000000000000e+00
-4.688527918781726367e-01,4.329999999999999960e-01,0.000000000000000000e+00
-4.663502538071067072e-01,4.329999999999999960e-01,0.000000000000000000e+00
-4.638477157360407777e-01,4.329999999999999960e-01,0.000000000000000000e+00
-4.613451776649746261e-01,4.329999999999999960e-01,0.000000000000000000e+00
-4.588426395939086966e-01,4.329999999999999960e-01,0.000000000000000000e+00
-4.563401015228427671e-01,4.329999999999999960e-01,0.000000000000000000e+00
-4.538375634517768376e-01,4.329999999999999960e-01,0.000000000000000000e+00
-4.513350253807106860e-01,4.329999999999999960e-01,0.000000000000000000e+00
-4.488324873096447565e-01,4.329999999999999960e-01,0.000000000000000000e+00
-4.463299492385788270e-01,4.329999999999999960e-01,0.000000000000000000e+00
-4.438274111675128974e-01,4.329999999999999960e-01,0.000000000000000000e+00
-4.413248730964467459e-01,4.329999999999999960e-01,0.000000000000000000e+00
-4.388223350253808164e-01,4.329999999999999960e-01,0.000000000000000000e+00
-4.363197969543148869e-01,4.329999999999999960e-01,0.000000000000000000e+00
-4.338172588832487353e-01,4.329999999999999960e-01,0.000000000000000000e+00
-4.313147208121828058e-01,4.329999999999999960e-01,0.000000000000000000e+00
-4.288121827411168763e-01,4.329999999999999960e-01,0.000000000000000000e+00
-4.263096446700509468e-01,4.329999999999999960e-01,0.000000000000000000e+00
-4.238071065989847952e-01,4.329999999999999960e-01,0.000000000000000000e+00
-4.213045685279188657e-01,4.329999999999999960e-01,0.000000000000000000e+00
-4.188020304568529362e-01,4.329999999999999960e-01,0.000000000000000000e+00
-4.162994923857870067e-01,4.329999999999999960e-01,0.000000000000000000e+00
-4.137969543147208551e-01,4.329999999999999960e-01,0.000000000000000000e+00
-4.112944162436549256e-01,4.329999999999999960e-01,0.000000000000000000e+00
-4.087918781725889961e-01,4.329999999999999960e-01,0.000000000000000000e+00
-4.062893401015230666e-01,4.329999999999999960e-01,0.000000000000000000e+00
-4.037868020304569150e-01,4.329999999999999960e-01,0.000000000000000000e+00
-4.012842639593909855e-01,4.329999999999999960e-01,0.000000000000000000e+00
-3.987817258883250560e-01,4.329999999999999960e-01,0.000000000000000000e+00
-3.962791878172589044e-01,4.329999999999999960e-01,0.000000000000000000e+00
-3.937766497461929749e-01,4.329999999999999960e-01,0.000000000000000000e+00
-3.912741116751270454e-01,4.329999999999999960e-01,0.000000000000000000e+00
-3.887715736040611159e-01,4.329999999999999960e-01,0.000000000000000000e+00
-3.862690355329949643e-01,4.329999999999999960e-01,0.000000000000000000e+00
-3.837664974619290348e-01,4.329999999999999960e-01,0.000000000000000000e+00
-3.812639593908631053e-01,4.329999999999999960e-01,0.000000000000000000e+00
-3.787614213197971758e-01,4.329999999999999960e-01,0.000000000000000000e+00
-3.762588832487310242e-01,4.329999999999999960e-01,0.000000000000000000e+00
-3.737563451776650947e-01,4.329999999999999960e-01,0.000000000000000000e+00
-3.712538071065991652e-01,4.329999999999999960e-01,0.000000000000000000e+00
-3.687512690355330136e-01,4.329999999999999960e-01,0.000000000000000000e+00
-3.662487309644670841e-01,4.329999999999999960e-01,0.000000000000000000e+00
-3.637461928934011546e-01,4.329999999999999960e-01,0.000000000000000000e+00
-3.612436548223352251e-01,4.329999999999999960e-01,0.000000000000000000e+00
-3.587411167512690735e-01,4.329999999999999960e-01,0.000000000000000000e+00
-3.562385786802031440e-01,4.329999999999999960e-01,0.000000000000000000e+00
-3.537360406091372145e-01,4.329999999999999960e-01,0.000000000000000000e+00
-3.512335025380712850e-01,4.329999999999999960e-01,0.000000000000000000e+00
-3.487309644670051334e-01,4.329999999999999960e-01,0.000000000000000000e+00
-3.462284263959392039e-01,4.329999999999999960e-01,0.000000000000000000e+00
-3.437258883248732744e-01,4.329999999999999960e-01,0.000000000000000000e+00
-3.412233502538071228e-01,4.329999999999999960e-01,0.000000000000000000e+00
-3.387208121827411933e-01,4.329999999999999960e-01,0.000000000000000000e+00
-3.362182741116752638e-01,4.329999999999999960e-01,0.000000000000000000e+00
-3.337157360406093343e-01,4.329999999999999960e-01,0.000000000000000000e+00
-3.312131979695431827e-01,4.329999999999999960e-01,0.000000000000000000e+00
-3.287106598984772532e-01,4.329999999999999960e-01,0.000000000000000000e+00
-3.262081218274113237e-01,4.329999999999999960e-01,0.000000000000000000e+00
-3.237055837563453942e-01,4.329999999999999960e-01,0.000000000000000000e+00
-3.212030456852792426e-01,4.329999999999999960e-01,0.000000000000000000e+00
-3.187005076142133131e-01,4.329999999999999960e-01,0.000000000000000000e+00
-3.161979695431473836e-01,4.329999999999999960e-01,0.000000000000000000e+00
-3.136954314720812320e-01,4.329999999999999960e-01,0.000000000000000000e+00
-3.111928934010153025e-01,4.329999999999999960e-01,0.000000000000000000e+00
-3.086903553299493730e-01,4.329999999999999960e-01,0.000000000000000000e+00
-3.061878172588834435e-01,4.329999999999999960e-01,0.000000000000000000e+00
-3.036852791878172919e-01,4.329999999999999960e-01,0.000000000000000000e+00
-3.011827411167513624e-01,4.329999999999999960e-01,0.000000000000000000e+00
-2.986802030456854329e-01,4.329999999999999960e-01,0.000000000000000000e+00
-2.961776649746195034e-01,4.329999999999999960e-01,0.000000000000000000e+00
-2.936751269035533518e-01,4.329999999999999960e-01,0.000000000000000000e+00
-2.911725888324874223e-01,4.329999999999999960e-01,0.000000000000000000e+00
-2.886700507614214928e-01,4.329999999999999960e-01,0.000000000000000000e+00
-2.861675126903553412e-01,4.329999999999999960e-01,0.000000000000000000e+00
-2.836649746192894117e-01,4.329999999999999960e-01,0.000000000000000000e+00
-2.811624365482234822e-01,4.329999999999999960e-01,0.000000000000000000e+00
-2.786598984771575527e-01,4.329999999999999960e-01,0.000000000000000000e+00
-2.761573604060914011e-01,4.329999999999999960e-01,0.000000000000000000e+00
-2.736548223350254716e-01,4.329999999999999960e-01,0.000000000000000000e+00
-2.711522842639595421e-01,4.329999999999999960e-01,0.000000000000000000e+00
-2.686497461928936126e-01,4.329999999999999960e-01,0.000000000000000000e+00
-2.661472081218274610e-01,4.329999999999999960e-01,0.000000000000000000e+00
-2.636446700507615315e-01,4.329999999999999960e-01,0.000000000000000000e+00
-2.611421319796956020e-01,4.329999999999999960e-01,0.000000000000000000e+00
-2.586395939086294504e-01,4.329999999999999960e-01,0.000000000000000000e+00
-2.561370558375635209e-01,4.329999999999999960e-01,0.000000000000000000e+00
-2.536345177664975914e-01,4.329999999999999960e-01,0.000000000000000000e+00
-2.511319796954316619e-01,4.329999999999999960e-01,0.000000000000000000e+00
-2.486294416243655103e-01,4.329999999999999960e-01,0.000000000000000000e+00
-2.461269035532995808e-01,4.329999999999999960e-01,0.000000000000000000e+00
-2.436243654822336513e-01,4.329999999999999960e-01,0.000000000000000000e+00
-2.411218274111677218e-01,4.329999999999999960e-01,0.000000000000000000e+00
-2.386192893401015702e-01,4.329999999999999960e-01,0.000000000000000000e+00
-2.361167512690356407e-01,4.329999999999999960e-01,0.000000000000000000e+00
-2.336142131979697112e-01,4.329999999999999960e-01,0.000000000000000000e+00
-2.311116751269035596e-01,4.329999999999999960e-01,0.000000000000000000e+00
-2.286091370558376301e-01,4.329999999999999960e-01,0.000000000000000000e+00
-2.261065989847717006e-01,4.329999999999999960e-01,0.000000000000000000e+00
-2.236040609137057711e-01,4.329999999999999960e-01,0.000000000000000000e+00
-2.211015228426396195e-01,4.329999999999999960e-01,0.000000000000000000e+00
-2.185989847715736900e-01,4.329999999999999960e-01,0.000000000000000000e+00
-2.160964467005077605e-01,4.329999999999999960e-01,0.000000000000000000e+00
-2.135939086294418310e-01,4.329999999999999960e-01,0.000000000000000000e+00
-2.110913705583756794e-01,4.329999999999999960e-01,0.000000000000000000e+00
-2.085888324873097499e-01,4.329999999999999960e-01,0.000000000000000000e+00
-2.060862944162438204e-01,4.329999999999999960e-01,0.000000000000000000e+00
-2.035837563451778909e-01,4.329999999999999960e-01,0.000000000000000000e+00
-2.010812182741117393e-01,4.329999999999999960e-01,0.000000000000000000e+00
-1.985786802030458098e-01,4.329999999999999960e-01,0.000000000000000000e+00
-1.960761421319798803e-01,4.329999999999999960e-01,0.000000000000000000e+00
-1.935736040609137287e-01,4.329999999999999960e-01,0.000000000000000000e+00
-1.910710659898477992e-01,4.329999999999999960e-01,0.000000000000000000e+00
-1.885685279187818697e-01,4.329999999999999960e-01,0.000000000000000000e+00
-1.860659898477159402e-01,4.329999999999999960e-01,0.000000000000000000e+00
-1.835634517766497886e-01,4.329999999999999960e-01,0.000000000000000000e+00
-1.810609137055838591e-01,4.329999999999999960e-01,0.000000000000000000e+00
-1.785583756345179296e-01,4.329999999999999960e-01,0.000000000000000000e+00
-1.760558375634520001e-01,4.329999999999999960e-01,0.000000000000000000e+00
-1.735532994923858485e-01,4.329999999999999960e-01,0.000000000000000000e+00
-1.710507614213199190e-01,4.329999999999999960e-01,0.000000000000000000e+00
-1.685482233502539895e-01,4.329999999999999960e-01,0.000000000000000000e+00
-1.660456852791878379e-01,4.329999999999999960e-01,0.000000000000000000e+00
-1.635431472081219084e-01,4.329999999999999960e-01,0.000000000000000000e+00
-1.610406091370559789e-01,4.329999999999999960e-01,0.000000000000000000e+00
-1.585380710659900494e-01,4.329999999999999960e-01,0.000000000000000000e+00
-1.560355329949238978e-01,4.329999999999999960e-01,0.000000000000000000e+00
-1.535329949238579683e-01,4.329999999999999960e-01,0.000000000000000000e+00
-1.510304568527920388e-01,4.329999999999999960e-01,0.000000000000000000e+00
-1.485279187817261093e-01,4.329999999999999960e-01,0.000000000000000000e+00
-1.460253807106599577e-01,4.329999999999999960e-01,0.000000000000000000e+00
-1.435228426395940282e-01,4.329999999999999960e-01,0.000000000000000000e+00
-1.410203045685280987e-01,4.329999999999999960e-01,0.000000000000000000e+00
-1.385177664974619471e-01,4.329999999999999960e-01,0.000000000000000000e+00
-1.360152284263960176e-01,4.329999999999999960e-01,0.000000000000000000e+00
-1.335126903553300881e-01,4.329999999999999960e-01,0.000000000000000000e+00
-1.310101522842641586e-01,4.329999999999999960e-01,0.000000000000000000e+00
-1.285076142131980070e-01,4.329999999999999960e-01,0.000000000000000000e+00
-1.260050761421320775e-01,4.329999999999999960e-01,0.000000000000000000e+00
-1.235025380710661480e-01,4.329999999999999960e-01,0.000000000000000000e+00
-1.209999999999999964e-01,4.329999999999999960e-01,0.000000000000000000e+00
-1.209999999999999964e-01,4.329999999999999960e-01,-2.072001022803088510e+00
-1.182222222222222147e-01,4.329999999999999960e-01,9.897700722765860881e-01
-1.154444444444444468e-01,4.329999999999999960e-01,3.134056624736521357e+00
-1.126666666666666650e-01,4.329999999999999960e-01,4.360858634576703530e+00
-1.098888888888888832e-01,4.329999999999999960e-01,4.670176101797138379e+00
-1.071111111111111153e-01,4.329999999999999960e-01,4.062009026397823241e+00
-1.043333333333333335e-01,4.329999999999999960e-01,2.536357408378759004e+00
-1.015555555555555656e-01,4.329999999999999960e-01,9.322124773994591718e-02
-9.877777777777778379e-02,4.329999999999999960e-01,-3.267399455518617657e+00
-9.600000000000000200e-02,4.329999999999999960e-01,0.000000000000000000e+00
-9.600000000000000200e-02,4.329999999999999960e-01,0.000000000000000000e+00
-9.199999999999999845e-02,4.329999999999999960e-01,-2.050901363469671834e-01
-8.799999999999999489e-02,4.329999999999999960e-01,0.000000000000000000e+00
-8.799999999999999489e-02,4.329999999999999960e-01,8.274958066832308612e-01
-8.524999999999999245e-02,4.329999999999999960e-01,7.423811006138691937e-01
-8.249999999999999001e-02,4.329999999999999960e-01,-1.033527185231742085e-01
-7.975000000000000144e-02,4.329999999999999960e-01,-1.411392725132317727e+00
-7.699999999999999900e-02,4.329999999999999960e-01,-3.176766665928238975e+00
-7.424999999999999656e-02,4.329999999999999960e-01,-4.914035294239638141e+00
-7.150000000000000799e-02,4.329999999999999960e-01,-5.737216737632677699e+00
-6.875000000000000555e-02,4.329999999999999960e-01,-5.552022341215214318e+00
-6.600000000000000311e-02,4.329999999999999960e-01,0.000000000000000000e+00
-6.354285714285715092e-02,4.329999999999999960e-01,0.000000000000000000e+00
-6.108571428571428485e-02,4.329999999999999960e-01,0.000000000000000000e+00
-5.862857142857143267e-02,4.329999999999999960e-01,0.000000000000000000e+00
-5.617142857142857354e-02,4.329999999999999960e-01,0.000000000000000000e+00
-5.371428571428571441e-02,4.329999999999999960e-01,0.000000000000000000e+00
-5.125714285714286222e-02,4.329999999999999960e-01,0.000000000000000000e+00
-4.880000000000000310e-02,4.329999999999999960e-01,0.000000000000000000e+00
-4.634285714285714397e-02,4.329999999999999960e-01,0.000000000000000000e+00
-4.388571428571428484e-02,4.329999999999999960e-01,0.000000000000000000e+00
-4.142857142857142572e-02,4.329999999999999960e-01,0.000000000000000000e+00
-3.897142857142857353e-02,4.329999999999999960e-01,0.000000000000000000e+00
-3.651428571428571440e-02,4.329999999999999960e-01,0.000000000000000000e+00
-3.405714285714285527e-02,4.329999999999999960e-01,0.000000000000000000e+00
-3.160000000000000309e-02,4.329999999999999960e-01,0.000000000000000000e+00
-2.914285714285714396e-02,4.329999999999999960e-01,0.000000000000000000e+00
-2.668571428571428483e-02,4.329999999999999960e-01,0.000000000000000000e+00
-2.422857142857142571e-02,4.329999999999999960e-01,0.000000000000000000e+00
-2.177142857142856658e-02,4.329999999999999960e-01,0.000000000000000000e+00
-1.931428571428571439e-02,4.329999999999999960e-01,0.000000000000000000e+00
-1.685714285714285526e-02,4.329999999999999960e-01,0.000000000000000000e+00
-1.439999999999999614e-02,4.329999999999999960e-01,0.000000000000000000e+00
-1.194285714285714395e-02,4.329999999999999960e-01,0.000000000000000000e+00
-9.485714285714284821e-03,4.329999999999999960e-01,0.000000000000000000e+00
-7.028571428571425694e-03,4.329999999999999960e-01,0.000000000000000000e+00
-4.571428571428566567e-03,4.329999999999999960e-01,0.000000000000000000e+00
-2.114285714285707440e-03,-2.114285714285707440e-03,0.000000000000000000e+00
3.428571428571447477e-04,4.329999999999999960e-01,0.000000000000000000e+00
2.799999999999996936e-03,4.329999999999999960e-01,0.000000000000000000e+00
5.257142857142863002e-03,4.329999999999999960e-01,0.000000000000000000e+00
7.714285714285715190e-03,4.329999999999999960e-01,0.000000000000000000e+00
1.017142857142858126e-02,4.329999999999999960e-01,0.000000000000000000e+00
1.262857142857143344e-02,4.329999999999999960e-01,0.000000000000000000e+00
1.508571428571428563e-02,4.329999999999999960e-01,0.000000000000000000e+00
1.754285714285715170e-02,4.329999999999999960e-01,8.983359136257147881e+00
2.000000000000000042e-02,4.329999999999999960e-01,-6.122251151197596108e+00
2.255555555555555439e-02,4.329999999999999960e-01,1.494711011669450917e-01
2.511111111111111183e-02,4.329999999999999960e-01,-1.346776621273431651e+01
2.766666666666666580e-02,4.329999999999999960e-01,-1.156979569535138419e-01
3.022222222222221977e-02,4.329999999999999960e-01,2.682881719756192496e+01
3.277777777777778068e-02,4.329999999999999960e-01,-1.359316000976771477e+01
3.533333333333332771e-02,4.329999999999999960e-01,2.045271196372527100e+01
3.788888888888888862e-02,4.329999999999999960e-01,-2.296922239472387872e+01
4.044444444444444259e-02,4.329999999999999960e-01,2.449024211529966166e+01
4.299999999999999656e-02,4.329999999999999960e-01,-3.196416534370698770e+01
4.555555555555555747e-02,4.329999999999999960e-01,7.068495578601514673e+00
4.811111111111110450e-02,4.329999999999999960e-01,3.617779584623888667e+01
5.066666666666666541e-02,4.329999999999999960e-01,-3.201668952952494607e+01
5.322222222222221244e-02,4.329999999999999960e-01,2.516886983865966876e+00
5.577777777777777335e-02,4.329999999999999960e-01,1.937942779172313124e+01
5.833333333333333426e-02,4.329999999999999960e-01,-3.172115331757499845e+01
6.088888888888888129e-02,4.329999999999999960e-01,-6.319748368665890403e+00
6.344444444444444220e-02,4.329999999999999960e-01,4.577384739889794929e+01
6.599999999999998923e-02,4.329999999999999960e-01,-2.697949310084873886e+01
6.855555555555555014e-02,4.329999999999999960e-01,4.849820191914690604e+00
7.111111111111111105e-02,4.329999999999999960e-01,-3.623788219033913904e+00
7.366666666666665808e-02,4.329999999999999960e-01,9.866041861814194291e+00
7.622222222222221899e-02,4.329999999999999960e-01,-1.504625144325362918e+01
7.877777777777776602e-02,4.329999999999999960e-01,1.808772670585066678e+01
8.133333333333332693e-02,4.329999999999999960e-01,-2.065723732250065581e+01
8.388888888888888784e-02,4.329999999999999960e-01,5.577674025091732268e+00
8.644444444444443487e-02,4.329999999999999960e-01,3.773609983650884736e+00
8.899999999999999578e-02,4.329999999999999960e-01,0.000000000000000000e+00
8.899999999999999578e-02,4.329999999999999960e-01,0.000000000000000000e+00
9.158333333333332216e-02,4.329999999999999960e-01,0.000000000000000000e+00
9.416666666666666241e-02,4.329999999999999960e-01,0.000000000000000000e+00
9.675000000000000266e-02,4.329999999999999960e-01,0.000000000000000000e+00
9.933333333333332904e-02,4.329999999999999960e-01,0.000000000000000000e+00
1.019166666666666554e-01,4.329999999999999960e-01,0.000000000000000000e+00
1.044999999999999957e-01,4.329999999999999960e-01,0.000000000000000000e+00
1.070833333333333359e-01,4.329999999999999960e-01,0.000000000000000000e+00
1.096666666666666623e-01,4.329999999999999960e-01,0.000000000000000000e+00
1.122499999999999887e-01,4.329999999999999960e-01,0.000000000000000000e+00
1.148333333333333289e-01,4.329999999999999960e-01,0.000000000000000000e+00
1.174166666666666692e-01,4.329999999999999960e-01,0.000000000000000000e+00
1.199999999999999956e-01,4.329999999999999960e-01,0.000000000000000000e+00
1.225833333333333219e-01,4.329999999999999960e-01,0.000000000000000000e+00
1.251666666666666483e-01,4.329999999999999960e-01,0.000000000000000000e+00
1.277500000000000024e-01,4.329999999999999960e-01,0.000000000000000000e+00
1.303333333333333288e-01,4.329999999999999960e-01,0.000000000000000000e+00
1.329166666666666552e-01,4.329999999999999960e-01,0.000000000000000000e+00
1.355000000000000093e-01,4.329999999999999960e-01,0.000000000000000000e+00
1.380833333333333357e-01,4.329999999999999960e-01,0.000000000000000000e+00
1.406666666666666621e-01,4.329999999999999960e-01,0.000000000000000000e+00
1.432499999999999885e-01,4.329999999999999960e-01,0.000000000000000000e+00
1.458333333333333148e-01,4.329999999999999960e-01,0.000000000000000000e+00
1.484166666666666690e-01,4.329999999999999960e-01,0.000000000000000000e+00
1.509999999999999953e-01,4.329999999999999960e-01,0.000000000000000000e+00
1.509999999999999953e-01,4.329999999999999960e-01,9.748091487760094376e-01
1.536249999999999838e-01,4.329999999999999960e-01,1.925511702984769702e+00
1.562500000000000000e-01,4.329999999999999960e-01,2.083865732387504721e+00
1.588749999999999885e-01,4.329999999999999960e-01,1.482199534493584547e+00
1.615000000000000047e-01,4.329999999999999960e-01,6.635274815307253826e-01
1.641249999999999931e-01,4.329999999999999960e-01,7.842522003578376866e-02
1.667500000000000093e-01,4.329999999999999960e-01,-2.594687494794685190e-01
1.693749999999999978e-01,4.329999999999999960e-01,-3.501544270150379612e-01
1.719999999999999862e-01,4.329999999999999960e-01,-1.936318125709203808e-01
1.746250000000000024e-01,4.329999999999999960e-01,5.614473144336250970e-02
1.772499999999999909e-01,4.329999999999999960e-01,-7.244841146191325354e-01
1.798750000000000071e-01,4.329999999999999960e-01,-4.723600338912593011e-01
1.824999999999999956e-01,4.329999999999999960e-01,-1.629904571518901557e+00
1.851250000000000118e-01,4.329999999999999960e-01,-3.729074656777784824e+00
1.877500000000000002e-01,4.329999999999999960e-01,1.607654190941808725e+00
1.903750000000000164e-01,4.329999999999999960e-01,-7.631860937527727984e-01
1.930000000000000049e-01,4.329999999999999960e-01,0.000000000000000000e+00
1.930000000000000049e-01,4.329999999999999960e-01,0.000000000000000000e+00
1.955035587188612145e-01,4.329999999999999960e-01,0.000000000000000000e+00
1.980071174377224241e-01,4.329999999999999960e-01,0.000000000000000000e+00
2.005106761565836337e-01,4.329999999999999960e-01,0.000000000000000000e+00
2.030142348754448434e-01,4.329999999999999960e-01,0.000000000000000000e+00
2.055177935943060530e-01,4.329999999999999960e-01,0.000000000000000000e+00
2.080213523131672626e-01,4.329999999999999960e-01,0.000000000000000000e+00
2.105249110320284722e-01,4.329999999999999960e-01,0.000000000000000000e+00
2.130284697508896818e-01,4.329999999999999960e-01,0.000000000000000000e+00
2.155320284697508915e-01,4.329999999999999960e-01,0.000000000000000000e+00
2.180355871886121011e-01,4.329999999999999960e-01,0.000000000000000000e+00
2.205391459074733107e-01,4.329999999999999960e-01,0.000000000000000000e+00
2.230427046263345203e-01,4.329999999999999960e-01,0.000000000000000000e+00
2.255462633451957299e-01,4.329999999999999960e-01,0.000000000000000000e+00
2.280498220640569396e-01,4.329999999999999960e-01,0.000000000000000000e+00
2.305533807829181492e-01,4.329999999999999960e-01,0.000000000000000000e+00
2.330569395017793588e-01,4.329999999999999960e-01,0.000000000000000000e+00
2.355604982206405684e-01,4.329999999999999960e-01,0.000000000000000000e+00
2.380640569395017780e-01,4.329999999999999960e-01,0.000000000000000000e+00
2.405676156583629877e-01,4.329999999999999960e-01,0.000000000000000000e+00
2.430711743772241973e-01,4.329999999999999960e-01,0.000000000000000000e+00
2.455747330960854069e-01,4.329999999999999960e-01,0.000000000000000000e+00
2.480782918149466165e-01,4.329999999999999960e-01,0.000000000000000000e+00
2.505818505338078261e-01,4.329999999999999960e-01,0.000000000000000000e+00
2.530854092526690358e-01,4.329999999999999960e-01,0.000000000000000000e+00
2.555889679715302454e-01,4.329999999999999960e-01,0.000000000000000000e+00
2.580925266903914550e-01,4.329999999999999960e-01,0.000000000000000000e+00
2.605960854092526646e-01,4.329999999999999960e-01,0.000000000000000000e+00
2.630996441281138742e-01,4.329999999999999960e-01,0.000000000000000000e+00
2.656032028469750839e-01,4.329999999999999960e-01,0.000000000000000000e+00
2.681067615658362935e-01,4.329999999999999960e-01,0.000000000000000000e+00
2.706103202846975031e-01,4.329999999999999960e-01,0.000000000000000000e+00
2.731138790035587127e-01,4.329999999999999960e-01,0.000000000000000000e+00
2.756174377224199223e-01,4.329999999999999960e-01,0.000000000000000000e+00
2.781209964412811320e-01,4.329999999999999960e-01,0.000000000000000000e+00
2.806245551601423416e-01,4.329999999999999960e-01,0.000000000000000000e+00
2.831281138790035512e-01,4.329999999999999960e-01,0.000000000000000000e+00
2.856316725978647608e-01,4.329999999999999960e-01,0.000000000000000000e+00
2.881352313167259704e-01,4.329999999999999960e-01,0.000000000000000000e+00
2.906387900355871801e-01,4.329999999999999960e-01,0.000000000000000000e+00
2.931423487544483897e-01,4.329999999999999960e-01,0.000000000000000000e+00
2.956459074733095993e-01,4.329999999999999960e-01,0.000000000000000000e+00
2.981494661921708089e-01,4.329999999999999960e-01,0.000000000000000000e+00
3.006530249110320185e-01,4.329999999999999960e-01,0.000000000000000000e+00
3.031565836298932282e-01,4.329999999999999960e-01,0.000000000000000000e+00
3.056601423487544378e-01,4.329999999999999960e-01,0.000000000000000000e+00
3.081637010676156474e-01,4.329999999999999960e-01,0.000000000000000000e+00
3.106672597864768570e-01,4.329999999999999960e-01,0.000000000000000000e+00
3.131708185053381222e-01,4.329999999999999960e-01,0.000000000000000000e+00
3.156743772241993318e-01,4.329999999999999960e-01,0.000000000000000000e+00
3.181779359430605414e-01,4.329999999999999960e-01,0.000000000000000000e+00
3.206814946619217510e-01,4.329999999999999960e-01,0.000000000000000000e+00
3.231850533807829606e-01,4.329999999999999960e-01,0.000000000000000000e+00
3.256886120996441703e-01,4.329999999999999960e-01,0.000000000000000000e+00
3.281921708185053799e-01,4.329999999999999960e-01,0.000000000000000000e+00
3.306957295373665895e-01,4.329999999999999960e-01,0.000000000000000000e+00
3.331992882562277991e-01,4.329999999999999960e-01,0.000000000000000000e+00
3.357028469750890087e-01,4.329999999999999960e-01,0.000000000000000000e+00
3.382064056939502183e-01,4.329999999999999960e-01,0.000000000000000000e+00
3.407099644128114280e-01,4.329999999999999960e-01,0.000000000000000000e+00
3.432135231316726376e-01,4.329999999999999960e-01,0.000000000000000000e+00
3.457170818505338472e-01,4.329999999999999960e-01,0.000000000000000000e+00
3.482206405693950568e-01,4.329999999999999960e-01,0.000000000000000000e+00
3.507241992882562664e-01,4.329999999999999960e-01,0.000000000000000000e+00
3.532277580071174761e-01,4.329999999999999960e-01,0.000000000000000000e+00
3.557313167259786857e-01,4.329999999999999960e-01,0.000000000000000000e+00
3.582348754448398953e-01,4.329999999999999960e-01,0.000000000000000000e+00
3.607384341637011049e-01,4.329999999999999960e-01,0.000000000000000000e+00
3.632419928825623145e-01,4.329999999999999960e-01,0.000000000000000000e+00
3.657455516014235242e-01,4.329999999999999960e-01,0.000000000000000000e+00
3.682491103202847338e-01,4.329999999999999960e-01,0.000000000000000000e+00
3.707526690391459434e-01,4.329999999999999960e-01,0.000000000000000000e+00
3.732562277580071530e-01,4.329999999999999960e-01,0.000000000000000000e+00
3.757597864768683626e-01,4.329999999999999960e-01,0.000000000000000000e+00
3.782633451957295723e-01,4.329999999999999960e-01,0.000000000000000000e+00
3.807669039145907819e-01,4.329999999999999960e-01,0.000000000000000000e+00
3.832704626334519915e-01,4.329999999999999960e-01,0.000000000000000000e+00
3.857740213523132011e-01,4.329999999999999960e-01,0.000000000000000000e+00
3.882775800711744107e-01,4.329999999999999960e-01,0.000000000000000000e+00
3.907811387900356204e-01,4.329999999999999960e-01,0.000000000000000000e+00
3.932846975088968300e-01,4.329999999999999960e-01,0.000000000000000000e+00
3.957882562277580396e-01,4.329999999999999960e-01,0.000000000000000000e+00
3.982918149466192492e-01,4.329999999999999960e-01,0.000000000000000000e+00
4.007953736654804588e-01,4.329999999999999960e-01,0.000000000000000000e+00
4.032989323843416685e-01,4.329999999999999960e-01,0.000000000000000000e+00
4.058024911032028781e-01,4.329999999999999960e-01,0.000000000000000000e+00
4.083060498220640877e-01,4.329999999999999960e-01,0.000000000000000000e+00
4.108096085409252973e-01,4.329999999999999960e-01,0.000000000000000000e+00
4.133131672597865069e-01,4.329999999999999960e-01,0.000000000000000000e+00
4.158167259786477166e-01,4.329999999999999960e-01,0.000000000000000000e+00
4.183202846975089262e-01,4.329999999999999960e-01,0.000000000000000000e+00
4.208238434163701358e-01,4.329999999999999960e-01,0.000000000000000000e+00
4.233274021352313454e-01,4.329999999999999960e-01,0.000000000000000000e+00
4.258309608540925550e-01,4.329999999999999960e-01,0.000000000000000000e+00
4.283345195729537647e-01,4.329999999999999960e-01,0.000000000000000000e+00
4.308380782918149743e-01,4.329999999999999960e-01,0.000000000000000000e+00
4.333416370106761839e-01,4.329999999999999960e-01,0.000000000000000000e+00
4.358451957295373935e-01,4.329999999999999960e-01,0.000000000000000000e+00
4.383487544483986031e-01,4.329999999999999960e-01,0.000000000000000000e+00
4.408523131672598128e-01,4.329999999999999960e-01,0.000000000000000000e+00
4.433558718861210224e-01,4.329999999999999960e-01,0.000000000000000000e+00
4.458594306049822320e-01,4.329999999999999960e-01,0.000000000000000000e+00
4.483629893238434416e-01,4.329999999999999960e-01,0.000000000000000000e+00
4.508665480427046512e-01,4.329999999999999960e-01,0.000000000000000000e+00
4.533701067615658609e-01,4.329999999999999960e-01,0.000000000000000000e+00
4.558736654804270705e-01,4.329999999999999960e-01,0.000000000000000000e+00
4.583772241992882801e-01,4.329999999999999960e-01,0.000000000000000000e+00
4.608807829181494897e-01,4.329999999999999960e-01,0.000000000000000000e+00
4.633843416370106993e-01,4.329999999999999960e-01,0.000000000000000000e+00
4.658879003558719090e-01,4.329999999999999960e-01,0.000000000000000000e+00
4.683914590747331186e-01,4.329999999999999960e-01,0.000000000000000000e+00
4.708950177935943282e-01,4.329999999999999960e-01,0.000000000000000000e+00
4.733985765124555378e-01,4.329999999999999960e-01,0.000000000000000000e+00
4.759021352313167474e-01,4.329999999999999960e-01,0.000000000000000000e+00
4.784056939501779571e-01,4.329999999999999960e-01,0.000000000000000000e+00
4.809092526690391667e-01,4.329999999999999960e-01,0.000000000000000000e+00
4.834128113879003763e-01,4.329999999999999960e-01,0.000000000000000000e+00
4.859163701067615859e-01,4.329999999999999960e-01,0.000000000000000000e+00
4.884199288256227955e-01,4.329999999999999960e-01,0.000000000000000000e+00
4.909234875444840052e-01,4.329999999999999960e-01,0.000000000000000000e+00
4.934270462633452148e-01,4.329999999999999960e-01,0.000000000000000000e+00
4.959306049822064244e-01,4.329999999999999960e-01,0.000000000000000000e+00
4.984341637010676340e-01,4.329999999999999960e-01,0.000000000000000000e+00
5.009377224199288436e-01,4.329999999999999960e-01,0.000000000000000000e+00
5.034412811387900533e-01,4.329999999999999960e-01,0.000000000000000000e+00
5.059448398576512629e-01,4.329999999999999960e-01,0.000000000000000000e+00
5.084483985765124725e-01,4.329999999999999960e-01,0.000000000000000000e+00
5.109519572953736821e-01,4.329999999999999960e-01,0.000000000000000000e+00
5.134555160142348917e-01,4.329999999999999960e-01,0.000000000000000000e+00
5.159590747330961014e-01,4.329999999999999960e-01,0.000000000000000000e+00
5.184626334519573110e-01,4.329999999999999960e-01,0.000000000000000000e+00
5.209661921708185206e-01,4.329999999999999960e-01,0.000000000000000000e+00
5.234697508896797302e-01,4.329999999999999960e-01,0.000000000000000000e+00
5.259733096085409398e-01,4.329999999999999960e-01,0.000000000000000000e+00
5.284768683274021495e-01,4.329999999999999960e-01,0.000000000000000000e+00
5.309804270462633591e-01,4.329999999999999960e-01,0.000000000000000000e+00
5.334839857651245687e-01,4.329999999999999960e-01,0.000000000000000000e+00
5.359875444839857783e-01,4.329999999999999960e-01,0.000000000000000000e+00
5.384911032028469879e-01,4.329999999999999960e-01,0.000000000000000000e+00
5.409946619217081976e-01,4.329999999999999960e-01,0.000000000000000000e+00
5.434982206405694072e-01,4.329999999999999960e-01,0.000000000000000000e+00
5.460017793594306168e-01,4.329999999999999960e-01,0.000000000000000000e+00
5.485053380782918264e-01,4.329999999999999960e-01,0.000000000000000000e+00
5.510088967971530360e-01,4.329999999999999960e-01,0.000000000000000000e+00
5.535124555160142457e-01,4.329999999999999960e-01,0.000000000000000000e+00
5.560160142348754553e-01,4.329999999999999960e-01,0.000000000000000000e+00
5.585195729537366649e-01,4.329999999999999960e-01,0.000000000000000000e+00
5.610231316725978745e-01,4.329999999999999960e-01,0.000000000000000000e+00
5.635266903914590841e-01,4.329999999999999960e-01,0.000000000000000000e+00
5.660302491103202938e-01,4.329999999999999960e-01,0.000000000000000000e+00
5.685338078291815034e-01,4.329999999999999960e-01,0.000000000000000000e+00
5.710373665480427130e-01,4.329999999999999960e-01,0.000000000000000000e+00
5.735409252669039226e-01,4.329999999999999960e-01,0.000000000000000000e+00
5.760444839857651322e-01,4.329999999999999960e-01,0.000000000000000000e+00
5.785480427046263419e-01,4.329999999999999960e-01,0.000000000000000000e+00
5.810516014234875515e-01,4.329999999999999960e-01,0.000000000000000000e+00
5.835551601423487611e-01,4.329999999999999960e-01,0.000000000000000000e+00
5.860587188612099707e-01,4.329999999999999960e-01,0.000000000000000000e+00
5.885622775800711803e-01,4.329999999999999960e-01,0.000000000000000000e+00
5.910658362989323900e-01,4.329999999999999960e-01,0.000000000000000000e+00
5.935693950177935996e-01,4.329999999999999960e-01,0.000000000000000000e+00
5.960729537366548092e-01,4.329999999999999960e-01,0.000000000000000000e+00
5.985765124555160188e-01,4.329999999999999960e-01,0.000000000000000000e+00
6.010800711743772284e-01,4.329999999999999960e-01,0.000000000000000000e+00
6.035836298932384381e-01,4.329999999999999960e-01,0.000000000000000000e+00
6.060871886120996477e-01,4.329999999999999960e-01,0.000000000000000000e+00
6.085907473309608573e-01,4.329999999999999960e-01,0.000000000000000000e+00
6.110943060498220669e-01,4.329999999999999960e-01,0.000000000000000000e+00
6.135978647686832765e-01,4.329999999999999960e-01,0.000000000000000000e+00
6.161014234875444862e-01,4.329999999999999960e-01,0.000000000000000000e+00
6.186049822064056958e-01,4.329999999999999960e-01,0.000000000000000000e+00
6.211085409252669054e-01,4.329999999999999960e-01,0.000000000000000000e+00
6.236120996441281150e-01,4.329999999999999960e-01,0.000000000000000000e+00
6.261156583629893246e-01,4.329999999999999960e-01,0.000000000000000000e+00
6.286192170818505343e-01,4.329999999999999960e-01,0.000000000000000000e+00
6.311227758007117439e-01,4.329999999999999960e-01,0.000000000000000000e+00
6.336263345195729535e-01,4.329999999999999960e-01,0.000000000000000000e+00
6.361298932384341631e-01,4.329999999999999960e-01,0.000000000000000000e+00
6.386334519572953727e-01,4.329999999999999960e-01,0.000000000000000000e+00
6.411370106761565824e-01,4.329999999999999960e-01,0.000000000000000000e+00
6.436405693950177920e-01,4.329999999999999960e-01,0.000000000000000000e+00
6.461441281138790016e-01,4.329999999999999960e-01,0.000000000000000000e+00
6.486476868327402112e-01,4.329999999999999960e-01,0.000000000000000000e+00
6.511512455516014208e-01,4.329999999999999960e-01,0.000000000000000000e+00
6.536548042704626305e-01,4.329999999999999960e-01,0.000000000000000000e+00
6.561583629893238401e-01,4.329999999999999960e-01,0.000000000000000000e+00
6.586619217081850497e-01,4.329999999999999960e-01,0.000000000000000000e+00
6.611654804270462593e-01,4.329999999999999960e-01,0.000000000000000000e+00
6.636690391459074689e-01,4.329999999999999960e-01,0.000000000000000000e+00
6.661725978647686786e-01,4.329999999999999960e-01,0.000000000000000000e+00
6.686761565836298882e-01,4.329999999999999960e-01,0.000000000000000000e+00
6.711797153024910978e-01,4.329999999999999960e-01,0.000000000000000000e+00
6.736832740213523074e-01,4.329999999999999960e-01,0.000000000000000000e+00
6.761868327402136281e-01,4.329999999999999960e-01,0.000000000000000000e+00
6.786903914590747267e-01,4.329999999999999960e-01,0.000000000000000000e+00
6.811939501779360473e-01,4.329999999999999960e-01,0.000000000000000000e+00
6.836975088967971459e-01,4.329999999999999960e-01,0.000000000000000000e+00
6.862010676156584665e-01,4.329999999999999960e-01,0.000000000000000000e+00
6.887046263345195651e-01,4.329999999999999960e-01,0.000000000000000000e+00
6.912081850533808858e-01,4.329999999999999960e-01,0.000000000000000000e+00
6.937117437722419844e-01,4.329999999999999960e-01,0.000000000000000000e+00
6.962153024911033050e-01,4.329999999999999960e-01,0.000000000000000000e+00
6.987188612099644036e-01,4.329999999999999960e-01,0.000000000000000000e+00
7.012224199288257243e-01,4.329999999999999960e-01,0.000000000000000000e+00
7.037259786476868229e-01,4.329999999999999960e-01,0.000000000000000000e+00
7.062295373665481435e-01,4.329999999999999960e-01,0.000000000000000000e+00
7.087330960854092421e-01,4.329999999999999960e-01,0.000000000000000000e+00
7.112366548042705627e-01,4.329999999999999960e-01,0.000000000000000000e+00
7.137402135231316613e-01,4.329999999999999960e-01,0.000000000000000000e+00
7.162437722419929820e-01,4.329999999999999960e-01,0.000000000000000000e+00
7.187473309608540806e-01,4.329999999999999960e-01,0.000000000000000000e+00
7.212508896797154012e-01,4.329999999999999960e-01,0.000000000000000000e+00
7.237544483985764998e-01,4.329999999999999960e-01,0.000000000000000000e+00
7.262580071174378205e-01,4.329999999999999960e-01,0.000000000000000000e+00
7.287615658362989191e-01,4.329999999999999960e-01,0.000000000000000000e+00
7.312651245551602397e-01,4.329999999999999960e-01,0.000000000000000000e+00
7.337686832740213383e-01,4.329999999999999960e-01,0.000000000000000000e+00
7.362722419928826589e-01,4.329999999999999960e-01,0.000000000000000000e+00
7.387758007117437575e-01,4.329999999999999960e-01,0.000000000000000000e+00
7.412793594306050782e-01,4.329999999999999960e-01,0.000000000000000000e+00
7.437829181494661768e-01,4.329999999999999960e-01,0.000000000000000000e+00
7.462864768683274974e-01,4.329999999999999960e-01,0.000000000000000000e+00
7.487900355871885960e-01,4.329999999999999960e-01,0.000000000000000000e+00
7.512935943060499167e-01,4.329999999999999960e-01,0.000000000000000000e+00
7.537971530249110153e-01,4.329999999999999960e-01,0.000000000000000000e+00
7.563007117437723359e-01,4.329999999999999960e-01,0.000000000000000000e+00
7.588042704626334345e-01,4.329999999999999960e-01,0.000000000000000000e+00
7.613078291814947551e-01,4.329999999999999960e-01,0.000000000000000000e+00
7.638113879003558537e-01,4.329999999999999960e-01,0.000000000000000000e+00
7.663149466192171744e-01,4.329999999999999960e-01,0.000000000000000000e+00
7.688185053380782730e-01,4.329999999999999960e-01,0.000000000000000000e+00
7.713220640569395936e-01,4.329999999999999960e-01,0.000000000000000000e+00
7.738256227758006922e-01,4.329999999999999960e-01,0.000000000000000000e+00
7.763291814946620129e-01,4.329999999999999960e-01,0.000000000000000000e+00
7.788327402135231114e-01,4.329999999999999960e-01,0.000000000000000000e+00
7.813362989323844321e-01,4.329999999999999960e-01,0.000000000000000000e+00
7.838398576512455307e-01,4.329999999999999960e-01,0.000000000000000000e+00
7.863434163701068513e-01,4.329999999999999960e-01,0.000000000000000000e+00
7.888469750889679499e-01,4.329999999999999960e-01,0.000000000000000000e+00
7.913505338078292706e-01,4.329999999999999960e-01,0.000000000000000000e+00
7.938540925266903692e-01,4.329999999999999960e-01,0.000000000000000000e+00
7.963576512455516898e-01,4.329999999999999960e-01,0.000000000000000000e+00
7.988612099644127884e-01,4.329999999999999960e-01,0.000000000000000000e+00
8.013647686832741091e-01,4.329999999999999960e-01,0.000000000000000000e+00
8.038683274021352076e-01,4.329999999999999960e-01,0.000000000000000000e+00
8.063718861209965283e-01,4.329999999999999960e-01,0.000000000000000000e+00
8.088754448398576269e-01,4.329999999999999960e-01,0.000000000000000000e+00
8.113790035587189475e-01,4.329999999999999960e-01,0.000000000000000000e+00
8.138825622775800461e-01,4.329999999999999960e-01,0.000000000000000000e+00
8.163861209964413668e-01,4.329999999999999960e-01,0.000000000000000000e+00
8.188896797153024654e-01,4.329999999999999960e-01,0.000000000000000000e+00
8.213932384341637860e-01,4.329999999999999960e-01,0.000000000000000000e+00
8.238967971530248846e-01,4.329999999999999960e-01,0.000000000000000000e+00
8.264003558718862053e-01,4.329999999999999960e-01,0.000000000000000000e+00
8.289039145907473038e-01,4.329999999999999960e-01,0.000000000000000000e+00
8.314074733096086245e-01,4.329999999999999960e-01,0.000000000000000000e+00
8.339110320284697231e-01,4.329999999999999960e-01,0.000000000000000000e+00
8.364145907473310437e-01,4.329999999999999960e-01,0.000000000000000000e+00
8.389181494661921423e-01,4.329999999999999960e-01,0.000000000000000000e+00
8.414217081850534630e-01,4.329999999999999960e-01,0.000000000000000000e+00
8.439252669039145616e-01,4.329999999999999960e-01,0.000000000000000000e+00
8.464288256227758822e-01,4.329999999999999960e-01,0.000000000000000000e+00
8.489323843416369808e-01,4.329999999999999960e-01,0.000000000000000000e+00
8.514359430604983014e-01,4.329999999999999960e-01,0.000000000000000000e+00
8.539395017793594000e-01,4.329999999999999960e-01,0.000000000000000000e+00
8.564430604982207207e-01,4.329999999999999960e-01,0.000000000000000000e+00
8.589466192170818193e-01,4.329999999999999960e-01,0.000000000000000000e+00
8.614501779359431399e-01,4.329999999999999960e-01,0.000000000000000000e+00
8.639537366548042385e-01,4.329999999999999960e-01,0.000000000000000000e+00
8.664572953736655592e-01,4.329999999999999960e-01,0.000000000000000000e+00
8.689608540925266578e-01,4.329999999999999960e-01,0.000000000000000000e+00
8.714644128113879784e-01,4.329999999999999960e-01,0.000000000000000000e+00
8.739679715302490770e-01,4.329999999999999960e-01,0.000000000000000000e+00
8.764715302491103976e-01,4.329999999999999960e-01,0.000000000000000000e+00
8.789750889679714962e-01,4.329999999999999960e-01,0.000000000000000000e+00
8.814786476868328169e-01,4.329999999999999960e-01,0.000000000000000000e+00
8.839822064056939155e-01,4.329999999999999960e-01,0.000000000000000000e+00
8.864857651245552361e-01,4.329999999999999960e-01,0.000000000000000000e+00
8.889893238434163347e-01,4.329999999999999960e-01,0.000000000000000000e+00
8.914928825622776554e-01,4.329999999999999960e-01,0.000000000000000000e+00
8.939964412811387540e-01,4.329999999999999960e-01,0.000000000000000000e+00
8.965000000000000746e-01,4.329999999999999960e-01,0.000000000000000000e+00
8.990035587188611732e-01,4.329999999999999960e-01,0.000000000000000000e+00
9.015071174377224938e-01,4.329999999999999960e-01,0.000000000000000000e+00
9.040106761565835924e-01,4.329999999999999960e-01,0.000000000000000000e+00
9.065142348754449131e-01,4.329999999999999960e-01,0.000000000000000000e+00
9.090177935943060117e-01,4.329999999999999960e-01,0.000000000000000000e+00
9.115213523131673323e-01,4.329999999999999960e-01,0.000000000000000000e+00
9.140249110320284309e-01,4.329999999999999960e-01,0.000000000000000000e+00
9.165284697508897516e-01,4.329999999999999960e-01,0.000000000000000000e+00
9.190320284697508502e-01,4.329999999999999960e-01,0.000000000000000000e+00
9.215355871886121708e-01,4.329999999999999960e-01,0.000000000000000000e+00
9.240391459074732694e-01,4.329999999999999960e-01,0.000000000000000000e+00
9.265427046263345900e-01,4.329999999999999960e-01,0.000000000000000000e+00
9.290462633451956886e-01,4.329999999999999960e-01,0.000000000000000000e+00
9.315498220640570093e-01,4.329999999999999960e-01,0.000000000000000000e+00
9.340533807829181079e-01,4.329999999999999960e-01,0.000000000000000000e+00
9.365569395017794285e-01,4.329999999999999960e-01,0.000000000000000000e+00
9.390604982206405271e-01,4.329999999999999960e-01,0.000000000000000000e+00
9.415640569395018478e-01,4.329999999999999960e-01,0.000000000000000000e+00
9.440676156583629464e-01,4.329999999999999960e-01,0.000000000000000000e+00
9.465711743772242670e-01,4.329999999999999960e-01,0.000000000000000000e+00
9.490747330960853656e-01,4.329999999999999960e-01,0.000000000000000000e+00
9.515782918149466862e-01,4.329999999999999960e-01,0.000000000000000000e+00
9.540818505338077848e-01,4.329999999999999960e-01,0.000000000000000000e+00
9.565854092526691055e-01,4.329999999999999960e-01,0.000000000000000000e+00
9.590889679715302041e-01,4.329999999999999960e-01,0.000000000000000000e+00
9.615925266903915247e-01,4.329999999999999960e-01,0.000000000000000000e+00
9.640960854092526233e-01,4.329999999999999960e-01,0.000000000000000000e+00
9.665996441281139440e-01,4.329999999999999960e-01,0.000000000000000000e+00
9.691032028469750426e-01,4.329999999999999960e-01,0.000000000000000000e+00
9.716067615658363632e-01,4.329999999999999960e-01,0.000000000000000000e+00
9.741103202846974618e-01,4.329999999999999960e-01,0.000000000000000000e+00
9.766138790035587824e-01,4.329999999999999960e-01,0.000000000000000000e+00
9.791174377224198810e-01,4.329999999999999960e-01,0.000000000000000000e+00
9.816209964412812017e-01,4.329999999999999960e-01,0.000000000000000000e+00
9.841245551601423003e-01,4.329999999999999960e-01,0.000000000000000000e+00
9.866281138790036209e-01,4.329999999999999960e-01,0.000000000000000000e+00
9.891316725978647195e-01,4.329999999999999960e-01,0.000000000000000000e+00
9.916352313167260402e-01,4.329999999999999960e-01,0.000000000000000000e+00
9.941387900355871388e-01,4.329999999999999960e-01,0.000000000000000000e+00
9.966423487544484594e-01,4.329999999999999960e-01,0.000000000000000000e+00
9.991459074733095580e-01,4.329999999999999960e-01,0.000000000000000000e+00
1.001649466192170879e+00,4.329999999999999960e-01,0.000000000000000000e+00
1.004153024911031977e+00,4.329999999999999960e-01,0.000000000000000000e+00
1.006656583629893298e+00,4.329999999999999960e-01,0.000000000000000000e+00
1.009160142348754396e+00,4.329999999999999960e-01,0.000000000000000000e+00
1.011663701067615717e+00,4.329999999999999960e-01,0.000000000000000000e+00
1.014167259786476816e+00,4.329999999999999960e-01,0.000000000000000000e+00
1.016670818505338136e+00,4.329999999999999960e-01,0.000000000000000000e+00
1.019174377224199235e+00,4.329999999999999960e-01,0.000000000000000000e+00
1.021677935943060556e+00,4.329999999999999960e-01,0.000000000000000000e+00
1.024181494661921654e+00,4.329999999999999960e-01,0.000000000000000000e+00
1.026685053380782975e+00,4.329999999999999960e-01,0.000000000000000000e+00
1.029188612099644073e+00,4.329999999999999960e-01,0.000000000000000000e+00
1.031692170818505394e+00,4.329999999999999960e-01,0.000000000000000000e+00
1.034195729537366493e+00,4.329999999999999960e-01,0.000000000000000000e+00
1.036699288256227813e+00,4.329999999999999960e-01,0.000000000000000000e+00
1.039202846975088912e+00,4.329999999999999960e-01,0.000000000000000000e+00
1.041706405693950233e+00,4.329999999999999960e-01,0.000000000000000000e+00
1.044209964412811331e+00,4.329999999999999960e-01,0.000000000000000000e+00
1.046713523131672652e+00,4.329999999999999960e-01,0.000000000000000000e+00
1.049217081850533750e+00,4.329999999999999960e-01,0.000000000000000000e+00
1.051720640569395071e+00,4.329999999999999960e-01,0.000000000000000000e+00
1.054224199288256170e+00,4.329999999999999960e-01,0.000000000000000000e+00
1.056727758007117490e+00,4.329999999999999960e-01,0.000000000000000000e+00
1.059231316725978589e+00,4.329999999999999960e-01,0.000000000000000000e+00
1.061734875444839910e+00,4.329999999999999960e-01,0.000000000000000000e+00
1.064238434163701008e+00,4.329999999999999960e-01,0.000000000000000000e+00
1.066741992882562329e+00,4.329999999999999960e-01,0.000000000000000000e+00
1.069245551601423427e+00,4.329999999999999960e-01,0.000000000000000000e+00
1.071749110320284748e+00,4.329999999999999960e-01,0.000000000000000000e+00
1.074252669039145847e+00,4.329999999999999960e-01,0.000000000000000000e+00
1.076756227758007167e+00,4.329999999999999960e-01,0.000000000000000000e+00
1.079259786476868266e+00,4.329999999999999960e-01,0.000000000000000000e+00
1.081763345195729586e+00,4.329999999999999960e-01,0.000000000000000000e+00
1.084266903914590685e+00,4.329999999999999960e-01,0.000000000000000000e+00
1.086770462633452006e+00,4.329999999999999960e-01,0.000000000000000000e+00
1.089274021352313104e+00,4.329999999999999960e-01,0.000000000000000000e+00
1.091777580071174425e+00,4.329999999999999960e-01,0.000000000000000000e+00
1.094281138790035524e+00,4.329999999999999960e-01,0.000000000000000000e+00
1.096784697508896844e+00,4.329999999999999960e-01,0.000000000000000000e+00
1.099288256227757943e+00,4.329999999999999960e-01,0.000000000000000000e+00
1.101791814946619263e+00,4.329999999999999960e-01,0.000000000000000000e+00
1.104295373665480362e+00,4.329999999999999960e-01,0.000000000000000000e+00
1.106798932384341683e+00,4.329999999999999960e-01,0.000000000000000000e+00
1.109302491103202781e+00,4.329999999999999960e-01,0.000000000000000000e+00
1.111806049822064102e+00,4.329999999999999960e-01,0.000000000000000000e+00
1.114309608540925201e+00,4.329999999999999960e-01,0.000000000000000000e+00
1.116813167259786521e+00,4.329999999999999960e-01,0.000000000000000000e+00
1.119316725978647620e+00,4.329999999999999960e-01,0.000000000000000000e+00
1.121820284697508940e+00,4.329999999999999960e-01,0.000000000000000000e+00
1.124323843416370039e+00,4.329999999999999960e-01,0.000000000000000000e+00
1.126827402135231360e+00,4.329999999999999960e-01,0.000000000000000000e+00
1.129330960854092458e+00,4.329999999999999960e-01,0.000000000000000000e+00
1.131834519572953779e+00,4.329999999999999960e-01,0.000000000000000000e+00
1.134338078291814877e+00,4.329999999999999960e-01,0.000000000000000000e+00
1.136841637010676198e+00,4.329999999999999960e-01,0.000000000000000000e+00
1.139345195729537297e+00,4.329999999999999960e-01,0.000000000000000000e+00
1.141848754448398617e+00,4.329999999999999960e-01,0.000000000000000000e+00
1.144352313167259716e+00,4.329999999999999960e-01,0.000000000000000000e+00
1.146855871886121037e+00,4.329999999999999960e-01,0.000000000000000000e+00
1.149359430604982135e+00,4.329999999999999960e-01,0.000000000000000000e+00
1.151862989323843456e+00,4.329999999999999960e-01,0.000000000000000000e+00
1.154366548042704776e+00,4.329999999999999960e-01,0.000000000000000000e+00
1.156870106761565875e+00,4.329999999999999960e-01,0.000000000000000000e+00
1.159373665480427196e+00,4.329999999999999960e-01,0.000000000000000000e+00
1.161877224199288294e+00,4.329999999999999960e-01,0.000000000000000000e+00
1.164380782918149615e+00,4.329999999999999960e-01,0.000000000000000000e+00
1.166884341637010714e+00,4.329999999999999960e-01,0.000000000000000000e+00
1.169387900355872034e+00,4.329999999999999960e-01,0.000000000000000000e+00
1.171891459074733133e+00,4.329999999999999960e-01,0.000000000000000000e+00
1.174395017793594453e+00,4.329999999999999960e-01,0.000000000000000000e+00
1.176898576512455552e+00,4.329999999999999960e-01,0.000000000000000000e+00
1.179402135231316873e+00,4.329999999999999960e-01,0.000000000000000000e+00
1.181905693950177971e+00,4.329999999999999960e-01,0.000000000000000000e+00
1.184409252669039292e+00,4.329999999999999960e-01,0.000000000000000000e+00
1.186912811387900391e+00,4.329999999999999960e-01,0.000000000000000000e+00
1.189416370106761711e+00,4.329999999999999960e-01,0.000000000000000000e+00
1.191919928825622810e+00,4.329999999999999960e-01,0.000000000000000000e+00
1.194423487544484130e+00,4.329999999999999960e-01,0.000000000000000000e+00
1.196927046263345229e+00,4.329999999999999960e-01,0.000000000000000000e+00
1.199430604982206550e+00,4.329999999999999960e-01,0.000000000000000000e+00
1.201934163701067648e+00,4.329999999999999960e-01,0.000000000000000000e+00
1.204437722419928969e+00,4.329999999999999960e-01,0.000000000000000000e+00
1.206941281138790067e+00,4.329999999999999960e-01,0.000000000000000000e+00
1.209444839857651388e+00,4.329999999999999960e-01,0.000000000000000000e+00
1.211948398576512487e+00,4.329999999999999960e-01,0.000000000000000000e+00
1.214451957295373807e+00,4.329999999999999960e-01,0.000000000000000000e+00
1.216955516014234906e+00,4.329999999999999960e-01,0.000000000000000000e+00
1.219459074733096227e+00,4.329999999999999960e-01,0.000000000000000000e+00
1.221962633451957325e+00,4.329999999999999960e-01,0.000000000000000000e+00
1.224466192170818646e+00,4.329999999999999960e-01,0.000000000000000000e+00
1.226969750889679744e+00,4.329999999999999960e-01,0.000000000000000000e+00
1.229473309608541065e+00,4.329999999999999960e-01,0.000000000000000000e+00
1.231976868327402164e+00,4.329999999999999960e-01,0.000000000000000000e+00
1.234480427046263484e+00,4.329999999999999960e-01,0.000000000000000000e+00
1.236983985765124583e+00,4.329999999999999960e-01,0.000000000000000000e+00
1.239487544483985904e+00,4.329999999999999960e-01,0.000000000000000000e+00
1.241991103202847002e+00,4.329999999999999960e-01,0.000000000000000000e+00
1.244494661921708323e+00,4.329999999999999960e-01,0.000000000000000000e+00
1.246998220640569421e+00,4.329999999999999960e-01,0.000000000000000000e+00
1.249501779359430742e+00,4.329999999999999960e-01,0.000000000000000000e+00
1.252005338078291841e+00,4.329999999999999960e-01,0.000000000000000000e+00
1.254508896797153161e+00,4.329999999999999960e-01,0.000000000000000000e+00
1.257012455516014260e+00,4.329999999999999960e-01,0.000000000000000000e+00
1.259516014234875581e+00,4.329999999999999960e-01,0.000000000000000000e+00
1.262019572953736679e+00,4.329999999999999960e-01,0.000000000000000000e+00
1.264523131672598000e+00,4.329999999999999960e-01,0.000000000000000000e+00
1.267026690391459098e+00,4.329999999999999960e-01,0.000000000000000000e+00
1.269530249110320419e+00,4.329999999999999960e-01,0.000000000000000000e+00
1.272033807829181518e+00,4.329999999999999960e-01,0.000000000000000000e+00
1.274537366548042838e+00,4.329999999999999960e-01,0.000000000000000000e+00
1.277040925266903937e+00,4.329999999999999960e-01,0.000000000000000000e+00
1.279544483985765257e+00,4.329999999999999960e-01,0.000000000000000000e+00
1.282048042704626356e+00,4.329999999999999960e-01,0.000000000000000000e+00
1.284551601423487677e+00,4.329999999999999960e-01,0.000000000000000000e+00
1.287055160142348775e+00,4.329999999999999960e-01,0.000000000000000000e+00
1.289558718861210096e+00,4.329999999999999960e-01,0.000000000000000000e+00
1.292062277580071195e+00,4.329999999999999960e-01,0.000000000000000000e+00
1.294565836298932515e+00,4.329999999999999960e-01,0.000000000000000000e+00
1.297069395017793614e+00,4.329999999999999960e-01,0.000000000000000000e+00
1.299572953736654934e+00,4.329999999999999960e-01,0.000000000000000000e+00
1.302076512455516033e+00,4.329999999999999960e-01,0.000000000000000000e+00
1.304580071174377354e+00,4.329999999999999960e-01,0.000000000000000000e+00
1.307083629893238452e+00,4.329999999999999960e-01,0.000000000000000000e+00
1.309587188612099773e+00,4.329999999999999960e-01,0.000000000000000000e+00
1.312090747330960872e+00,4.329999999999999960e-01,0.000000000000000000e+00
1.314594306049822192e+00,4.329999999999999960e-01,0.000000000000000000e+00
1.317097864768683291e+00,4.329999999999999960e-01,0.000000000000000000e+00
1.319601423487544611e+00,4.329999999999999960e-01,0.000000000000000000e+00
1.322104982206405710e+00,4.329999999999999960e-01,0.000000000000000000e+00
1.324608540925267031e+00,4.329999999999999960e-01,0.000000000000000000e+00
1.327112099644128129e+00,4.329999999999999960e-01,0.000000000000000000e+00
1.329615658362989450e+00,4.329999999999999960e-01,0.000000000000000000e+00
1.332119217081850548e+00,4.329999999999999960e-01,0.000000000000000000e+00
1.334622775800711869e+00,4.329999999999999960e-01,0.000000000000000000e+00
1.337126334519572968e+00,4.329999999999999960e-01,0.000000000000000000e+00
1.339629893238434288e+00,4.329999999999999960e-01,0.000000000000000000e+00
1.342133451957295387e+00,4.329999999999999960e-01,0.000000000000000000e+00
1.344637010676156708e+00,4.329999999999999960e-01,0.000000000000000000e+00
1.347140569395017806e+00,4.329999999999999960e-01,0.000000000000000000e+00
1.349644128113879127e+00,4.329999999999999960e-01,0.000000000000000000e+00
1.352147686832740225e+00,4.329999999999999960e-01,0.000000000000000000e+00
1.354651245551601546e+00,4.329999999999999960e-01,0.000000000000000000e+00
1.357154804270462645e+00,4.329999999999999960e-01,0.000000000000000000e+00
1.359658362989323965e+00,4.329999999999999960e-01,0.000000000000000000e+00
1.362161921708185064e+00,4.329999999999999960e-01,0.000000000000000000e+00
1.364665480427046385e+00,4.329999999999999960e-01,0.000000000000000000e+00
1.367169039145907483e+00,4.329999999999999960e-01,0.000000000000000000e+00
1.369672597864768804e+00,4.329999999999999960e-01,0.000000000000000000e+00
1.372176156583629902e+00,4.329999999999999960e-01,0.000000000000000000e+00
1.374679715302491223e+00,4.329999999999999960e-01,0.000000000000000000e+00
1.377183274021352322e+00,4.329999999999999960e-01,0.000000000000000000e+00
1.379686832740213642e+00,4.329999999999999960e-01,0.000000000000000000e+00
1.382190391459074741e+00,4.329999999999999960e-01,0.000000000000000000e+00
1.384693950177936062e+00,4.329999999999999960e-01,0.000000000000000000e+00
1.387197508896797160e+00,4.329999999999999960e-01,0.000000000000000000e+00
1.389701067615658481e+00,4.329999999999999960e-01,0.000000000000000000e+00
1.392204626334519579e+00,4.329999999999999960e-01,0.000000000000000000e+00
1.394708185053380900e+00,4.329999999999999960e-01,0.000000000000000000e+00
1.397211743772241999e+00,4.329999999999999960e-01,0.000000000000000000e+00
1.399715302491103319e+00,4.329999999999999960e-01,0.000000000000000000e+00
1.402218861209964418e+00,4.329999999999999960e-01,0.000000000000000000e+00
1.404722419928825738e+00,4.329999999999999960e-01,0.000000000000000000e+00
1.407225978647686837e+00,4.329999999999999960e-01,0.000000000000000000e+00
1.409729537366548158e+00,4.329999999999999960e-01,0.000000000000000000e+00
1.412233096085409256e+00,4.329999999999999960e-01,0.000000000000000000e+00
1.414736654804270577e+00,4.329999999999999960e-01,0.000000000000000000e+00
1.417240213523131676e+00,4.329999999999999960e-01,0.000000000000000000e+00
1.419743772241992996e+00,4.329999999999999960e-01,0.000000000000000000e+00
1.422247330960854095e+00,4.329999999999999960e-01,0.000000000000000000e+00
1.424750889679715415e+00,4.329999999999999960e-01,0.000000000000000000e+00
1.427254448398576514e+00,4.329999999999999960e-01,0.000000000000000000e+00
1.429758007117437835e+00,4.329999999999999960e-01,0.000000000000000000e+00
1.432261565836298933e+00,4.329999999999999960e-01,0.000000000000000000e+00
1.434765124555160254e+00,4.329999999999999960e-01,0.000000000000000000e+00
1.437268683274021353e+00,4.329999999999999960e-01,0.000000000000000000e+00
1.439772241992882673e+00,4.329999999999999960e-01,0.000000000000000000e+00
1.442275800711743772e+00,4.329999999999999960e-01,0.000000000000000000e+00
1.444779359430605092e+00,4.329999999999999960e-01,0.000000000000000000e+00
1.447282918149466191e+00,4.329999999999999960e-01,0.000000000000000000e+00
1.449786476868327512e+00,4.329999999999999960e-01,0.000000000000000000e+00
1.452290035587188610e+00,4.329999999999999960e-01,0.000000000000000000e+00
1.454793594306049931e+00,4.329999999999999960e-01,0.000000000000000000e+00
1.457297153024911029e+00,4.329999999999999960e-01,0.000000000000000000e+00
1.459800711743772350e+00,4.329999999999999960e-01,0.000000000000000000e+00
1.462304270462633449e+00,4.329999999999999960e-01,0.000000000000000000e+00
1.464807829181494769e+00,4.329999999999999960e-01,0.000000000000000000e+00
1.467311387900355868e+00,4.329999999999999960e-01,0.000000000000000000e+00
1.469814946619217189e+00,4.329999999999999960e-01,0.000000000000000000e+00
1.472318505338078287e+00,4.329999999999999960e-01,0.000000000000000000e+00
1.474822064056939608e+00,4.329999999999999960e-01,0.000000000000000000e+00
1.477325622775800928e+00,4.329999999999999960e-01,0.000000000000000000e+00
1.479829181494662027e+00,4.329999999999999960e-01,0.000000000000000000e+00
1.482332740213523348e+00,4.329999999999999960e-01,0.000000000000000000e+00
1.484836298932384446e+00,4.329999999999999960e-01,0.000000000000000000e+00
1.487339857651245767e+00,4.329999999999999960e-01,0.000000000000000000e+00
1.489843416370106866e+00,4.329999999999999960e-01,0.000000000000000000e+00
1.492346975088968186e+00,4.329999999999999960e-01,0.000000000000000000e+00
1.494850533807829285e+00,4.329999999999999960e-01,0.000000000000000000e+00
1.497354092526690605e+00,4.329999999999999960e-01,0.000000000000000000e+00
1.499857651245551704e+00,4.329999999999999960e-01,0.000000000000000000e+00
1.502361209964413025e+00,4.329999999999999960e-01,0.000000000000000000e+00
1.504864768683274123e+00,4.329999999999999960e-01,0.000000000000000000e+00
1.507368327402135444e+00,4.329999999999999960e-01,0.000000000000000000e+00
1.509871886120996543e+00,4.329999999999999960e-01,0.000000000000000000e+00
1.512375444839857863e+00,4.329999999999999960e-01,0.000000000000000000e+00
1.514879003558718962e+00,4.329999999999999960e-01,0.000000000000000000e+00
1.517382562277580282e+00,4.329999999999999960e-01,0.000000000000000000e+00
1.519886120996441381e+00,4.329999999999999960e-01,0.000000000000000000e+00
1.522389679715302702e+00,4.329999999999999960e-01,0.000000000000000000e+00
1.524893238434163800e+00,4.329999999999999960e-01,0.000000000000000000e+00
1.527396797153025121e+00,4.329999999999999960e-01,0.000000000000000000e+00
1.529900355871886219e+00,4.329999999999999960e-01,0.000000000000000000e+00
1.532403914590747540e+00,4.329999999999999960e-01,0.000000000000000000e+00
1.534907473309608639e+00,4.329999999999999960e-01,0.000000000000000000e+00
1.537411032028469959e+00,4.329999999999999960e-01,0.000000000000000000e+00
1.539914590747331058e+00,4.329999999999999960e-01,0.000000000000000000e+00
1.542418149466192379e+00,4.329999999999999960e-01,0.000000000000000000e+00
1.544921708185053477e+00,4.329999999999999960e-01,0.000000000000000000e+00
1.547425266903914798e+00,4.329999999999999960e-01,0.000000000000000000e+00
1.549928825622775896e+00,4.329999999999999960e-01,0.000000000000000000e+00
1.552432384341637217e+00,4.329999999999999960e-01,0.000000000000000000e+00
1.554935943060498316e+00,4.329999999999999960e-01,0.000000000000000000e+00
1.557439501779359636e+00,4.329999999999999960e-01,0.000000000000000000e+00
1.559943060498220735e+00,4.329999999999999960e-01,0.000000000000000000e+00
1.562446619217082056e+00,4.329999999999999960e-01,0.000000000000000000e+00
1.564950177935943154e+00,4.329999999999999960e-01,0.000000000000000000e+00
1.567453736654804475e+00,4.329999999999999960e-01,0.000000000000000000e+00
1.569957295373665573e+00,4.329999999999999960e-01,0.000000000000000000e+00
1.572460854092526894e+00,4.329999999999999960e-01,0.000000000000000000e+00
1.574964412811387993e+00,4.329999999999999960e-01,0.000000000000000000e+00
1.577467971530249313e+00,4.329999999999999960e-01,0.000000000000000000e+00
1.579971530249110412e+00,4.329999999999999960e-01,0.000000000000000000e+00
1.582475088967971733e+00,4.329999999999999960e-01,0.000000000000000000e+00
1.584978647686832831e+00,4.329999999999999960e-01,0.000000000000000000e+00
1.587482206405694152e+00,4.329999999999999960e-01,0.000000000000000000e+00
1.589985765124555250e+00,4.329999999999999960e-01,0.000000000000000000e+00
1.592489323843416571e+00,4.329999999999999960e-01,0.000000000000000000e+00
1.594992882562277670e+00,4.329999999999999960e-01,0.000000000000000000e+00
1.597496441281138990e+00,4.329999999999999960e-01,0.000000000000000000e+00
