-1.600000000000000089e+00,4.570000000000000173e-01,0.000000000000000000e+00
-1.597495370370370482e+00,4.570000000000000173e-01,0.000000000000000000e+00
-1.594990740740740875e+00,4.570000000000000173e-01,0.000000000000000000e+00
-1.592486111111111269e+00,4.570000000000000173e-01,0.000000000000000000e+00
-1.589981481481481662e+00,4.570000000000000173e-01,0.000000000000000000e+00
-1.587476851851851833e+00,4.570000000000000173e-01,0.000000000000000000e+00
-1.584972222222222227e+00,4.570000000000000173e-01,0.000000000000000000e+00
-1.582467592592592620e+00,4.570000000000000173e-01,0.000000000000000000e+00
-1.579962962962963013e+00,4.570000000000000173e-01,0.000000000000000000e+00
-1.577458333333333407e+00,4.570000000000000173e-01,0.000000000000000000e+00
-1.574953703703703800e+00,4.570000000000000173e-01,0.000000000000000000e+00
-1.572449074074074193e+00,4.570000000000000173e-01,0.000000000000000000e+00
-1.569944444444444587e+00,4.570000000000000173e-01,0.000000000000000000e+00
-1.567439814814814980e+00,4.570000000000000173e-01,0.000000000000000000e+00
-1.564935185185185373e+00,4.570000000000000173e-01,0.000000000000000000e+00
-1.562430555555555545e+00,4.570000000000000173e-01,0.000000000000000000e+00
-1.559925925925925938e+00,4.570000000000000173e-01,0.000000000000000000e+00
-1.557421296296296331e+00,4.570000000000000173e-01,0.000000000000000000e+00
-1.554916666666666725e+00,4.570000000000000173e-01,0.000000000000000000e+00
-1.552412037037037118e+00,4.570000000000000173e-01,0.000000000000000000e+00
-1.549907407407407511e+00,4.570000000000000173e-01,0.000000000000000000e+00
-1.547402777777777905e+00,4.570000000000000173e-01,0.000000000000000000e+00
-1.544898148148148298e+00,4.570000000000000173e-01,0.000000000000000000e+00
-1.542393518518518691e+00,4.570000000000000173e-01,0.000000000000000000e+00
-1.539888888888889085e+00,4.570000000000000173e-01,0.000000000000000000e+00
-1.537384259259259256e+00,4.570000000000000173e-01,0.000000000000000000e+00
-1.534879629629629649e+00,4.570000000000000173e-01,0.000000000000000000e+00
-1.532375000000000043e+00,4.570000000000000173e-01,0.000000000000000000e+00
-1.529870370370370436e+00,4.570000000000000173e-01,0.000000000000000000e+00
-1.527365740740740829e+00,4.570000000000000173e-01,0.000000000000000000e+00
-1.524861111111111223e+00,4.570000000000000173e-01,0.000000000000000000e+00
-1.522356481481481616e+00,4.570000000000000173e-01,0.000000000000000000e+00
-1.519851851851852009e+00,4.570000000000000173e-01,0.000000000000000000e+00
-1.517347222222222403e+00,4.570000000000000173e-01,0.000000000000000000e+00
-1.514842592592592574e+00,4.570000000000000173e-01,0.000000000000000000e+00
-1.512337962962962967e+00,4.570000000000000173e-01,0.000000000000000000e+00
-1.509833333333333361e+00,4.570000000000000173e-01,0.000000000000000000e+00
-1.507328703703703754e+00,4.570000000000000173e-01,0.000000000000000000e+00
-1.504824074074074147e+00,4.570000000000000173e-01,0.000000000000000000e+00
-1.502319444444444541e+00,4.570000000000000173e-01,0.000000000000000000e+00
-1.499814814814814934e+00,4.570000000000000173e-01,0.000000000000000000e+00
-1.497310185185185327e+00,4.570000000000000173e-01,0.000000000000000000e+00
-1.494805555555555721e+00,4.570000000000000173e-01,0.000000000000000000e+00
-1.492300925925926114e+00,4.570000000000000173e-01,0.000000000000000000e+00
-1.489796296296296285e+00,4.570000000000000173e-01,0.000000000000000000e+00
-1.487291666666666679e+00,4.570000000000000173e-01,0.000000000000000000e+00
-1.484787037037037072e+00,4.570000000000000173e-01,0.000000000000000000e+00
-1.482282407407407465e+00,4.570000000000000173e-01,0.000000000000000000e+00
-1.479777777777777859e+00,4.570000000000000173e-01,0.000000000000000000e+00
-1.477273148148148252e+00,4.570000000000000173e-01,0.000000000000000000e+00
-1.474768518518518645e+00,4.570000000000000173e-01,0.000000000000000000e+00
-1.472263888888889038e+00,4.570000000000000173e-01,0.000000000000000000e+00
-1.469759259259259432e+00,4.570000000000000173e-01,0.000000000000000000e+00
-1.467254629629629825e+00,4.570000000000000173e-01,0.000000000000000000e+00
-1.464749999999999996e+00,4.570000000000000173e-01,0.000000000000000000e+00
-1.462245370370370390e+00,4.570000000000000173e-01,0.000000000000000000e+00
-1.459740740740740783e+00,4.570000000000000173e-01,0.000000000000000000e+00
-1.457236111111111176e+00,4.570000000000000173e-01,0.000000000000000000e+00
-1.454731481481481570e+00,4.570000000000000173e-01,0.000000000000000000e+00
-1.452226851851851963e+00,4.570000000000000173e-01,0.000000000000000000e+00
-1.449722222222222356e+00,4.570000000000000173e-01,0.000000000000000000e+00
-1.447217592592592750e+00,4.570000000000000173e-01,0.000000000000000000e+00
-1.444712962962963143e+00,4.570000000000000173e-01,0.000000000000000000e+00
-1.442208333333333314e+00,4.570000000000000173e-01,0.000000000000000000e+00
-1.439703703703703708e+00,4.570000000000000173e-01,0.000000000000000000e+00
-1.437199074074074101e+00,4.570000000000000173e-01,0.000000000000000000e+00
-1.434694444444444494e+00,4.570000000000000173e-01,0.000000000000000000e+00
-1.432189814814814888e+00,4.570000000000000173e-01,0.000000000000000000e+00
-1.429685185185185281e+00,4.570000000000000173e-01,0.000000000000000000e+00
-1.427180555555555674e+00,4.570000000000000173e-01,0.000000000000000000e+00
-1.424675925925926068e+00,4.570000000000000173e-01,0.000000000000000000e+00
-1.422171296296296461e+00,4.570000000000000173e-01,0.000000000000000000e+00
-1.419666666666666632e+00,4.570000000000000173e-01,0.000000000000000000e+00
-1.417162037037037248e+00,4.570000000000000173e-01,0.000000000000000000e+00
-1.414657407407407419e+00,4.570000000000000173e-01,0.000000000000000000e+00
-1.412152777777777812e+00,4.570000000000000173e-01,0.000000000000000000e+00
-1.409648148148148206e+00,4.570000000000000173e-01,0.000000000000000000e+00
-1.407143518518518599e+00,4.570000000000000173e-01,0.000000000000000000e+00
-1.404638888888888992e+00,4.570000000000000173e-01,0.000000000000000000e+00
-1.402134259259259386e+00,4.570000000000000173e-01,0.000000000000000000e+00
-1.399629629629629779e+00,4.570000000000000173e-01,0.000000000000000000e+00
-1.397125000000000172e+00,4.570000000000000173e-01,0.000000000000000000e+00
-1.394620370370370566e+00,4.570000000000000173e-01,0.000000000000000000e+00
-1.392115740740740737e+00,4.570000000000000173e-01,0.000000000000000000e+00
-1.389611111111111130e+00,4.570000000000000173e-01,0.000000000000000000e+00
-1.387106481481481524e+00,4.570000000000000173e-01,0.000000000000000000e+00
-1.384601851851851917e+00,4.570000000000000173e-01,0.000000000000000000e+00
-1.382097222222222310e+00,4.570000000000000173e-01,0.000000000000000000e+00
-1.379592592592592704e+00,4.570000000000000173e-01,0.000000000000000000e+00
-1.377087962962963097e+00,4.570000000000000173e-01,0.000000000000000000e+00
-1.374583333333333490e+00,4.570000000000000173e-01,0.000000000000000000e+00
-1.372078703703703884e+00,4.570000000000000173e-01,0.000000000000000000e+00
-1.369574074074074055e+00,4.570000000000000173e-01,0.000000000000000000e+00
-1.367069444444444448e+00,4.570000000000000173e-01,0.000000000000000000e+00
-1.364564814814814842e+00,4.570000000000000173e-01,0.000000000000000000e+00
-1.362060185185185235e+00,4.570000000000000173e-01,0.000000000000000000e+00
-1.359555555555555628e+00,4.570000000000000173e-01,0.000000000000000000e+00
-1.357050925925926022e+00,4.570000000000000173e-01,0.000000000000000000e+00
-1.354546296296296415e+00,4.570000000000000173e-01,0.000000000000000000e+00
-1.352041666666666808e+00,4.570000000000000173e-01,0.000000000000000000e+00
-1.349537037037037202e+00,4.570000000000000173e-01,0.000000000000000000e+00
-1.347032407407407373e+00,4.570000000000000173e-01,0.000000000000000000e+00
-1.344527777777777988e+00,4.570000000000000173e-01,0.000000000000000000e+00
-1.342023148148148159e+00,4.570000000000000173e-01,0.000000000000000000e+00
-1.339518518518518553e+00,4.570000000000000173e-01,0.000000000000000000e+00
-1.337013888888888946e+00,4.570000000000000173e-01,0.000000000000000000e+00
-1.334509259259259339e+00,4.570000000000000173e-01,0.000000000000000000e+00
-1.332004629629629733e+00,4.570000000000000173e-01,0.000000000000000000e+00
-1.329500000000000126e+00,4.570000000000000173e-01,0.000000000000000000e+00
-1.326995370370370519e+00,4.570000000000000173e-01,0.000000000000000000e+00
-1.324490740740740691e+00,4.570000000000000173e-01,0.000000000000000000e+00
-1.321986111111111306e+00,4.570000000000000173e-01,0.000000000000000000e+00
-1.319481481481481477e+00,4.570000000000000173e-01,0.000000000000000000e+00
-1.316976851851851871e+00,4.570000000000000173e-01,0.000000000000000000e+00
-1.314472222222222264e+00,4.570000000000000173e-01,0.000000000000000000e+00
-1.311967592592592657e+00,4.570000000000000173e-01,0.000000000000000000e+00
-1.309462962962963051e+00,4.570000000000000173e-01,0.000000000000000000e+00
-1.306958333333333444e+00,4.570000000000000173e-01,0.000000000000000000e+00
-1.304453703703703837e+00,4.570000000000000173e-01,0.000000000000000000e+00
-1.301949074074074231e+00,4.570000000000000173e-01,0.000000000000000000e+00
-1.299444444444444624e+00,4.570000000000000173e-01,0.000000000000000000e+00
-1.296939814814814795e+00,4.570000000000000173e-01,0.000000000000000000e+00
-1.294435185185185189e+00,4.570000000000000173e-01,0.000000000000000000e+00
-1.291930555555555582e+00,4.570000000000000173e-01,0.000000000000000000e+00
-1.289425925925925975e+00,4.570000000000000173e-01,0.000000000000000000e+00
-1.286921296296296369e+00,4.570000000000000173e-01,0.000000000000000000e+00
-1.284416666666666762e+00,4.570000000000000173e-01,0.000000000000000000e+00
-1.281912037037037155e+00,4.570000000000000173e-01,0.000000000000000000e+00
-1.279407407407407549e+00,4.570000000000000173e-01,0.000000000000000000e+00
-1.276902777777777942e+00,4.570000000000000173e-01,0.000000000000000000e+00
-1.274398148148148113e+00,4.570000000000000173e-01,0.000000000000000000e+00
-1.271893518518518729e+00,4.570000000000000173e-01,0.000000000000000000e+00
-1.269388888888888900e+00,4.570000000000000173e-01,0.000000000000000000e+00
-1.266884259259259293e+00,4.570000000000000173e-01,0.000000000000000000e+00
-1.264379629629629687e+00,4.570000000000000173e-01,0.000000000000000000e+00
-1.261875000000000080e+00,4.570000000000000173e-01,0.000000000000000000e+00
-1.259370370370370473e+00,4.570000000000000173e-01,0.000000000000000000e+00
-1.256865740740740867e+00,4.570000000000000173e-01,0.000000000000000000e+00
-1.254361111111111260e+00,4.570000000000000173e-01,0.000000000000000000e+00
-1.251856481481481431e+00,4.570000000000000173e-01,0.000000000000000000e+00
-1.249351851851852047e+00,4.570000000000000173e-01,0.000000000000000000e+00
-1.246847222222222218e+00,4.570000000000000173e-01,0.000000000000000000e+00
-1.244342592592592611e+00,4.570000000000000173e-01,0.000000000000000000e+00
-1.241837962962963005e+00,4.570000000000000173e-01,0.000000000000000000e+00
-1.239333333333333398e+00,4.570000000000000173e-01,0.000000000000000000e+00
-1.236828703703703791e+00,4.570000000000000173e-01,0.000000000000000000e+00
-1.234324074074074185e+00,4.570000000000000173e-01,0.000000000000000000e+00
-1.231819444444444578e+00,4.570000000000000173e-01,0.000000000000000000e+00
-1.229314814814814971e+00,4.570000000000000173e-01,0.000000000000000000e+00
-1.226810185185185365e+00,4.570000000000000173e-01,0.000000000000000000e+00
-1.224305555555555536e+00,4.570000000000000173e-01,0.000000000000000000e+00
-1.221800925925925929e+00,4.570000000000000173e-01,0.000000000000000000e+00
-1.219296296296296322e+00,4.570000000000000173e-01,0.000000000000000000e+00
-1.216791666666666716e+00,4.570000000000000173e-01,0.000000000000000000e+00
-1.214287037037037109e+00,4.570000000000000173e-01,0.000000000000000000e+00
-1.211782407407407502e+00,4.570000000000000173e-01,0.000000000000000000e+00
-1.209277777777777896e+00,4.570000000000000173e-01,0.000000000000000000e+00
-1.206773148148148289e+00,4.570000000000000173e-01,0.000000000000000000e+00
-1.204268518518518682e+00,4.570000000000000173e-01,0.000000000000000000e+00
-1.201763888888888854e+00,4.570000000000000173e-01,0.000000000000000000e+00
-1.199259259259259469e+00,4.570000000000000173e-01,0.000000000000000000e+00
-1.196754629629629640e+00,4.570000000000000173e-01,0.000000000000000000e+00
-1.194250000000000034e+00,4.570000000000000173e-01,0.000000000000000000e+00
-1.191745370370370427e+00,4.570000000000000173e-01,0.000000000000000000e+00
-1.189240740740740820e+00,4.570000000000000173e-01,0.000000000000000000e+00
-1.186736111111111214e+00,4.570000000000000173e-01,0.000000000000000000e+00
-1.184231481481481607e+00,4.570000000000000173e-01,0.000000000000000000e+00
-1.181726851851852000e+00,4.570000000000000173e-01,0.000000000000000000e+00
-1.179222222222222172e+00,4.570000000000000173e-01,0.000000000000000000e+00
-1.176717592592592787e+00,4.570000000000000173e-01,0.000000000000000000e+00
-1.174212962962962958e+00,4.570000000000000173e-01,0.000000000000000000e+00
-1.171708333333333352e+00,4.570000000000000173e-01,0.000000000000000000e+00
-1.169203703703703745e+00,4.570000000000000173e-01,0.000000000000000000e+00
-1.166699074074074138e+00,4.570000000000000173e-01,0.000000000000000000e+00
-1.164194444444444532e+00,4.570000000000000173e-01,0.000000000000000000e+00
-1.161689814814814925e+00,4.570000000000000173e-01,0.000000000000000000e+00
-1.159185185185185318e+00,4.570000000000000173e-01,0.000000000000000000e+00
-1.156680555555555712e+00,4.570000000000000173e-01,0.000000000000000000e+00
-1.154175925925926105e+00,4.570000000000000173e-01,0.000000000000000000e+00
-1.151671296296296276e+00,4.570000000000000173e-01,0.000000000000000000e+00
-1.149166666666666670e+00,4.570000000000000173e-01,0.000000000000000000e+00
-1.146662037037037063e+00,4.570000000000000173e-01,0.000000000000000000e+00
-1.144157407407407456e+00,4.570000000000000173e-01,0.000000000000000000e+00
-1.141652777777777850e+00,4.570000000000000173e-01,0.000000000000000000e+00
-1.139148148148148243e+00,4.570000000000000173e-01,0.000000000000000000e+00
-1.136643518518518636e+00,4.570000000000000173e-01,0.000000000000000000e+00
-1.134138888888889030e+00,4.570000000000000173e-01,0.000000000000000000e+00
-1.131634259259259423e+00,4.570000000000000173e-01,0.000000000000000000e+00
-1.129129629629629594e+00,4.570000000000000173e-01,0.000000000000000000e+00
-1.126625000000000210e+00,4.570000000000000173e-01,0.000000000000000000e+00
-1.124120370370370381e+00,4.570000000000000173e-01,0.000000000000000000e+00
-1.121615740740740774e+00,4.570000000000000173e-01,0.000000000000000000e+00
-1.119111111111111168e+00,4.570000000000000173e-01,0.000000000000000000e+00
-1.116606481481481561e+00,4.570000000000000173e-01,0.000000000000000000e+00
-1.114101851851851954e+00,4.570000000000000173e-01,0.000000000000000000e+00
-1.111597222222222348e+00,4.570000000000000173e-01,0.000000000000000000e+00
-1.109092592592592741e+00,4.570000000000000173e-01,0.000000000000000000e+00
-1.106587962962962912e+00,4.570000000000000173e-01,0.000000000000000000e+00
-1.104083333333333528e+00,4.570000000000000173e-01,0.000000000000000000e+00
-1.101578703703703699e+00,4.570000000000000173e-01,0.000000000000000000e+00
-1.099074074074074314e+00,4.570000000000000173e-01,0.000000000000000000e+00
-1.096569444444444485e+00,4.570000000000000173e-01,0.000000000000000000e+00
-1.094064814814814879e+00,4.570000000000000173e-01,0.000000000000000000e+00
-1.091560185185185272e+00,4.570000000000000173e-01,0.000000000000000000e+00
-1.089055555555555665e+00,4.570000000000000173e-01,0.000000000000000000e+00
-1.086550925925926059e+00,4.570000000000000173e-01,0.000000000000000000e+00
-1.084046296296296230e+00,4.570000000000000173e-01,0.000000000000000000e+00
-1.081541666666666845e+00,4.570000000000000173e-01,0.000000000000000000e+00
-1.079037037037037017e+00,4.570000000000000173e-01,0.000000000000000000e+00
-1.076532407407407632e+00,4.570000000000000173e-01,0.000000000000000000e+00
-1.074027777777777803e+00,4.570000000000000173e-01,0.000000000000000000e+00
-1.071523148148148197e+00,4.570000000000000173e-01,0.000000000000000000e+00
-1.069018518518518590e+00,4.570000000000000173e-01,0.000000000000000000e+00
-1.066513888888888983e+00,4.570000000000000173e-01,0.000000000000000000e+00
-1.064009259259259377e+00,4.570000000000000173e-01,0.000000000000000000e+00
-1.061504629629629548e+00,4.570000000000000173e-01,0.000000000000000000e+00
-1.059000000000000163e+00,4.570000000000000173e-01,0.000000000000000000e+00
-1.056495370370370335e+00,4.570000000000000173e-01,0.000000000000000000e+00
-1.053990740740740950e+00,4.570000000000000173e-01,0.000000000000000000e+00
-1.051486111111111121e+00,4.570000000000000173e-01,0.000000000000000000e+00
-1.048981481481481515e+00,4.570000000000000173e-01,0.000000000000000000e+00
-1.046476851851851908e+00,4.570000000000000173e-01,0.000000000000000000e+00
-1.043972222222222301e+00,4.570000000000000173e-01,0.000000000000000000e+00
-1.041467592592592695e+00,4.570000000000000173e-01,0.000000000000000000e+00
-1.038962962962963088e+00,4.570000000000000173e-01,0.000000000000000000e+00
-1.036458333333333481e+00,4.570000000000000173e-01,0.000000000000000000e+00
-1.033953703703703653e+00,4.570000000000000173e-01,0.000000000000000000e+00
-1.031449074074074268e+00,4.570000000000000173e-01,0.000000000000000000e+00
-1.028944444444444439e+00,4.570000000000000173e-01,0.000000000000000000e+00
-1.026439814814815055e+00,4.570000000000000173e-01,0.000000000000000000e+00
-1.023935185185185226e+00,4.570000000000000173e-01,0.000000000000000000e+00
-1.021430555555555619e+00,4.570000000000000173e-01,0.000000000000000000e+00
-1.018925925925926013e+00,4.570000000000000173e-01,0.000000000000000000e+00
-1.016421296296296406e+00,4.570000000000000173e-01,0.000000000000000000e+00
-1.013916666666666799e+00,4.570000000000000173e-01,0.000000000000000000e+00
-1.011412037037036971e+00,4.570000000000000173e-01,0.000000000000000000e+00
-1.008907407407407586e+00,4.570000000000000173e-01,0.000000000000000000e+00
-1.006402777777777757e+00,4.570000000000000173e-01,0.000000000000000000e+00
-1.003898148148148373e+00,4.570000000000000173e-01,0.000000000000000000e+00
-1.001393518518518544e+00,4.570000000000000173e-01,0.000000000000000000e+00
-9.988888888888889372e-01,4.570000000000000173e-01,0.000000000000000000e+00
-9.963842592592593306e-01,4.570000000000000173e-01,0.000000000000000000e+00
-9.938796296296297239e-01,4.570000000000000173e-01,0.000000000000000000e+00
-9.913750000000001172e-01,4.570000000000000173e-01,0.000000000000000000e+00
-9.888703703703703995e-01,4.570000000000000173e-01,0.000000000000000000e+00
-9.863657407407407929e-01,4.570000000000000173e-01,0.000000000000000000e+00
-9.838611111111111862e-01,4.570000000000000173e-01,0.000000000000000000e+00
-9.813564814814815795e-01,4.570000000000000173e-01,0.000000000000000000e+00
-9.788518518518519729e-01,4.570000000000000173e-01,0.000000000000000000e+00
-9.763472222222222552e-01,4.570000000000000173e-01,0.000000000000000000e+00
-9.738425925925926485e-01,4.570000000000000173e-01,0.000000000000000000e+00
-9.713379629629630418e-01,4.570000000000000173e-01,0.000000000000000000e+00
-9.688333333333334352e-01,4.570000000000000173e-01,0.000000000000000000e+00
-9.663287037037038285e-01,4.570000000000000173e-01,0.000000000000000000e+00
-9.638240740740741108e-01,4.570000000000000173e-01,0.000000000000000000e+00
-9.613194444444445041e-01,4.570000000000000173e-01,0.000000000000000000e+00
-9.588148148148148975e-01,4.570000000000000173e-01,0.000000000000000000e+00
-9.563101851851852908e-01,4.570000000000000173e-01,0.000000000000000000e+00
-9.538055555555556841e-01,4.570000000000000173e-01,0.000000000000000000e+00
-9.513009259259259665e-01,4.570000000000000173e-01,0.000000000000000000e+00
-9.487962962962963598e-01,4.570000000000000173e-01,0.000000000000000000e+00
-9.462916666666667531e-01,4.570000000000000173e-01,0.000000000000000000e+00
-9.437870370370371464e-01,4.570000000000000173e-01,0.000000000000000000e+00
-9.412824074074075398e-01,4.570000000000000173e-01,0.000000000000000000e+00
-9.387777777777778221e-01,4.570000000000000173e-01,0.000000000000000000e+00
-9.362731481481482154e-01,4.570000000000000173e-01,0.000000000000000000e+00
-9.337685185185186088e-01,4.570000000000000173e-01,0.000000000000000000e+00
-9.312638888888890021e-01,4.570000000000000173e-01,0.000000000000000000e+00
-9.287592592592593954e-01,4.570000000000000173e-01,0.000000000000000000e+00
-9.262546296296296777e-01,4.570000000000000173e-01,0.000000000000000000e+00
-9.237500000000000711e-01,4.570000000000000173e-01,0.000000000000000000e+00
-9.212453703703704644e-01,4.570000000000000173e-01,0.000000000000000000e+00
-9.187407407407408577e-01,4.570000000000000173e-01,0.000000000000000000e+00
-9.162361111111111400e-01,4.570000000000000173e-01,0.000000000000000000e+00
-9.137314814814815334e-01,4.570000000000000173e-01,0.000000000000000000e+00
-9.112268518518519267e-01,4.570000000000000173e-01,0.000000000000000000e+00
-9.087222222222223200e-01,4.570000000000000173e-01,0.000000000000000000e+00
-9.062175925925927134e-01,4.570000000000000173e-01,0.000000000000000000e+00
-9.037129629629629957e-01,4.570000000000000173e-01,0.000000000000000000e+00
-9.012083333333333890e-01,4.570000000000000173e-01,0.000000000000000000e+00
-8.987037037037037823e-01,4.570000000000000173e-01,0.000000000000000000e+00
-8.961990740740741757e-01,4.570000000000000173e-01,0.000000000000000000e+00
-8.936944444444445690e-01,4.570000000000000173e-01,0.000000000000000000e+00
-8.911898148148148513e-01,4.570000000000000173e-01,0.000000000000000000e+00
-8.886851851851852446e-01,4.570000000000000173e-01,0.000000000000000000e+00
-8.861805555555556380e-01,4.570000000000000173e-01,0.000000000000000000e+00
-8.836759259259260313e-01,4.570000000000000173e-01,0.000000000000000000e+00
-8.811712962962964246e-01,4.570000000000000173e-01,0.000000000000000000e+00
-8.786666666666667069e-01,4.570000000000000173e-01,0.000000000000000000e+00
-8.761620370370371003e-01,4.570000000000000173e-01,0.000000000000000000e+00
-8.736574074074074936e-01,4.570000000000000173e-01,0.000000000000000000e+00
-8.711527777777778869e-01,4.570000000000000173e-01,0.000000000000000000e+00
-8.686481481481482803e-01,4.570000000000000173e-01,0.000000000000000000e+00
-8.661435185185185626e-01,4.570000000000000173e-01,0.000000000000000000e+00
-8.636388888888889559e-01,4.570000000000000173e-01,0.000000000000000000e+00
-8.611342592592593492e-01,4.570000000000000173e-01,0.000000000000000000e+00
-8.586296296296297426e-01,4.570000000000000173e-01,0.000000000000000000e+00
-8.561250000000001359e-01,4.570000000000000173e-01,0.000000000000000000e+00
-8.536203703703704182e-01,4.570000000000000173e-01,0.000000000000000000e+00
-8.511157407407408115e-01,4.570000000000000173e-01,0.000000000000000000e+00
-8.486111111111112049e-01,4.570000000000000173e-01,0.000000000000000000e+00
-8.461064814814815982e-01,4.570000000000000173e-01,0.000000000000000000e+00
-8.436018518518518805e-01,4.570000000000000173e-01,0.000000000000000000e+00
-8.410972222222222738e-01,4.570000000000000173e-01,0.000000000000000000e+00
-8.385925925925926672e-01,4.570000000000000173e-01,0.000000000000000000e+00
-8.360879629629630605e-01,4.570000000000000173e-01,0.000000000000000000e+00
-8.335833333333334538e-01,4.570000000000000173e-01,0.000000000000000000e+00
-8.310787037037037361e-01,4.570000000000000173e-01,0.000000000000000000e+00
-8.285740740740741295e-01,4.570000000000000173e-01,0.000000000000000000e+00
-8.260694444444445228e-01,4.570000000000000173e-01,0.000000000000000000e+00
-8.235648148148149161e-01,4.570000000000000173e-01,0.000000000000000000e+00
-8.210601851851853095e-01,4.570000000000000173e-01,0.000000000000000000e+00
-8.185555555555555918e-01,4.570000000000000173e-01,0.000000000000000000e+00
-8.160509259259259851e-01,4.570000000000000173e-01,0.000000000000000000e+00
-8.135462962962963784e-01,4.570000000000000173e-01,0.000000000000000000e+00
-8.110416666666667718e-01,4.570000000000000173e-01,0.000000000000000000e+00
-8.085370370370371651e-01,4.570000000000000173e-01,0.000000000000000000e+00
-8.060324074074074474e-01,4.570000000000000173e-01,0.000000000000000000e+00
-8.035277777777778407e-01,4.570000000000000173e-01,0.000000000000000000e+00
-8.010231481481482341e-01,4.570000000000000173e-01,0.000000000000000000e+00
-7.985185185185186274e-01,4.570000000000000173e-01,0.000000000000000000e+00
-7.960138888888890207e-01,4.570000000000000173e-01,0.000000000000000000e+00
-7.935092592592593030e-01,4.570000000000000173e-01,0.000000000000000000e+00
-7.910046296296296964e-01,4.570000000000000173e-01,0.000000000000000000e+00
-7.885000000000000897e-01,4.570000000000000173e-01,0.000000000000000000e+00
-7.859953703703704830e-01,4.570000000000000173e-01,0.000000000000000000e+00
-7.834907407407408764e-01,4.570000000000000173e-01,0.000000000000000000e+00
-7.809861111111111587e-01,4.570000000000000173e-01,0.000000000000000000e+00
-7.784814814814815520e-01,4.570000000000000173e-01,0.000000000000000000e+00
-7.759768518518519453e-01,4.570000000000000173e-01,0.000000000000000000e+00
-7.734722222222223387e-01,4.570000000000000173e-01,0.000000000000000000e+00
-7.709675925925926210e-01,4.570000000000000173e-01,0.000000000000000000e+00
-7.684629629629630143e-01,4.570000000000000173e-01,0.000000000000000000e+00
-7.659583333333334076e-01,4.570000000000000173e-01,0.000000000000000000e+00
-7.634537037037038010e-01,4.570000000000000173e-01,0.000000000000000000e+00
-7.609490740740741943e-01,4.570000000000000173e-01,0.000000000000000000e+00
-7.584444444444444766e-01,4.570000000000000173e-01,0.000000000000000000e+00
-7.559398148148148699e-01,4.570000000000000173e-01,0.000000000000000000e+00
-7.534351851851852633e-01,4.570000000000000173e-01,0.000000000000000000e+00
-7.509305555555556566e-01,4.570000000000000173e-01,0.000000000000000000e+00
-7.484259259259260499e-01,4.570000000000000173e-01,0.000000000000000000e+00
-7.459212962962963323e-01,4.570000000000000173e-01,0.000000000000000000e+00
-7.434166666666667256e-01,4.570000000000000173e-01,0.000000000000000000e+00
-7.409120370370371189e-01,4.570000000000000173e-01,0.000000000000000000e+00
-7.384074074074075122e-01,4.570000000000000173e-01,0.000000000000000000e+00
-7.359027777777779056e-01,4.570000000000000173e-01,0.000000000000000000e+00
-7.333981481481481879e-01,4.570000000000000173e-01,0.000000000000000000e+00
-7.308935185185185812e-01,4.570000000000000173e-01,0.000000000000000000e+00
-7.283888888888889745e-01,4.570000000000000173e-01,0.000000000000000000e+00
-7.258842592592593679e-01,4.570000000000000173e-01,0.000000000000000000e+00
-7.233796296296297612e-01,4.570000000000000173e-01,0.000000000000000000e+00
-7.208750000000000435e-01,4.570000000000000173e-01,0.000000000000000000e+00
-7.183703703703704369e-01,4.570000000000000173e-01,0.000000000000000000e+00
-7.158657407407408302e-01,4.570000000000000173e-01,0.000000000000000000e+00
-7.133611111111112235e-01,4.570000000000000173e-01,0.000000000000000000e+00
-7.108564814814816168e-01,4.570000000000000173e-01,0.000000000000000000e+00
-7.083518518518518992e-01,4.570000000000000173e-01,0.000000000000000000e+00
-7.058472222222222925e-01,4.570000000000000173e-01,0.000000000000000000e+00
-7.033425925925926858e-01,4.570000000000000173e-01,0.000000000000000000e+00
-7.008379629629630791e-01,4.570000000000000173e-01,0.000000000000000000e+00
-6.983333333333333615e-01,4.570000000000000173e-01,0.000000000000000000e+00
-6.958287037037037548e-01,4.570000000000000173e-01,0.000000000000000000e+00
-6.933240740740741481e-01,4.570000000000000173e-01,0.000000000000000000e+00
-6.908194444444445415e-01,4.570000000000000173e-01,0.000000000000000000e+00
-6.883148148148149348e-01,4.570000000000000173e-01,0.000000000000000000e+00
-6.858101851851852171e-01,4.570000000000000173e-01,0.000000000000000000e+00
-6.833055555555556104e-01,4.570000000000000173e-01,0.000000000000000000e+00
-6.808009259259260038e-01,4.570000000000000173e-01,0.000000000000000000e+00
-6.782962962962963971e-01,4.570000000000000173e-01,0.000000000000000000e+00
-6.757916666666667904e-01,4.570000000000000173e-01,0.000000000000000000e+00
-6.732870370370370727e-01,4.570000000000000173e-01,0.000000000000000000e+00
-6.707824074074074661e-01,4.570000000000000173e-01,0.000000000000000000e+00
-6.682777777777778594e-01,4.570000000000000173e-01,0.000000000000000000e+00
-6.657731481481482527e-01,4.570000000000000173e-01,0.000000000000000000e+00
-6.632685185185186461e-01,4.570000000000000173e-01,0.000000000000000000e+00
-6.607638888888889284e-01,4.570000000000000173e-01,0.000000000000000000e+00
-6.582592592592593217e-01,4.570000000000000173e-01,0.000000000000000000e+00
-6.557546296296297150e-01,4.570000000000000173e-01,0.000000000000000000e+00
-6.532500000000001084e-01,4.570000000000000173e-01,0.000000000000000000e+00
-6.507453703703705017e-01,4.570000000000000173e-01,0.000000000000000000e+00
-6.482407407407407840e-01,4.570000000000000173e-01,0.000000000000000000e+00
-6.457361111111111773e-01,4.570000000000000173e-01,0.000000000000000000e+00
-6.432314814814815707e-01,4.570000000000000173e-01,0.000000000000000000e+00
-6.407268518518519640e-01,4.570000000000000173e-01,0.000000000000000000e+00
-6.382222222222222463e-01,4.570000000000000173e-01,0.000000000000000000e+00
-6.357175925925926396e-01,4.570000000000000173e-01,0.000000000000000000e+00
-6.332129629629630330e-01,4.570000000000000173e-01,0.000000000000000000e+00
-6.307083333333334263e-01,4.570000000000000173e-01,0.000000000000000000e+00
-6.282037037037038196e-01,4.570000000000000173e-01,0.000000000000000000e+00
-6.256990740740741019e-01,4.570000000000000173e-01,0.000000000000000000e+00
-6.231944444444444953e-01,4.570000000000000173e-01,0.000000000000000000e+00
-6.206898148148148886e-01,4.570000000000000173e-01,0.000000000000000000e+00
-6.181851851851852819e-01,4.570000000000000173e-01,0.000000000000000000e+00
-6.156805555555556753e-01,4.570000000000000173e-01,0.000000000000000000e+00
-6.131759259259259576e-01,4.570000000000000173e-01,0.000000000000000000e+00
-6.106712962962963509e-01,4.570000000000000173e-01,0.000000000000000000e+00
-6.081666666666667442e-01,4.570000000000000173e-01,0.000000000000000000e+00
-6.056620370370371376e-01,4.570000000000000173e-01,0.000000000000000000e+00
-6.031574074074075309e-01,4.570000000000000173e-01,0.000000000000000000e+00
-6.006527777777778132e-01,4.570000000000000173e-01,0.000000000000000000e+00
-5.981481481481483176e-01,4.570000000000000173e-01,0.000000000000000000e+00
-5.956435185185184888e-01,4.570000000000000173e-01,0.000000000000000000e+00
-5.931388888888888822e-01,4.570000000000000173e-01,0.000000000000000000e+00
-5.906342592592592755e-01,4.570000000000000173e-01,0.000000000000000000e+00
-5.881296296296296688e-01,4.570000000000000173e-01,0.000000000000000000e+00
-5.856250000000000622e-01,4.570000000000000173e-01,0.000000000000000000e+00
-5.831203703703704555e-01,4.570000000000000173e-01,0.000000000000000000e+00
-5.806157407407408488e-01,4.570000000000000173e-01,0.000000000000000000e+00
-5.781111111111112422e-01,4.570000000000000173e-01,0.000000000000000000e+00
-5.756064814814816355e-01,4.570000000000000173e-01,0.000000000000000000e+00
-5.731018518518520288e-01,4.570000000000000173e-01,0.000000000000000000e+00
-5.705972222222222001e-01,4.570000000000000173e-01,0.000000000000000000e+00
-5.680925925925925934e-01,4.570000000000000173e-01,0.000000000000000000e+00
-5.655879629629629868e-01,4.570000000000000173e-01,0.000000000000000000e+00
-5.630833333333333801e-01,4.570000000000000173e-01,0.000000000000000000e+00
-5.605787037037037734e-01,4.570000000000000173e-01,0.000000000000000000e+00
-5.580740740740741668e-01,4.570000000000000173e-01,0.000000000000000000e+00
-5.555694444444445601e-01,4.570000000000000173e-01,0.000000000000000000e+00
-5.530648148148149534e-01,4.570000000000000173e-01,0.000000000000000000e+00
-5.505601851851853468e-01,4.570000000000000173e-01,0.000000000000000000e+00
-5.480555555555557401e-01,4.570000000000000173e-01,0.000000000000000000e+00
-5.455509259259259114e-01,4.570000000000000173e-01,0.000000000000000000e+00
-5.430462962962963047e-01,4.570000000000000173e-01,0.000000000000000000e+00
-5.405416666666666980e-01,4.570000000000000173e-01,0.000000000000000000e+00
-5.380370370370370914e-01,4.570000000000000173e-01,0.000000000000000000e+00
-5.355324074074074847e-01,4.570000000000000173e-01,0.000000000000000000e+00
-5.330277777777778780e-01,4.570000000000000173e-01,0.000000000000000000e+00
-5.305231481481482714e-01,4.570000000000000173e-01,0.000000000000000000e+00
-5.280185185185186647e-01,4.570000000000000173e-01,0.000000000000000000e+00
-5.255138888888890580e-01,4.570000000000000173e-01,0.000000000000000000e+00
-5.230092592592592293e-01,4.570000000000000173e-01,0.000000000000000000e+00
-5.205046296296296227e-01,4.570000000000000173e-01,0.000000000000000000e+00
-5.180000000000000160e-01,4.570000000000000173e-01,0.000000000000000000e+00
-5.154953703703704093e-01,4.570000000000000173e-01,0.000000000000000000e+00
-5.129907407407408027e-01,4.570000000000000173e-01,0.000000000000000000e+00
-5.104861111111111960e-01,4.570000000000000173e-01,0.000000000000000000e+00
-5.079814814814815893e-01,4.570000000000000173e-01,0.000000000000000000e+00
-5.054768518518519826e-01,4.570000000000000173e-01,0.000000000000000000e+00
-5.029722222222223760e-01,4.570000000000000173e-01,0.000000000000000000e+00
-5.004675925925927693e-01,4.570000000000000173e-01,0.000000000000000000e+00
-4.979629629629629406e-01,4.570000000000000173e-01,0.000000000000000000e+00
-4.954583333333333339e-01,4.570000000000000173e-01,0.000000000000000000e+00
-4.929537037037037273e-01,4.570000000000000173e-01,0.000000000000000000e+00
-4.904490740740741206e-01,4.570000000000000173e-01,0.000000000000000000e+00
-4.879444444444445139e-01,4.570000000000000173e-01,0.000000000000000000e+00
-4.854398148148149073e-01,4.570000000000000173e-01,0.000000000000000000e+00
-4.829351851851853006e-01,4.570000000000000173e-01,0.000000000000000000e+00
-4.804305555555556939e-01,4.570000000000000173e-01,0.000000000000000000e+00
-4.779259259259260872e-01,4.570000000000000173e-01,0.000000000000000000e+00
-4.754212962962964806e-01,4.570000000000000173e-01,0.000000000000000000e+00
-4.729166666666666519e-01,4.570000000000000173e-01,0.000000000000000000e+00
-4.704120370370370452e-01,4.570000000000000173e-01,0.000000000000000000e+00
-4.679074074074074385e-01,4.570000000000000173e-01,0.000000000000000000e+00
-4.654027777777778319e-01,4.570000000000000173e-01,0.000000000000000000e+00
-4.628981481481482252e-01,4.570000000000000173e-01,0.000000000000000000e+00
-4.603935185185186185e-01,4.570000000000000173e-01,0.000000000000000000e+00
-4.578888888888890119e-01,4.570000000000000173e-01,0.000000000000000000e+00
-4.553842592592594052e-01,4.570000000000000173e-01,0.000000000000000000e+00
-4.528796296296297985e-01,4.570000000000000173e-01,0.000000000000000000e+00
-4.503749999999999698e-01,4.570000000000000173e-01,0.000000000000000000e+00
-4.478703703703703631e-01,4.570000000000000173e-01,0.000000000000000000e+00
-4.453657407407407565e-01,4.570000000000000173e-01,0.000000000000000000e+00
-4.428611111111111498e-01,4.570000000000000173e-01,0.000000000000000000e+00
-4.403564814814815431e-01,4.570000000000000173e-01,0.000000000000000000e+00
-4.378518518518519365e-01,4.570000000000000173e-01,0.000000000000000000e+00
-4.353472222222223298e-01,4.570000000000000173e-01,0.000000000000000000e+00
-4.328425925925927231e-01,4.570000000000000173e-01,0.000000000000000000e+00
-4.303379629629631165e-01,4.570000000000000173e-01,0.000000000000000000e+00
-4.278333333333335098e-01,4.570000000000000173e-01,0.000000000000000000e+00
-4.253287037037036811e-01,4.570000000000000173e-01,0.000000000000000000e+00
-4.228240740740740744e-01,4.570000000000000173e-01,0.000000000000000000e+00
-4.203194444444444677e-01,4.570000000000000173e-01,0.000000000000000000e+00
-4.178148148148148611e-01,4.570000000000000173e-01,0.000000000000000000e+00
-4.153101851851852544e-01,4.570000000000000173e-01,0.000000000000000000e+00
-4.128055555555556477e-01,4.570000000000000173e-01,0.000000000000000000e+00
-4.103009259259260411e-01,4.570000000000000173e-01,0.000000000000000000e+00
-4.077962962962964344e-01,4.570000000000000173e-01,0.000000000000000000e+00
-4.052916666666668277e-01,4.570000000000000173e-01,0.000000000000000000e+00
-4.027870370370372211e-01,4.570000000000000173e-01,0.000000000000000000e+00
-4.002824074074073923e-01,4.570000000000000173e-01,0.000000000000000000e+00
-3.977777777777777857e-01,4.570000000000000173e-01,0.000000000000000000e+00
-3.952731481481481790e-01,4.570000000000000173e-01,0.000000000000000000e+00
-3.927685185185185723e-01,4.570000000000000173e-01,0.000000000000000000e+00
-3.902638888888889657e-01,4.570000000000000173e-01,0.000000000000000000e+00
-3.877592592592593590e-01,4.570000000000000173e-01,0.000000000000000000e+00
-3.852546296296297523e-01,4.570000000000000173e-01,0.000000000000000000e+00
-3.827500000000001457e-01,4.570000000000000173e-01,0.000000000000000000e+00
-3.802453703703705390e-01,4.570000000000000173e-01,0.000000000000000000e+00
-3.777407407407407103e-01,4.570000000000000173e-01,0.000000000000000000e+00
-3.752361111111111036e-01,4.570000000000000173e-01,0.000000000000000000e+00
-3.727314814814814969e-01,4.570000000000000173e-01,0.000000000000000000e+00
-3.702268518518518903e-01,4.570000000000000173e-01,0.000000000000000000e+00
-3.677222222222222836e-01,4.570000000000000173e-01,0.000000000000000000e+00
-3.652175925925926769e-01,4.570000000000000173e-01,0.000000000000000000e+00
-3.627129629629630703e-01,4.570000000000000173e-01,0.000000000000000000e+00
-3.602083333333334636e-01,4.570000000000000173e-01,0.000000000000000000e+00
-3.577037037037038569e-01,4.570000000000000173e-01,0.000000000000000000e+00
-3.551990740740742503e-01,4.570000000000000173e-01,0.000000000000000000e+00
-3.526944444444444215e-01,4.570000000000000173e-01,0.000000000000000000e+00
-3.501898148148148149e-01,4.570000000000000173e-01,0.000000000000000000e+00
-3.476851851851852082e-01,4.570000000000000173e-01,0.000000000000000000e+00
-3.451805555555556015e-01,4.570000000000000173e-01,0.000000000000000000e+00
-3.426759259259259949e-01,4.570000000000000173e-01,0.000000000000000000e+00
-3.401712962962963882e-01,4.570000000000000173e-01,0.000000000000000000e+00
-3.376666666666667815e-01,4.570000000000000173e-01,0.000000000000000000e+00
-3.351620370370371749e-01,4.570000000000000173e-01,0.000000000000000000e+00
-3.326574074074075682e-01,4.570000000000000173e-01,0.000000000000000000e+00
-3.301527777777779615e-01,4.570000000000000173e-01,0.000000000000000000e+00
-3.276481481481481328e-01,4.570000000000000173e-01,0.000000000000000000e+00
-3.251435185185185262e-01,4.570000000000000173e-01,0.000000000000000000e+00
-3.226388888888889195e-01,4.570000000000000173e-01,0.000000000000000000e+00
-3.201342592592593128e-01,4.570000000000000173e-01,0.000000000000000000e+00
-3.176296296296297061e-01,4.570000000000000173e-01,0.000000000000000000e+00
-3.151250000000000995e-01,4.570000000000000173e-01,0.000000000000000000e+00
-3.126203703703704928e-01,4.570000000000000173e-01,0.000000000000000000e+00
-3.101157407407408861e-01,4.570000000000000173e-01,0.000000000000000000e+00
-3.076111111111112795e-01,4.570000000000000173e-01,0.000000000000000000e+00
-3.051064814814814508e-01,4.570000000000000173e-01,0.000000000000000000e+00
-3.026018518518518441e-01,4.570000000000000173e-01,0.000000000000000000e+00
-3.000972222222222374e-01,4.570000000000000173e-01,0.000000000000000000e+00
-2.975925925925926308e-01,4.570000000000000173e-01,0.000000000000000000e+00
-2.950879629629630241e-01,4.570000000000000173e-01,0.000000000000000000e+00
-2.925833333333334174e-01,4.570000000000000173e-01,0.000000000000000000e+00
-2.900787037037038107e-01,4.570000000000000173e-01,0.000000000000000000e+00
-2.875740740740742041e-01,4.570000000000000173e-01,0.000000000000000000e+00
-2.850694444444445974e-01,4.570000000000000173e-01,0.000000000000000000e+00
-2.825648148148149907e-01,4.570000000000000173e-01,0.000000000000000000e+00
-2.800601851851851620e-01,4.570000000000000173e-01,0.000000000000000000e+00
-2.775555555555555554e-01,4.570000000000000173e-01,0.000000000000000000e+00
-2.750509259259259487e-01,4.570000000000000173e-01,0.000000000000000000e+00
-2.725462962962963420e-01,4.570000000000000173e-01,0.000000000000000000e+00
-2.700416666666667354e-01,4.570000000000000173e-01,0.000000000000000000e+00
-2.675370370370371287e-01,4.570000000000000173e-01,0.000000000000000000e+00
-2.650324074074075220e-01,4.570000000000000173e-01,0.000000000000000000e+00
-2.625277777777779153e-01,4.570000000000000173e-01,0.000000000000000000e+00
-2.600231481481483087e-01,4.570000000000000173e-01,0.000000000000000000e+00
-2.575185185185187020e-01,4.570000000000000173e-01,0.000000000000000000e+00
-2.550138888888888733e-01,4.570000000000000173e-01,0.000000000000000000e+00
-2.525092592592592666e-01,4.570000000000000173e-01,0.000000000000000000e+00
-2.500046296296296600e-01,4.570000000000000173e-01,0.000000000000000000e+00
-2.475000000000000533e-01,4.570000000000000173e-01,0.000000000000000000e+00
-2.449953703703704466e-01,4.570000000000000173e-01,0.000000000000000000e+00
-2.424907407407408400e-01,4.570000000000000173e-01,0.000000000000000000e+00
-2.399861111111112333e-01,4.570000000000000173e-01,0.000000000000000000e+00
-2.374814814814816266e-01,4.570000000000000173e-01,0.000000000000000000e+00
-2.349768518518520199e-01,4.570000000000000173e-01,0.000000000000000000e+00
-2.324722222222221912e-01,4.570000000000000173e-01,0.000000000000000000e+00
-2.299675925925925846e-01,4.570000000000000173e-01,0.000000000000000000e+00
-2.274629629629629779e-01,4.570000000000000173e-01,0.000000000000000000e+00
-2.249583333333333712e-01,4.570000000000000173e-01,0.000000000000000000e+00
-2.224537037037037646e-01,4.570000000000000173e-01,0.000000000000000000e+00
-2.199490740740741579e-01,4.570000000000000173e-01,0.000000000000000000e+00
-2.174444444444445512e-01,4.570000000000000173e-01,0.000000000000000000e+00
-2.149398148148149446e-01,4.570000000000000173e-01,0.000000000000000000e+00
-2.124351851851853379e-01,4.570000000000000173e-01,0.000000000000000000e+00
-2.099305555555557312e-01,4.570000000000000173e-01,0.000000000000000000e+00
-2.074259259259259025e-01,4.570000000000000173e-01,0.000000000000000000e+00
-2.049212962962962958e-01,4.570000000000000173e-01,0.000000000000000000e+00
-2.024166666666666892e-01,4.570000000000000173e-01,0.000000000000000000e+00
-1.999120370370370825e-01,4.570000000000000173e-01,0.000000000000000000e+00
-1.974074074074074758e-01,4.570000000000000173e-01,0.000000000000000000e+00
-1.949027777777778692e-01,4.570000000000000173e-01,0.000000000000000000e+00
-1.923981481481482625e-01,4.570000000000000173e-01,0.000000000000000000e+00
-1.898935185185186558e-01,4.570000000000000173e-01,0.000000000000000000e+00
-1.873888888888890492e-01,4.570000000000000173e-01,0.000000000000000000e+00
-1.848842592592594425e-01,4.570000000000000173e-01,0.000000000000000000e+00
-1.823796296296296138e-01,4.570000000000000173e-01,0.000000000000000000e+00
-1.798750000000000071e-01,4.570000000000000173e-01,0.000000000000000000e+00
-1.773703703703704004e-01,4.570000000000000173e-01,0.000000000000000000e+00
-1.748657407407407938e-01,4.570000000000000173e-01,0.000000000000000000e+00
-1.723611111111111871e-01,4.570000000000000173e-01,0.000000000000000000e+00
-1.698564814814815804e-01,4.570000000000000173e-01,0.000000000000000000e+00
-1.673518518518519738e-01,4.570000000000000173e-01,0.000000000000000000e+00
-1.648472222222223671e-01,4.570000000000000173e-01,0.000000000000000000e+00
-1.623425925925927604e-01,4.570000000000000173e-01,0.000000000000000000e+00
-1.598379629629629317e-01,4.570000000000000173e-01,0.000000000000000000e+00
-1.573333333333333250e-01,4.570000000000000173e-01,0.000000000000000000e+00
-1.548287037037037184e-01,4.570000000000000173e-01,0.000000000000000000e+00
-1.523240740740741117e-01,4.570000000000000173e-01,0.000000000000000000e+00
-1.498194444444445050e-01,4.570000000000000173e-01,0.000000000000000000e+00
-1.473148148148148984e-01,4.570000000000000173e-01,0.000000000000000000e+00
-1.448101851851852917e-01,4.570000000000000173e-01,0.000000000000000000e+00
-1.423055555555556850e-01,4.570000000000000173e-01,0.000000000000000000e+00
-1.398009259259260784e-01,4.570000000000000173e-01,0.000000000000000000e+00
-1.372962962962964717e-01,4.570000000000000173e-01,0.000000000000000000e+00
-1.347916666666666430e-01,4.570000000000000173e-01,0.000000000000000000e+00
-1.322870370370370363e-01,4.570000000000000173e-01,0.000000000000000000e+00
-1.297824074074074296e-01,4.570000000000000173e-01,0.000000000000000000e+00
-1.272777777777778230e-01,4.570000000000000173e-01,0.000000000000000000e+00
-1.247731481481482163e-01,4.570000000000000173e-01,0.000000000000000000e+00
-1.222685185185186096e-01,4.570000000000000173e-01,0.000000000000000000e+00
-1.197638888888890030e-01,4.570000000000000173e-01,0.000000000000000000e+00
-1.172592592592593963e-01,4.570000000000000173e-01,0.000000000000000000e+00
-1.147546296296297896e-01,4.570000000000000173e-01,0.000000000000000000e+00
-1.122500000000001830e-01,4.570000000000000173e-01,0.000000000000000000e+00
-1.097453703703703543e-01,4.570000000000000173e-01,0.000000000000000000e+00
-1.072407407407407476e-01,4.570000000000000173e-01,0.000000000000000000e+00
-1.047361111111111409e-01,4.570000000000000173e-01,0.000000000000000000e+00
-1.022314814814815342e-01,4.570000000000000173e-01,0.000000000000000000e+00
-9.972685185185192758e-02,4.570000000000000173e-01,0.000000000000000000e+00
-9.722222222222232091e-02,4.570000000000000173e-01,0.000000000000000000e+00
-9.471759259259271424e-02,4.570000000000000173e-01,0.000000000000000000e+00
-9.221296296296310757e-02,4.570000000000000173e-01,0.000000000000000000e+00
-8.970833333333350090e-02,4.570000000000000173e-01,0.000000000000000000e+00
-8.720370370370367219e-02,4.570000000000000173e-01,0.000000000000000000e+00
-8.469907407407406552e-02,4.570000000000000173e-01,0.000000000000000000e+00
-8.219444444444445885e-02,4.570000000000000173e-01,0.000000000000000000e+00
-7.968981481481485218e-02,4.570000000000000173e-01,0.000000000000000000e+00
-7.718518518518524552e-02,4.570000000000000173e-01,0.000000000000000000e+00
-7.468055555555563885e-02,4.570000000000000173e-01,0.000000000000000000e+00
-7.217592592592603218e-02,4.570000000000000173e-01,0.000000000000000000e+00
-6.967129629629642551e-02,4.570000000000000173e-01,0.000000000000000000e+00
-6.716666666666681884e-02,4.570000000000000173e-01,0.000000000000000000e+00
-6.466203703703721217e-02,4.570000000000000173e-01,0.000000000000000000e+00
-6.215740740740738346e-02,4.570000000000000173e-01,0.000000000000000000e+00
-5.965277777777777679e-02,4.570000000000000173e-01,0.000000000000000000e+00
-5.714814814814817012e-02,4.570000000000000173e-01,0.000000000000000000e+00
-5.464351851851856345e-02,4.570000000000000173e-01,0.000000000000000000e+00
-5.213888888888895679e-02,4.570000000000000173e-01,0.000000000000000000e+00
-4.963425925925935012e-02,4.570000000000000173e-01,0.000000000000000000e+00
-4.712962962962974345e-02,4.570000000000000173e-01,0.000000000000000000e+00
-4.462500000000013678e-02,4.570000000000000173e-01,0.000000000000000000e+00
-4.212037037037053011e-02,4.570000000000000173e-01,0.000000000000000000e+00
-3.961574074074092344e-02,4.570000000000000173e-01,0.000000000000000000e+00
-3.711111111111109473e-02,4.570000000000000173e-01,0.000000000000000000e+00
-3.460648148148148806e-02,4.570000000000000173e-01,0.000000000000000000e+00
-3.210185185185188139e-02,4.570000000000000173e-01,0.000000000000000000e+00
-2.959722222222227472e-02,4.570000000000000173e-01,0.000000000000000000e+00
-2.709259259259266805e-02,4.570000000000000173e-01,0.000000000000000000e+00
-2.458796296296306139e-02,4.570000000000000173e-01,0.000000000000000000e+00
-2.208333333333345472e-02,4.570000000000000173e-01,0.000000000000000000e+00
-1.957870370370384805e-02,4.570000000000000173e-01,0.000000000000000000e+00
-1.707407407407424138e-02,4.570000000000000173e-01,0.000000000000000000e+00
-1.456944444444441267e-02,4.570000000000000173e-01,0.000000000000000000e+00
-1.206481481481480600e-02,4.570000000000000173e-01,0.000000000000000000e+00
-9.560185185185199330e-03,4.570000000000000173e-01,0.000000000000000000e+00
-7.055555555555592662e-03,4.570000000000000173e-01,0.000000000000000000e+00
-4.550925925925985993e-03,4.570000000000000173e-01,0.000000000000000000e+00
-2.046296296296379325e-03,4.570000000000000173e-01,0.000000000000000000e+00
4.583333333332273440e-04,4.570000000000000173e-01,0.000000000000000000e+00
2.962962962962834013e-03,4.570000000000000173e-01,0.000000000000000000e+00
5.467592592592440681e-03,4.570000000000000173e-01,0.000000000000000000e+00
7.972222222222047350e-03,4.570000000000000173e-01,0.000000000000000000e+00
1.047685185185187606e-02,4.570000000000000173e-01,0.000000000000000000e+00
1.298148148148148273e-02,4.570000000000000173e-01,0.000000000000000000e+00
1.548611111111108940e-02,4.570000000000000173e-01,0.000000000000000000e+00
1.799074074074069607e-02,4.570000000000000173e-01,0.000000000000000000e+00
2.049537037037030274e-02,4.570000000000000173e-01,0.000000000000000000e+00
2.299999999999999961e-02,4.570000000000000173e-01,0.000000000000000000e+00
2.299999999999999961e-02,4.570000000000000173e-01,2.505008631986974876e+00
2.583333333333333315e-02,4.570000000000000173e-01,2.089934948922510305e+00
2.866666666666666669e-02,4.570000000000000173e-01,1.782635844792914925e+00
3.150000000000000022e-02,4.570000000000000173e-01,1.583111319598183409e+00
3.433333333333333376e-02,4.570000000000000173e-01,1.491361373338319085e+00
3.716666666666666730e-02,4.570000000000000173e-01,1.392579511500878331e+00
4.000000000000000083e-02,4.570000000000000173e-01,0.000000000000000000e+00
4.000000000000000083e-02,4.570000000000000173e-01,-8.132126694631459929e-02
4.399999999999999745e-02,4.570000000000000173e-01,5.000000000000000000e-01
4.800000000000000100e-02,4.570000000000000173e-01,0.000000000000000000e+00
4.800000000000000100e-02,4.570000000000000173e-01,0.000000000000000000e+00
5.028571428571428775e-02,4.570000000000000173e-01,0.000000000000000000e+00
5.257142857142857451e-02,4.570000000000000173e-01,0.000000000000000000e+00
5.485714285714286126e-02,4.570000000000000173e-01,0.000000000000000000e+00
5.714285714285714801e-02,4.570000000000000173e-01,0.000000000000000000e+00
5.942857142857142783e-02,4.570000000000000173e-01,0.000000000000000000e+00
6.171428571428571458e-02,4.570000000000000173e-01,1.530040300197773373e+00
6.400000000000000133e-02,4.570000000000000173e-01,-1.023490977686280168e+00
6.687500000000000389e-02,4.570000000000000173e-01,-5.549900356578522098e-01
6.975000000000000644e-02,4.570000000000000173e-01,-3.700096700237597847e-01
7.262499999999999512e-02,4.570000000000000173e-01,-4.685498807840097757e-01
7.549999999999999767e-02,4.570000000000000173e-01,-8.506106679385833091e-01
7.837500000000000022e-02,4.570000000000000173e-01,-1.516192031487505254e+00
8.124999999999998890e-02,4.570000000000000173e-01,-2.465293971430754905e+00
8.412499999999999145e-02,4.570000000000000173e-01,-3.697916487768346805e+00
8.699999999999999400e-02,4.570000000000000173e-01,0.000000000000000000e+00
8.950496688741721441e-02,4.570000000000000173e-01,0.000000000000000000e+00
9.200993377483443481e-02,4.570000000000000173e-01,0.000000000000000000e+00
9.451490066225165521e-02,4.570000000000000173e-01,0.000000000000000000e+00
9.701986754966887561e-02,4.570000000000000173e-01,0.000000000000000000e+00
9.952483443708608213e-02,4.570000000000000173e-01,0.000000000000000000e+00
1.020298013245033025e-01,4.570000000000000173e-01,0.000000000000000000e+00
1.045347682119205229e-01,4.570000000000000173e-01,0.000000000000000000e+00
1.070397350993377433e-01,4.570000000000000173e-01,0.000000000000000000e+00
1.095447019867549637e-01,4.570000000000000173e-01,0.000000000000000000e+00
1.120496688741721841e-01,4.570000000000000173e-01,0.000000000000000000e+00
1.145546357615893907e-01,4.570000000000000173e-01,0.000000000000000000e+00
1.170596026490066111e-01,4.570000000000000173e-01,0.000000000000000000e+00
1.195645695364238315e-01,4.570000000000000173e-01,0.000000000000000000e+00
1.220695364238410519e-01,4.570000000000000173e-01,0.000000000000000000e+00
1.245745033112582723e-01,4.570000000000000173e-01,0.000000000000000000e+00
1.270794701986754927e-01,4.570000000000000173e-01,0.000000000000000000e+00
1.295844370860927131e-01,4.570000000000000173e-01,0.000000000000000000e+00
1.320894039735099335e-01,4.570000000000000173e-01,0.000000000000000000e+00
1.345943708609271539e-01,4.570000000000000173e-01,0.000000000000000000e+00
1.370993377483443743e-01,4.570000000000000173e-01,0.000000000000000000e+00
1.396043046357615947e-01,4.570000000000000173e-01,0.000000000000000000e+00
1.421092715231788151e-01,4.570000000000000173e-01,0.000000000000000000e+00
1.446142384105960077e-01,4.570000000000000173e-01,0.000000000000000000e+00
1.471192052980132559e-01,4.570000000000000173e-01,0.000000000000000000e+00
1.496241721854304485e-01,4.570000000000000173e-01,0.000000000000000000e+00
1.521291390728476967e-01,4.570000000000000173e-01,0.000000000000000000e+00
1.546341059602648893e-01,4.570000000000000173e-01,0.000000000000000000e+00
1.571390728476821097e-01,4.570000000000000173e-01,0.000000000000000000e+00
1.596440397350993301e-01,4.570000000000000173e-01,0.000000000000000000e+00
1.621490066225165505e-01,4.570000000000000173e-01,0.000000000000000000e+00
1.646539735099337709e-01,4.570000000000000173e-01,0.000000000000000000e+00
1.671589403973509913e-01,4.570000000000000173e-01,0.000000000000000000e+00
1.696639072847682117e-01,4.570000000000000173e-01,0.000000000000000000e+00
1.721688741721854321e-01,4.570000000000000173e-01,0.000000000000000000e+00
1.746738410596026525e-01,4.570000000000000173e-01,0.000000000000000000e+00
1.771788079470198729e-01,4.570000000000000173e-01,0.000000000000000000e+00
1.796837748344370933e-01,4.570000000000000173e-01,0.000000000000000000e+00
1.821887417218542859e-01,4.570000000000000173e-01,0.000000000000000000e+00
1.846937086092715341e-01,4.570000000000000173e-01,0.000000000000000000e+00
1.871986754966887267e-01,4.570000000000000173e-01,0.000000000000000000e+00
1.897036423841059749e-01,4.570000000000000173e-01,0.000000000000000000e+00
1.922086092715231675e-01,4.570000000000000173e-01,0.000000000000000000e+00
1.947135761589404157e-01,4.570000000000000173e-01,0.000000000000000000e+00
1.972185430463576084e-01,4.570000000000000173e-01,0.000000000000000000e+00
1.997235099337748288e-01,4.570000000000000173e-01,0.000000000000000000e+00
2.022284768211920492e-01,4.570000000000000173e-01,0.000000000000000000e+00
2.047334437086092696e-01,4.570000000000000173e-01,0.000000000000000000e+00
2.072384105960264900e-01,4.570000000000000173e-01,0.000000000000000000e+00
2.097433774834437104e-01,4.570000000000000173e-01,0.000000000000000000e+00
2.122483443708609308e-01,4.570000000000000173e-01,0.000000000000000000e+00
2.147533112582781512e-01,4.570000000000000173e-01,0.000000000000000000e+00
2.172582781456953716e-01,4.570000000000000173e-01,0.000000000000000000e+00
2.197632450331125920e-01,4.570000000000000173e-01,0.000000000000000000e+00
2.222682119205298124e-01,4.570000000000000173e-01,0.000000000000000000e+00
2.247731788079470328e-01,4.570000000000000173e-01,0.000000000000000000e+00
2.272781456953642254e-01,4.570000000000000173e-01,0.000000000000000000e+00
2.297831125827814458e-01,4.570000000000000173e-01,0.000000000000000000e+00
2.322880794701986662e-01,4.570000000000000173e-01,0.000000000000000000e+00
2.347930463576158866e-01,4.570000000000000173e-01,0.000000000000000000e+00
2.372980132450331070e-01,4.570000000000000173e-01,0.000000000000000000e+00
2.398029801324503274e-01,4.570000000000000173e-01,0.000000000000000000e+00
2.423079470198675478e-01,4.570000000000000173e-01,0.000000000000000000e+00
2.448129139072847682e-01,4.570000000000000173e-01,0.000000000000000000e+00
2.473178807947019886e-01,4.570000000000000173e-01,0.000000000000000000e+00
2.498228476821192090e-01,4.570000000000000173e-01,0.000000000000000000e+00
2.523278145695364572e-01,4.570000000000000173e-01,0.000000000000000000e+00
2.548327814569536498e-01,4.570000000000000173e-01,0.000000000000000000e+00
2.573377483443708424e-01,4.570000000000000173e-01,0.000000000000000000e+00
2.598427152317880906e-01,4.570000000000000173e-01,0.000000000000000000e+00
2.623476821192053388e-01,4.570000000000000173e-01,0.000000000000000000e+00
2.648526490066225314e-01,4.570000000000000173e-01,0.000000000000000000e+00
2.673576158940397240e-01,4.570000000000000173e-01,0.000000000000000000e+00
2.698625827814569167e-01,4.570000000000000173e-01,0.000000000000000000e+00
2.723675496688741648e-01,4.570000000000000173e-01,0.000000000000000000e+00
2.748725165562914130e-01,4.570000000000000173e-01,0.000000000000000000e+00
2.773774834437086056e-01,4.570000000000000173e-01,0.000000000000000000e+00
2.798824503311257983e-01,4.570000000000000173e-01,0.000000000000000000e+00
2.823874172185430464e-01,4.570000000000000173e-01,0.000000000000000000e+00
2.848923841059602946e-01,4.570000000000000173e-01,0.000000000000000000e+00
2.873973509933774872e-01,4.570000000000000173e-01,0.000000000000000000e+00
2.899023178807946799e-01,4.570000000000000173e-01,0.000000000000000000e+00
2.924072847682119280e-01,4.570000000000000173e-01,0.000000000000000000e+00
2.949122516556291762e-01,4.570000000000000173e-01,0.000000000000000000e+00
2.974172185430463689e-01,4.570000000000000173e-01,0.000000000000000000e+00
2.999221854304635615e-01,4.570000000000000173e-01,0.000000000000000000e+00
3.024271523178808097e-01,4.570000000000000173e-01,0.000000000000000000e+00
3.049321192052980578e-01,4.570000000000000173e-01,0.000000000000000000e+00
3.074370860927152505e-01,4.570000000000000173e-01,0.000000000000000000e+00
3.099420529801324431e-01,4.570000000000000173e-01,0.000000000000000000e+00
3.124470198675496357e-01,4.570000000000000173e-01,0.000000000000000000e+00
3.149519867549668839e-01,4.570000000000000173e-01,0.000000000000000000e+00
3.174569536423841321e-01,4.570000000000000173e-01,0.000000000000000000e+00
3.199619205298013247e-01,4.570000000000000173e-01,0.000000000000000000e+00
3.224668874172185173e-01,4.570000000000000173e-01,0.000000000000000000e+00
3.249718543046357655e-01,4.570000000000000173e-01,0.000000000000000000e+00
3.274768211920530137e-01,4.570000000000000173e-01,0.000000000000000000e+00
3.299817880794702063e-01,4.570000000000000173e-01,0.000000000000000000e+00
3.324867549668873989e-01,4.570000000000000173e-01,0.000000000000000000e+00
3.349917218543046471e-01,4.570000000000000173e-01,0.000000000000000000e+00
3.374966887417218953e-01,4.570000000000000173e-01,0.000000000000000000e+00
3.400016556291390879e-01,4.570000000000000173e-01,0.000000000000000000e+00
3.425066225165562805e-01,4.570000000000000173e-01,0.000000000000000000e+00
3.450115894039734732e-01,4.570000000000000173e-01,0.000000000000000000e+00
3.475165562913907769e-01,4.570000000000000173e-01,0.000000000000000000e+00
3.500215231788079695e-01,4.570000000000000173e-01,0.000000000000000000e+00
3.525264900662251621e-01,4.570000000000000173e-01,0.000000000000000000e+00
3.550314569536423548e-01,4.570000000000000173e-01,0.000000000000000000e+00
3.575364238410596585e-01,4.570000000000000173e-01,0.000000000000000000e+00
3.600413907284768511e-01,4.570000000000000173e-01,0.000000000000000000e+00
3.625463576158940437e-01,4.570000000000000173e-01,0.000000000000000000e+00
3.650513245033112364e-01,4.570000000000000173e-01,0.000000000000000000e+00
3.675562913907284290e-01,4.570000000000000173e-01,0.000000000000000000e+00
3.700612582781457327e-01,4.570000000000000173e-01,0.000000000000000000e+00
3.725662251655629253e-01,4.570000000000000173e-01,0.000000000000000000e+00
3.750711920529801180e-01,4.570000000000000173e-01,0.000000000000000000e+00
3.775761589403973106e-01,4.570000000000000173e-01,0.000000000000000000e+00
3.800811258278146143e-01,4.570000000000000173e-01,0.000000000000000000e+00
3.825860927152318069e-01,4.570000000000000173e-01,0.000000000000000000e+00
3.850910596026489996e-01,4.570000000000000173e-01,0.000000000000000000e+00
3.875960264900661922e-01,4.570000000000000173e-01,0.000000000000000000e+00
3.901009933774834959e-01,4.570000000000000173e-01,0.000000000000000000e+00
3.926059602649006885e-01,4.570000000000000173e-01,0.000000000000000000e+00
3.951109271523178812e-01,4.570000000000000173e-01,0.000000000000000000e+00
3.976158940397350738e-01,4.570000000000000173e-01,0.000000000000000000e+00
4.001208609271523775e-01,4.570000000000000173e-01,0.000000000000000000e+00
4.026258278145695702e-01,4.570000000000000173e-01,0.000000000000000000e+00
4.051307947019867628e-01,4.570000000000000173e-01,0.000000000000000000e+00
4.076357615894039554e-01,4.570000000000000173e-01,0.000000000000000000e+00
4.101407284768211481e-01,4.570000000000000173e-01,0.000000000000000000e+00
4.126456953642384518e-01,4.570000000000000173e-01,0.000000000000000000e+00
4.151506622516556444e-01,4.570000000000000173e-01,0.000000000000000000e+00
4.176556291390728370e-01,4.570000000000000173e-01,0.000000000000000000e+00
4.201605960264900297e-01,4.570000000000000173e-01,0.000000000000000000e+00
4.226655629139073334e-01,4.570000000000000173e-01,0.000000000000000000e+00
4.251705298013245260e-01,4.570000000000000173e-01,0.000000000000000000e+00
4.276754966887417186e-01,4.570000000000000173e-01,0.000000000000000000e+00
4.301804635761589113e-01,4.570000000000000173e-01,0.000000000000000000e+00
4.326854304635762150e-01,4.570000000000000173e-01,0.000000000000000000e+00
4.351903973509934076e-01,4.570000000000000173e-01,0.000000000000000000e+00
4.376953642384106002e-01,4.570000000000000173e-01,0.000000000000000000e+00
4.402003311258277929e-01,4.570000000000000173e-01,0.000000000000000000e+00
4.427052980132450966e-01,4.570000000000000173e-01,0.000000000000000000e+00
4.452102649006622892e-01,4.570000000000000173e-01,0.000000000000000000e+00
4.477152317880794818e-01,4.570000000000000173e-01,0.000000000000000000e+00
4.502201986754966745e-01,4.570000000000000173e-01,0.000000000000000000e+00
4.527251655629138671e-01,4.570000000000000173e-01,0.000000000000000000e+00
4.552301324503311708e-01,4.570000000000000173e-01,0.000000000000000000e+00
4.577350993377483634e-01,4.570000000000000173e-01,0.000000000000000000e+00
4.602400662251655561e-01,4.570000000000000173e-01,0.000000000000000000e+00
4.627450331125827487e-01,4.570000000000000173e-01,0.000000000000000000e+00
4.652500000000000524e-01,4.570000000000000173e-01,0.000000000000000000e+00
4.677549668874172450e-01,4.570000000000000173e-01,0.000000000000000000e+00
4.702599337748344377e-01,4.570000000000000173e-01,0.000000000000000000e+00
4.727649006622516303e-01,4.570000000000000173e-01,0.000000000000000000e+00
4.752698675496689340e-01,4.570000000000000173e-01,0.000000000000000000e+00
4.777748344370861266e-01,4.570000000000000173e-01,0.000000000000000000e+00
4.802798013245033193e-01,4.570000000000000173e-01,0.000000000000000000e+00
4.827847682119205119e-01,4.570000000000000173e-01,0.000000000000000000e+00
4.852897350993378156e-01,4.570000000000000173e-01,0.000000000000000000e+00
4.877947019867550082e-01,4.570000000000000173e-01,0.000000000000000000e+00
4.902996688741722009e-01,4.570000000000000173e-01,0.000000000000000000e+00
4.928046357615893935e-01,4.570000000000000173e-01,0.000000000000000000e+00
4.953096026490065862e-01,4.570000000000000173e-01,0.000000000000000000e+00
4.978145695364238899e-01,4.570000000000000173e-01,0.000000000000000000e+00
5.003195364238410825e-01,4.570000000000000173e-01,0.000000000000000000e+00
5.028245033112582751e-01,4.570000000000000173e-01,0.000000000000000000e+00
5.053294701986754678e-01,4.570000000000000173e-01,0.000000000000000000e+00
5.078344370860927715e-01,4.570000000000000173e-01,0.000000000000000000e+00
5.103394039735099641e-01,4.570000000000000173e-01,0.000000000000000000e+00
5.128443708609271567e-01,4.570000000000000173e-01,0.000000000000000000e+00
5.153493377483443494e-01,4.570000000000000173e-01,0.000000000000000000e+00
5.178543046357616531e-01,4.570000000000000173e-01,0.000000000000000000e+00
5.203592715231788457e-01,4.570000000000000173e-01,0.000000000000000000e+00
5.228642384105960383e-01,4.570000000000000173e-01,0.000000000000000000e+00
5.253692052980132310e-01,4.570000000000000173e-01,0.000000000000000000e+00
5.278741721854304236e-01,4.570000000000000173e-01,0.000000000000000000e+00
5.303791390728477273e-01,4.570000000000000173e-01,0.000000000000000000e+00
5.328841059602649199e-01,4.570000000000000173e-01,0.000000000000000000e+00
5.353890728476821126e-01,4.570000000000000173e-01,0.000000000000000000e+00
5.378940397350993052e-01,4.570000000000000173e-01,0.000000000000000000e+00
5.403990066225166089e-01,4.570000000000000173e-01,0.000000000000000000e+00
5.429039735099338015e-01,4.570000000000000173e-01,0.000000000000000000e+00
5.454089403973509942e-01,4.570000000000000173e-01,0.000000000000000000e+00
5.479139072847681868e-01,4.570000000000000173e-01,0.000000000000000000e+00
5.504188741721854905e-01,4.570000000000000173e-01,0.000000000000000000e+00
5.529238410596026831e-01,4.570000000000000173e-01,0.000000000000000000e+00
5.554288079470198758e-01,4.570000000000000173e-01,0.000000000000000000e+00
5.579337748344370684e-01,4.570000000000000173e-01,0.000000000000000000e+00
5.604387417218543721e-01,4.570000000000000173e-01,0.000000000000000000e+00
5.629437086092715647e-01,4.570000000000000173e-01,0.000000000000000000e+00
5.654486754966887574e-01,4.570000000000000173e-01,0.000000000000000000e+00
5.679536423841059500e-01,4.570000000000000173e-01,0.000000000000000000e+00
5.704586092715231427e-01,4.570000000000000173e-01,0.000000000000000000e+00
5.729635761589404463e-01,4.570000000000000173e-01,0.000000000000000000e+00
5.754685430463576390e-01,4.570000000000000173e-01,0.000000000000000000e+00
5.779735099337748316e-01,4.570000000000000173e-01,0.000000000000000000e+00
5.804784768211920243e-01,4.570000000000000173e-01,0.000000000000000000e+00
5.829834437086093279e-01,4.570000000000000173e-01,0.000000000000000000e+00
5.854884105960265206e-01,4.570000000000000173e-01,0.000000000000000000e+00
5.879933774834437132e-01,4.570000000000000173e-01,0.000000000000000000e+00
5.904983443708609059e-01,4.570000000000000173e-01,0.000000000000000000e+00
5.930033112582780985e-01,4.570000000000000173e-01,0.000000000000000000e+00
5.955082781456954022e-01,4.570000000000000173e-01,0.000000000000000000e+00
5.980132450331125948e-01,4.570000000000000173e-01,0.000000000000000000e+00
6.005182119205297875e-01,4.570000000000000173e-01,0.000000000000000000e+00
6.030231788079469801e-01,4.570000000000000173e-01,0.000000000000000000e+00
6.055281456953642838e-01,4.570000000000000173e-01,0.000000000000000000e+00
6.080331125827814764e-01,4.570000000000000173e-01,0.000000000000000000e+00
6.105380794701986691e-01,4.570000000000000173e-01,0.000000000000000000e+00
6.130430463576158617e-01,4.570000000000000173e-01,0.000000000000000000e+00
6.155480132450330544e-01,4.570000000000000173e-01,0.000000000000000000e+00
6.180529801324503580e-01,4.570000000000000173e-01,0.000000000000000000e+00
6.205579470198675507e-01,4.570000000000000173e-01,0.000000000000000000e+00
6.230629139072847433e-01,4.570000000000000173e-01,0.000000000000000000e+00
6.255678807947019360e-01,4.570000000000000173e-01,0.000000000000000000e+00
6.280728476821192396e-01,4.570000000000000173e-01,0.000000000000000000e+00
6.305778145695364323e-01,4.570000000000000173e-01,0.000000000000000000e+00
6.330827814569536249e-01,4.570000000000000173e-01,0.000000000000000000e+00
6.355877483443708176e-01,4.570000000000000173e-01,0.000000000000000000e+00
6.380927152317881212e-01,4.570000000000000173e-01,0.000000000000000000e+00
6.405976821192053139e-01,4.570000000000000173e-01,0.000000000000000000e+00
6.431026490066225065e-01,4.570000000000000173e-01,0.000000000000000000e+00
6.456076158940396992e-01,4.570000000000000173e-01,0.000000000000000000e+00
6.481125827814568918e-01,4.570000000000000173e-01,0.000000000000000000e+00
6.506175496688741955e-01,4.570000000000000173e-01,0.000000000000000000e+00
6.531225165562913881e-01,4.570000000000000173e-01,0.000000000000000000e+00
6.556274834437085808e-01,4.570000000000000173e-01,0.000000000000000000e+00
6.581324503311257734e-01,4.570000000000000173e-01,0.000000000000000000e+00
6.606374172185430771e-01,4.570000000000000173e-01,0.000000000000000000e+00
6.631423841059602697e-01,4.570000000000000173e-01,0.000000000000000000e+00
6.656473509933774624e-01,4.570000000000000173e-01,0.000000000000000000e+00
6.681523178807946550e-01,4.570000000000000173e-01,0.000000000000000000e+00
6.706572847682119587e-01,4.570000000000000173e-01,0.000000000000000000e+00
6.731622516556291513e-01,4.570000000000000173e-01,0.000000000000000000e+00
6.756672185430463440e-01,4.570000000000000173e-01,0.000000000000000000e+00
6.781721854304635366e-01,4.570000000000000173e-01,0.000000000000000000e+00
6.806771523178808403e-01,4.570000000000000173e-01,0.000000000000000000e+00
6.831821192052980329e-01,4.570000000000000173e-01,0.000000000000000000e+00
6.856870860927152256e-01,4.570000000000000173e-01,0.000000000000000000e+00
6.881920529801324182e-01,4.570000000000000173e-01,0.000000000000000000e+00
6.906970198675496109e-01,4.570000000000000173e-01,0.000000000000000000e+00
6.932019867549669145e-01,4.570000000000000173e-01,0.000000000000000000e+00
6.957069536423841072e-01,4.570000000000000173e-01,0.000000000000000000e+00
6.982119205298012998e-01,4.570000000000000173e-01,0.000000000000000000e+00
7.007168874172184925e-01,4.570000000000000173e-01,0.000000000000000000e+00
7.032218543046357961e-01,4.570000000000000173e-01,0.000000000000000000e+00
7.057268211920529888e-01,4.570000000000000173e-01,0.000000000000000000e+00
7.082317880794701814e-01,4.570000000000000173e-01,0.000000000000000000e+00
7.107367549668873741e-01,4.570000000000000173e-01,0.000000000000000000e+00
7.132417218543046777e-01,4.570000000000000173e-01,0.000000000000000000e+00
7.157466887417218704e-01,4.570000000000000173e-01,0.000000000000000000e+00
7.182516556291390630e-01,4.570000000000000173e-01,0.000000000000000000e+00
7.207566225165562557e-01,4.570000000000000173e-01,0.000000000000000000e+00
7.232615894039735593e-01,4.570000000000000173e-01,0.000000000000000000e+00
7.257665562913907520e-01,4.570000000000000173e-01,0.000000000000000000e+00
7.282715231788079446e-01,4.570000000000000173e-01,0.000000000000000000e+00
7.307764900662251373e-01,4.570000000000000173e-01,0.000000000000000000e+00
7.332814569536423299e-01,4.570000000000000173e-01,0.000000000000000000e+00
7.357864238410596336e-01,4.570000000000000173e-01,0.000000000000000000e+00
7.382913907284768262e-01,4.570000000000000173e-01,0.000000000000000000e+00
7.407963576158940189e-01,4.570000000000000173e-01,0.000000000000000000e+00
7.433013245033112115e-01,4.570000000000000173e-01,0.000000000000000000e+00
7.458062913907285152e-01,4.570000000000000173e-01,0.000000000000000000e+00
7.483112582781457078e-01,4.570000000000000173e-01,0.000000000000000000e+00
7.508162251655629005e-01,4.570000000000000173e-01,0.000000000000000000e+00
7.533211920529800931e-01,4.570000000000000173e-01,0.000000000000000000e+00
7.558261589403973968e-01,4.570000000000000173e-01,0.000000000000000000e+00
7.583311258278145894e-01,4.570000000000000173e-01,0.000000000000000000e+00
7.608360927152317821e-01,4.570000000000000173e-01,0.000000000000000000e+00
7.633410596026489747e-01,4.570000000000000173e-01,0.000000000000000000e+00
7.658460264900662784e-01,4.570000000000000173e-01,0.000000000000000000e+00
7.683509933774834710e-01,4.570000000000000173e-01,0.000000000000000000e+00
7.708559602649006637e-01,4.570000000000000173e-01,0.000000000000000000e+00
7.733609271523178563e-01,4.570000000000000173e-01,0.000000000000000000e+00
7.758658940397350490e-01,4.570000000000000173e-01,0.000000000000000000e+00
7.783708609271523526e-01,4.570000000000000173e-01,0.000000000000000000e+00
7.808758278145695453e-01,4.570000000000000173e-01,0.000000000000000000e+00
7.833807947019867379e-01,4.570000000000000173e-01,0.000000000000000000e+00
7.858857615894039306e-01,4.570000000000000173e-01,0.000000000000000000e+00
7.883907284768212342e-01,4.570000000000000173e-01,0.000000000000000000e+00
7.908956953642384269e-01,4.570000000000000173e-01,0.000000000000000000e+00
7.934006622516556195e-01,4.570000000000000173e-01,0.000000000000000000e+00
7.959056291390728122e-01,4.570000000000000173e-01,0.000000000000000000e+00
7.984105960264901158e-01,4.570000000000000173e-01,0.000000000000000000e+00
8.009155629139073085e-01,4.570000000000000173e-01,0.000000000000000000e+00
8.034205298013245011e-01,4.570000000000000173e-01,0.000000000000000000e+00
8.059254966887416938e-01,4.570000000000000173e-01,0.000000000000000000e+00
8.084304635761589974e-01,4.570000000000000173e-01,0.000000000000000000e+00
8.109354304635761901e-01,4.570000000000000173e-01,0.000000000000000000e+00
8.134403973509933827e-01,4.570000000000000173e-01,0.000000000000000000e+00
8.159453642384105754e-01,4.570000000000000173e-01,0.000000000000000000e+00
8.184503311258277680e-01,4.570000000000000173e-01,0.000000000000000000e+00
8.209552980132450717e-01,4.570000000000000173e-01,0.000000000000000000e+00
8.234602649006622643e-01,4.570000000000000173e-01,0.000000000000000000e+00
8.259652317880794570e-01,4.570000000000000173e-01,0.000000000000000000e+00
8.284701986754966496e-01,4.570000000000000173e-01,0.000000000000000000e+00
8.309751655629139533e-01,4.570000000000000173e-01,0.000000000000000000e+00
8.334801324503311459e-01,4.570000000000000173e-01,0.000000000000000000e+00
8.359850993377483386e-01,4.570000000000000173e-01,0.000000000000000000e+00
8.384900662251655312e-01,4.570000000000000173e-01,0.000000000000000000e+00
8.409950331125828349e-01,4.570000000000000173e-01,0.000000000000000000e+00
8.435000000000000275e-01,4.570000000000000173e-01,0.000000000000000000e+00
8.460049668874172202e-01,4.570000000000000173e-01,0.000000000000000000e+00
8.485099337748344128e-01,4.570000000000000173e-01,0.000000000000000000e+00
8.510149006622516055e-01,4.570000000000000173e-01,0.000000000000000000e+00
8.535198675496689091e-01,4.570000000000000173e-01,0.000000000000000000e+00
8.560248344370861018e-01,4.570000000000000173e-01,0.000000000000000000e+00
8.585298013245032944e-01,4.570000000000000173e-01,0.000000000000000000e+00
8.610347682119204871e-01,4.570000000000000173e-01,0.000000000000000000e+00
8.635397350993377907e-01,4.570000000000000173e-01,0.000000000000000000e+00
8.660447019867549834e-01,4.570000000000000173e-01,0.000000000000000000e+00
8.685496688741721760e-01,4.570000000000000173e-01,0.000000000000000000e+00
8.710546357615893687e-01,4.570000000000000173e-01,0.000000000000000000e+00
8.735596026490066723e-01,4.570000000000000173e-01,0.000000000000000000e+00
8.760645695364238650e-01,4.570000000000000173e-01,0.000000000000000000e+00
8.785695364238410576e-01,4.570000000000000173e-01,0.000000000000000000e+00
8.810745033112582503e-01,4.570000000000000173e-01,0.000000000000000000e+00
8.835794701986755539e-01,4.570000000000000173e-01,0.000000000000000000e+00
8.860844370860927466e-01,4.570000000000000173e-01,0.000000000000000000e+00
8.885894039735099392e-01,4.570000000000000173e-01,0.000000000000000000e+00
8.910943708609271319e-01,4.570000000000000173e-01,0.000000000000000000e+00
8.935993377483443245e-01,4.570000000000000173e-01,0.000000000000000000e+00
8.961043046357616282e-01,4.570000000000000173e-01,0.000000000000000000e+00
8.986092715231788208e-01,4.570000000000000173e-01,0.000000000000000000e+00
9.011142384105960135e-01,4.570000000000000173e-01,0.000000000000000000e+00
9.036192052980132061e-01,4.570000000000000173e-01,0.000000000000000000e+00
9.061241721854305098e-01,4.570000000000000173e-01,0.000000000000000000e+00
9.086291390728477024e-01,4.570000000000000173e-01,0.000000000000000000e+00
9.111341059602648951e-01,4.570000000000000173e-01,0.000000000000000000e+00
9.136390728476820877e-01,4.570000000000000173e-01,0.000000000000000000e+00
9.161440397350993914e-01,4.570000000000000173e-01,0.000000000000000000e+00
9.186490066225165840e-01,4.570000000000000173e-01,0.000000000000000000e+00
9.211539735099337767e-01,4.570000000000000173e-01,0.000000000000000000e+00
9.236589403973509693e-01,4.570000000000000173e-01,0.000000000000000000e+00
9.261639072847682730e-01,4.570000000000000173e-01,0.000000000000000000e+00
9.286688741721854656e-01,4.570000000000000173e-01,0.000000000000000000e+00
9.311738410596026583e-01,4.570000000000000173e-01,0.000000000000000000e+00
9.336788079470198509e-01,4.570000000000000173e-01,0.000000000000000000e+00
9.361837748344370436e-01,4.570000000000000173e-01,0.000000000000000000e+00
9.386887417218543472e-01,4.570000000000000173e-01,0.000000000000000000e+00
9.411937086092715399e-01,4.570000000000000173e-01,0.000000000000000000e+00
9.436986754966887325e-01,4.570000000000000173e-01,0.000000000000000000e+00
9.462036423841059252e-01,4.570000000000000173e-01,0.000000000000000000e+00
9.487086092715232288e-01,4.570000000000000173e-01,0.000000000000000000e+00
9.512135761589404215e-01,4.570000000000000173e-01,0.000000000000000000e+00
9.537185430463576141e-01,4.570000000000000173e-01,0.000000000000000000e+00
9.562235099337748068e-01,4.570000000000000173e-01,0.000000000000000000e+00
9.587284768211921104e-01,4.570000000000000173e-01,0.000000000000000000e+00
9.612334437086093031e-01,4.570000000000000173e-01,0.000000000000000000e+00
9.637384105960264957e-01,4.570000000000000173e-01,0.000000000000000000e+00
9.662433774834436884e-01,4.570000000000000173e-01,0.000000000000000000e+00
9.687483443708608810e-01,4.570000000000000173e-01,0.000000000000000000e+00
9.712533112582781847e-01,4.570000000000000173e-01,0.000000000000000000e+00
9.737582781456953773e-01,4.570000000000000173e-01,0.000000000000000000e+00
9.762632450331125700e-01,4.570000000000000173e-01,0.000000000000000000e+00
9.787682119205297626e-01,4.570000000000000173e-01,0.000000000000000000e+00
9.812731788079470663e-01,4.570000000000000173e-01,0.000000000000000000e+00
9.837781456953642589e-01,4.570000000000000173e-01,0.000000000000000000e+00
9.862831125827814516e-01,4.570000000000000173e-01,0.000000000000000000e+00
9.887880794701986442e-01,4.570000000000000173e-01,0.000000000000000000e+00
9.912930463576159479e-01,4.570000000000000173e-01,0.000000000000000000e+00
9.937980132450331405e-01,4.570000000000000173e-01,0.000000000000000000e+00
9.963029801324503332e-01,4.570000000000000173e-01,0.000000000000000000e+00
9.988079470198675258e-01,4.570000000000000173e-01,0.000000000000000000e+00
1.001312913907284941e+00,4.570000000000000173e-01,0.000000000000000000e+00
1.003817880794702022e+00,4.570000000000000173e-01,0.000000000000000000e+00
1.006322847682119326e+00,4.570000000000000173e-01,0.000000000000000000e+00
1.008827814569536407e+00,4.570000000000000173e-01,0.000000000000000000e+00
1.011332781456953711e+00,4.570000000000000173e-01,0.000000000000000000e+00
1.013837748344371015e+00,4.570000000000000173e-01,0.000000000000000000e+00
1.016342715231788096e+00,4.570000000000000173e-01,0.000000000000000000e+00
1.018847682119205400e+00,4.570000000000000173e-01,0.000000000000000000e+00
1.021352649006622482e+00,4.570000000000000173e-01,0.000000000000000000e+00
1.023857615894039785e+00,4.570000000000000173e-01,0.000000000000000000e+00
1.026362582781457089e+00,4.570000000000000173e-01,0.000000000000000000e+00
1.028867549668874171e+00,4.570000000000000173e-01,0.000000000000000000e+00
1.031372516556291474e+00,4.570000000000000173e-01,0.000000000000000000e+00
1.033877483443708778e+00,4.570000000000000173e-01,0.000000000000000000e+00
1.036382450331125860e+00,4.570000000000000173e-01,0.000000000000000000e+00
1.038887417218543163e+00,4.570000000000000173e-01,0.000000000000000000e+00
1.041392384105960245e+00,4.570000000000000173e-01,0.000000000000000000e+00
1.043897350993377549e+00,4.570000000000000173e-01,0.000000000000000000e+00
1.046402317880794852e+00,4.570000000000000173e-01,0.000000000000000000e+00
1.048907284768211934e+00,4.570000000000000173e-01,0.000000000000000000e+00
1.051412251655629237e+00,4.570000000000000173e-01,0.000000000000000000e+00
1.053917218543046319e+00,4.570000000000000173e-01,0.000000000000000000e+00
1.056422185430463623e+00,4.570000000000000173e-01,0.000000000000000000e+00
1.058927152317880926e+00,4.570000000000000173e-01,0.000000000000000000e+00
1.061432119205298008e+00,4.570000000000000173e-01,0.000000000000000000e+00
1.063937086092715312e+00,4.570000000000000173e-01,0.000000000000000000e+00
1.066442052980132615e+00,4.570000000000000173e-01,0.000000000000000000e+00
1.068947019867549697e+00,4.570000000000000173e-01,0.000000000000000000e+00
1.071451986754967001e+00,4.570000000000000173e-01,0.000000000000000000e+00
1.073956953642384082e+00,4.570000000000000173e-01,0.000000000000000000e+00
1.076461920529801386e+00,4.570000000000000173e-01,0.000000000000000000e+00
1.078966887417218690e+00,4.570000000000000173e-01,0.000000000000000000e+00
1.081471854304635771e+00,4.570000000000000173e-01,0.000000000000000000e+00
1.083976821192053075e+00,4.570000000000000173e-01,0.000000000000000000e+00
1.086481788079470379e+00,4.570000000000000173e-01,0.000000000000000000e+00
1.088986754966887460e+00,4.570000000000000173e-01,0.000000000000000000e+00
1.091491721854304542e+00,4.570000000000000173e-01,0.000000000000000000e+00
1.093996688741721846e+00,4.570000000000000173e-01,0.000000000000000000e+00
1.096501655629139149e+00,4.570000000000000173e-01,0.000000000000000000e+00
1.099006622516556231e+00,4.570000000000000173e-01,0.000000000000000000e+00
1.101511589403973534e+00,4.570000000000000173e-01,0.000000000000000000e+00
1.104016556291390838e+00,4.570000000000000173e-01,0.000000000000000000e+00
1.106521523178807920e+00,4.570000000000000173e-01,0.000000000000000000e+00
1.109026490066225223e+00,4.570000000000000173e-01,0.000000000000000000e+00
1.111531456953642305e+00,4.570000000000000173e-01,0.000000000000000000e+00
1.114036423841059609e+00,4.570000000000000173e-01,0.000000000000000000e+00
1.116541390728476912e+00,4.570000000000000173e-01,0.000000000000000000e+00
1.119046357615893994e+00,4.570000000000000173e-01,0.000000000000000000e+00
1.121551324503311298e+00,4.570000000000000173e-01,0.000000000000000000e+00
1.124056291390728601e+00,4.570000000000000173e-01,0.000000000000000000e+00
1.126561258278145683e+00,4.570000000000000173e-01,0.000000000000000000e+00
1.129066225165562987e+00,4.570000000000000173e-01,0.000000000000000000e+00
1.131571192052980068e+00,4.570000000000000173e-01,0.000000000000000000e+00
1.134076158940397372e+00,4.570000000000000173e-01,0.000000000000000000e+00
1.136581125827814676e+00,4.570000000000000173e-01,0.000000000000000000e+00
1.139086092715231757e+00,4.570000000000000173e-01,0.000000000000000000e+00
1.141591059602649061e+00,4.570000000000000173e-01,0.000000000000000000e+00
1.144096026490066143e+00,4.570000000000000173e-01,0.000000000000000000e+00
1.146600993377483446e+00,4.570000000000000173e-01,0.000000000000000000e+00
1.149105960264900750e+00,4.570000000000000173e-01,0.000000000000000000e+00
1.151610927152317831e+00,4.570000000000000173e-01,0.000000000000000000e+00
1.154115894039735135e+00,4.570000000000000173e-01,0.000000000000000000e+00
1.156620860927152439e+00,4.570000000000000173e-01,0.000000000000000000e+00
1.159125827814569520e+00,4.570000000000000173e-01,0.000000000000000000e+00
1.161630794701986824e+00,4.570000000000000173e-01,0.000000000000000000e+00
1.164135761589403906e+00,4.570000000000000173e-01,0.000000000000000000e+00
1.166640728476821209e+00,4.570000000000000173e-01,0.000000000000000000e+00
1.169145695364238513e+00,4.570000000000000173e-01,0.000000000000000000e+00
1.171650662251655595e+00,4.570000000000000173e-01,0.000000000000000000e+00
1.174155629139072898e+00,4.570000000000000173e-01,0.000000000000000000e+00
1.176660596026489980e+00,4.570000000000000173e-01,0.000000000000000000e+00
1.179165562913907284e+00,4.570000000000000173e-01,0.000000000000000000e+00
1.181670529801324587e+00,4.570000000000000173e-01,0.000000000000000000e+00
1.184175496688741669e+00,4.570000000000000173e-01,0.000000000000000000e+00
1.186680463576158973e+00,4.570000000000000173e-01,0.000000000000000000e+00
1.189185430463576276e+00,4.570000000000000173e-01,0.000000000000000000e+00
1.191690397350993358e+00,4.570000000000000173e-01,0.000000000000000000e+00
1.194195364238410662e+00,4.570000000000000173e-01,0.000000000000000000e+00
1.196700331125827743e+00,4.570000000000000173e-01,0.000000000000000000e+00
1.199205298013245047e+00,4.570000000000000173e-01,0.000000000000000000e+00
1.201710264900662350e+00,4.570000000000000173e-01,0.000000000000000000e+00
1.204215231788079432e+00,4.570000000000000173e-01,0.000000000000000000e+00
1.206720198675496736e+00,4.570000000000000173e-01,0.000000000000000000e+00
1.209225165562913817e+00,4.570000000000000173e-01,0.000000000000000000e+00
1.211730132450331121e+00,4.570000000000000173e-01,0.000000000000000000e+00
1.214235099337748425e+00,4.570000000000000173e-01,0.000000000000000000e+00
1.216740066225165506e+00,4.570000000000000173e-01,0.000000000000000000e+00
1.219245033112582810e+00,4.570000000000000173e-01,0.000000000000000000e+00
1.221750000000000114e+00,4.570000000000000173e-01,0.000000000000000000e+00
1.224254966887417195e+00,4.570000000000000173e-01,0.000000000000000000e+00
1.226759933774834499e+00,4.570000000000000173e-01,0.000000000000000000e+00
1.229264900662251581e+00,4.570000000000000173e-01,0.000000000000000000e+00
1.231769867549668884e+00,4.570000000000000173e-01,0.000000000000000000e+00
1.234274834437086188e+00,4.570000000000000173e-01,0.000000000000000000e+00
1.236779801324503270e+00,4.570000000000000173e-01,0.000000000000000000e+00
1.239284768211920573e+00,4.570000000000000173e-01,0.000000000000000000e+00
1.241789735099337877e+00,4.570000000000000173e-01,0.000000000000000000e+00
1.244294701986754959e+00,4.570000000000000173e-01,0.000000000000000000e+00
1.246799668874172262e+00,4.570000000000000173e-01,0.000000000000000000e+00
1.249304635761589344e+00,4.570000000000000173e-01,0.000000000000000000e+00
1.251809602649006647e+00,4.570000000000000173e-01,0.000000000000000000e+00
1.254314569536423951e+00,4.570000000000000173e-01,0.000000000000000000e+00
1.256819536423841033e+00,4.570000000000000173e-01,0.000000000000000000e+00
1.259324503311258336e+00,4.570000000000000173e-01,0.000000000000000000e+00
1.261829470198675418e+00,4.570000000000000173e-01,0.000000000000000000e+00
1.264334437086092722e+00,4.570000000000000173e-01,0.000000000000000000e+00
1.266839403973510025e+00,4.570000000000000173e-01,0.000000000000000000e+00
1.269344370860927107e+00,4.570000000000000173e-01,0.000000000000000000e+00
1.271849337748344411e+00,4.570000000000000173e-01,0.000000000000000000e+00
1.274354304635761714e+00,4.570000000000000173e-01,0.000000000000000000e+00
1.276859271523178796e+00,4.570000000000000173e-01,0.000000000000000000e+00
1.279364238410596100e+00,4.570000000000000173e-01,0.000000000000000000e+00
1.281869205298013181e+00,4.570000000000000173e-01,0.000000000000000000e+00
1.284374172185430485e+00,4.570000000000000173e-01,0.000000000000000000e+00
1.286879139072847789e+00,4.570000000000000173e-01,0.000000000000000000e+00
1.289384105960264870e+00,4.570000000000000173e-01,0.000000000000000000e+00
1.291889072847682174e+00,4.570000000000000173e-01,0.000000000000000000e+00
1.294394039735099255e+00,4.570000000000000173e-01,0.000000000000000000e+00
1.296899006622516559e+00,4.570000000000000173e-01,0.000000000000000000e+00
1.299403973509933863e+00,4.570000000000000173e-01,0.000000000000000000e+00
1.301908940397350944e+00,4.570000000000000173e-01,0.000000000000000000e+00
1.304413907284768248e+00,4.570000000000000173e-01,0.000000000000000000e+00
1.306918874172185552e+00,4.570000000000000173e-01,0.000000000000000000e+00
1.309423841059602633e+00,4.570000000000000173e-01,0.000000000000000000e+00
1.311928807947019937e+00,4.570000000000000173e-01,0.000000000000000000e+00
1.314433774834437019e+00,4.570000000000000173e-01,0.000000000000000000e+00
1.316938741721854322e+00,4.570000000000000173e-01,0.000000000000000000e+00
1.319443708609271626e+00,4.570000000000000173e-01,0.000000000000000000e+00
1.321948675496688708e+00,4.570000000000000173e-01,0.000000000000000000e+00
1.324453642384106011e+00,4.570000000000000173e-01,0.000000000000000000e+00
1.326958609271523315e+00,4.570000000000000173e-01,0.000000000000000000e+00
1.329463576158940397e+00,4.570000000000000173e-01,0.000000000000000000e+00
1.331968543046357700e+00,4.570000000000000173e-01,0.000000000000000000e+00
1.334473509933774782e+00,4.570000000000000173e-01,0.000000000000000000e+00
1.336978476821192086e+00,4.570000000000000173e-01,0.000000000000000000e+00
1.339483443708609389e+00,4.570000000000000173e-01,0.000000000000000000e+00
1.341988410596026471e+00,4.570000000000000173e-01,0.000000000000000000e+00
1.344493377483443775e+00,4.570000000000000173e-01,0.000000000000000000e+00
1.346998344370860856e+00,4.570000000000000173e-01,0.000000000000000000e+00
1.349503311258278160e+00,4.570000000000000173e-01,0.000000000000000000e+00
1.352008278145695463e+00,4.570000000000000173e-01,0.000000000000000000e+00
1.354513245033112545e+00,4.570000000000000173e-01,0.000000000000000000e+00
1.357018211920529849e+00,4.570000000000000173e-01,0.000000000000000000e+00
1.359523178807947152e+00,4.570000000000000173e-01,0.000000000000000000e+00
1.362028145695364234e+00,4.570000000000000173e-01,0.000000000000000000e+00
1.364533112582781538e+00,4.570000000000000173e-01,0.000000000000000000e+00
1.367038079470198619e+00,4.570000000000000173e-01,0.000000000000000000e+00
1.369543046357615923e+00,4.570000000000000173e-01,0.000000000000000000e+00
1.372048013245033227e+00,4.570000000000000173e-01,0.000000000000000000e+00
1.374552980132450308e+00,4.570000000000000173e-01,0.000000000000000000e+00
1.377057947019867612e+00,4.570000000000000173e-01,0.000000000000000000e+00
1.379562913907284694e+00,4.570000000000000173e-01,0.000000000000000000e+00
1.382067880794701997e+00,4.570000000000000173e-01,0.000000000000000000e+00
1.384572847682119301e+00,4.570000000000000173e-01,0.000000000000000000e+00
1.387077814569536383e+00,4.570000000000000173e-01,0.000000000000000000e+00
1.389582781456953686e+00,4.570000000000000173e-01,0.000000000000000000e+00
1.392087748344370990e+00,4.570000000000000173e-01,0.000000000000000000e+00
1.394592715231788072e+00,4.570000000000000173e-01,0.000000000000000000e+00
1.397097682119205375e+00,4.570000000000000173e-01,0.000000000000000000e+00
1.399602649006622457e+00,4.570000000000000173e-01,0.000000000000000000e+00
1.402107615894039760e+00,4.570000000000000173e-01,0.000000000000000000e+00
1.404612582781457064e+00,4.570000000000000173e-01,0.000000000000000000e+00
1.407117549668874146e+00,4.570000000000000173e-01,0.000000000000000000e+00
1.409622516556291449e+00,4.570000000000000173e-01,0.000000000000000000e+00
1.412127483443708531e+00,4.570000000000000173e-01,0.000000000000000000e+00
1.414632450331125835e+00,4.570000000000000173e-01,0.000000000000000000e+00
1.417137417218543138e+00,4.570000000000000173e-01,0.000000000000000000e+00
1.419642384105960220e+00,4.570000000000000173e-01,0.000000000000000000e+00
1.422147350993377524e+00,4.570000000000000173e-01,0.000000000000000000e+00
1.424652317880794827e+00,4.570000000000000173e-01,0.000000000000000000e+00
1.427157284768211909e+00,4.570000000000000173e-01,0.000000000000000000e+00
1.429662251655629213e+00,4.570000000000000173e-01,0.000000000000000000e+00
1.432167218543046294e+00,4.570000000000000173e-01,0.000000000000000000e+00
1.434672185430463598e+00,4.570000000000000173e-01,0.000000000000000000e+00
1.437177152317880902e+00,4.570000000000000173e-01,0.000000000000000000e+00
1.439682119205297983e+00,4.570000000000000173e-01,0.000000000000000000e+00
1.442187086092715287e+00,4.570000000000000173e-01,0.000000000000000000e+00
1.444692052980132591e+00,4.570000000000000173e-01,0.000000000000000000e+00
1.447197019867549672e+00,4.570000000000000173e-01,0.000000000000000000e+00
1.449701986754966976e+00,4.570000000000000173e-01,0.000000000000000000e+00
1.452206953642384057e+00,4.570000000000000173e-01,0.000000000000000000e+00
1.454711920529801361e+00,4.570000000000000173e-01,0.000000000000000000e+00
1.457216887417218665e+00,4.570000000000000173e-01,0.000000000000000000e+00
1.459721854304635746e+00,4.570000000000000173e-01,0.000000000000000000e+00
1.462226821192053050e+00,4.570000000000000173e-01,0.000000000000000000e+00
1.464731788079470132e+00,4.570000000000000173e-01,0.000000000000000000e+00
1.467236754966887435e+00,4.570000000000000173e-01,0.000000000000000000e+00
1.469741721854304739e+00,4.570000000000000173e-01,0.000000000000000000e+00
1.472246688741721821e+00,4.570000000000000173e-01,0.000000000000000000e+00
1.474751655629139124e+00,4.570000000000000173e-01,0.000000000000000000e+00
1.477256622516556428e+00,4.570000000000000173e-01,0.000000000000000000e+00
1.479761589403973510e+00,4.570000000000000173e-01,0.000000000000000000e+00
1.482266556291390813e+00,4.570000000000000173e-01,0.000000000000000000e+00
1.484771523178807895e+00,4.570000000000000173e-01,0.000000000000000000e+00
1.487276490066225199e+00,4.570000000000000173e-01,0.000000000000000000e+00
1.489781456953642502e+00,4.570000000000000173e-01,0.000000000000000000e+00
1.492286423841059584e+00,4.570000000000000173e-01,0.000000000000000000e+00
1.494791390728476888e+00,4.570000000000000173e-01,0.000000000000000000e+00
1.497296357615893969e+00,4.570000000000000173e-01,0.000000000000000000e+00
1.499801324503311273e+00,4.570000000000000173e-01,0.000000000000000000e+00
1.502306291390728576e+00,4.570000000000000173e-01,0.000000000000000000e+00
1.504811258278145658e+00,4.570000000000000173e-01,0.000000000000000000e+00
1.507316225165562962e+00,4.570000000000000173e-01,0.000000000000000000e+00
1.509821192052980265e+00,4.570000000000000173e-01,0.000000000000000000e+00
1.512326158940397347e+00,4.570000000000000173e-01,0.000000000000000000e+00
1.514831125827814651e+00,4.570000000000000173e-01,0.000000000000000000e+00
1.517336092715231732e+00,4.570000000000000173e-01,0.000000000000000000e+00
1.519841059602649036e+00,4.570000000000000173e-01,0.000000000000000000e+00
1.522346026490066340e+00,4.570000000000000173e-01,0.000000000000000000e+00
1.524850993377483421e+00,4.570000000000000173e-01,0.000000000000000000e+00
1.527355960264900725e+00,4.570000000000000173e-01,0.000000000000000000e+00
1.529860927152318029e+00,4.570000000000000173e-01,0.000000000000000000e+00
1.532365894039735110e+00,4.570000000000000173e-01,0.000000000000000000e+00
1.534870860927152414e+00,4.570000000000000173e-01,0.000000000000000000e+00
1.537375827814569496e+00,4.570000000000000173e-01,0.000000000000000000e+00
1.539880794701986799e+00,4.570000000000000173e-01,0.000000000000000000e+00
1.542385761589404103e+00,4.570000000000000173e-01,0.000000000000000000e+00
1.544890728476821185e+00,4.570000000000000173e-01,0.000000000000000000e+00
1.547395695364238488e+00,4.570000000000000173e-01,0.000000000000000000e+00
1.549900662251655570e+00,4.570000000000000173e-01,0.000000000000000000e+00
1.552405629139072873e+00,4.570000000000000173e-01,0.000000000000000000e+00
1.554910596026490177e+00,4.570000000000000173e-01,0.000000000000000000e+00
1.557415562913907259e+00,4.570000000000000173e-01,0.000000000000000000e+00
1.559920529801324562e+00,4.570000000000000173e-01,0.000000000000000000e+00
1.562425496688741866e+00,4.570000000000000173e-01,0.000000000000000000e+00
1.564930463576158948e+00,4.570000000000000173e-01,0.000000000000000000e+00
1.567435430463576251e+00,4.570000000000000173e-01,0.000000000000000000e+00
1.569940397350993333e+00,4.570000000000000173e-01,0.000000000000000000e+00
1.572445364238410637e+00,4.570000000000000173e-01,0.000000000000000000e+00
1.574950331125827940e+00,4.570000000000000173e-01,0.000000000000000000e+00
1.577455298013245022e+00,4.570000000000000173e-01,0.000000000000000000e+00
1.579960264900662326e+00,4.570000000000000173e-01,0.000000000000000000e+00
1.582465231788079407e+00,4.570000000000000173e-01,0.000000000000000000e+00
1.584970198675496711e+00,4.570000000000000173e-01,0.000000000000000000e+00
1.587475165562914015e+00,4.570000000000000173e-01,0.000000000000000000e+00
1.589980132450331096e+00,4.570000000000000173e-01,0.000000000000000000e+00
1.592485099337748400e+00,4.570000000000000173e-01,0.000000000000000000e+00
1.594990066225165704e+00,4.570000000000000173e-01,0.000000000000000000e+00
1.597495033112582785e+00,4.570000000000000173e-01,0.000000000000000000e+00
