-1.600000000000000089e+00,-2.869999999999999774e-01,0.000000000000000000e+00
-1.597496527777777953e+00,-2.869999999999999774e-01,0.000000000000000000e+00
-1.594993055555555594e+00,-2.869999999999999774e-01,0.000000000000000000e+00
-1.592489583333333458e+00,-2.869999999999999774e-01,0.000000000000000000e+00
-1.589986111111111100e+00,-2.869999999999999774e-01,0.000000000000000000e+00
-1.587482638888888964e+00,-2.869999999999999774e-01,0.000000000000000000e+00
-1.584979166666666828e+00,-2.869999999999999774e-01,0.000000000000000000e+00
-1.582475694444444470e+00,-2.869999999999999774e-01,0.000000000000000000e+00
-1.579972222222222333e+00,-2.869999999999999774e-01,0.000000000000000000e+00
-1.577468749999999975e+00,-2.869999999999999774e-01,0.000000000000000000e+00
-1.574965277777777839e+00,-2.869999999999999774e-01,0.000000000000000000e+00
-1.572461805555555703e+00,-2.869999999999999774e-01,0.000000000000000000e+00
-1.569958333333333345e+00,-2.869999999999999774e-01,0.000000000000000000e+00
-1.567454861111111208e+00,-2.869999999999999774e-01,0.000000000000000000e+00
-1.564951388888889072e+00,-2.869999999999999774e-01,0.000000000000000000e+00
-1.562447916666666714e+00,-2.869999999999999774e-01,0.000000000000000000e+00
-1.559944444444444578e+00,-2.869999999999999774e-01,0.000000000000000000e+00
-1.557440972222222220e+00,-2.869999999999999774e-01,0.000000000000000000e+00
-1.554937500000000083e+00,-2.869999999999999774e-01,0.000000000000000000e+00
-1.552434027777777947e+00,-2.869999999999999774e-01,0.000000000000000000e+00
-1.549930555555555589e+00,-2.869999999999999774e-01,0.000000000000000000e+00
-1.547427083333333453e+00,-2.869999999999999774e-01,0.000000000000000000e+00
-1.544923611111111095e+00,-2.869999999999999774e-01,0.000000000000000000e+00
-1.542420138888888959e+00,-2.869999999999999774e-01,0.000000000000000000e+00
-1.539916666666666822e+00,-2.869999999999999774e-01,0.000000000000000000e+00
-1.537413194444444464e+00,-2.869999999999999774e-01,0.000000000000000000e+00
-1.534909722222222328e+00,-2.869999999999999774e-01,0.000000000000000000e+00
-1.532406250000000192e+00,-2.869999999999999774e-01,0.000000000000000000e+00
-1.529902777777777834e+00,-2.869999999999999774e-01,0.000000000000000000e+00
-1.527399305555555697e+00,-2.869999999999999774e-01,0.000000000000000000e+00
-1.524895833333333339e+00,-2.869999999999999774e-01,0.000000000000000000e+00
-1.522392361111111203e+00,-2.869999999999999774e-01,0.000000000000000000e+00
-1.519888888888889067e+00,-2.869999999999999774e-01,0.000000000000000000e+00
-1.517385416666666709e+00,-2.869999999999999774e-01,0.000000000000000000e+00
-1.514881944444444573e+00,-2.869999999999999774e-01,0.000000000000000000e+00
-1.512378472222222214e+00,-2.869999999999999774e-01,0.000000000000000000e+00
-1.509875000000000078e+00,-2.869999999999999774e-01,0.000000000000000000e+00
-1.507371527777777942e+00,-2.869999999999999774e-01,0.000000000000000000e+00
-1.504868055555555584e+00,-2.869999999999999774e-01,0.000000000000000000e+00
-1.502364583333333448e+00,-2.869999999999999774e-01,0.000000000000000000e+00
-1.499861111111111089e+00,-2.869999999999999774e-01,0.000000000000000000e+00
-1.497357638888888953e+00,-2.869999999999999774e-01,0.000000000000000000e+00
-1.494854166666666817e+00,-2.869999999999999774e-01,0.000000000000000000e+00
-1.492350694444444459e+00,-2.869999999999999774e-01,0.000000000000000000e+00
-1.489847222222222323e+00,-2.869999999999999774e-01,0.000000000000000000e+00
-1.487343749999999964e+00,-2.869999999999999774e-01,0.000000000000000000e+00
-1.484840277777777828e+00,-2.869999999999999774e-01,0.000000000000000000e+00
-1.482336805555555692e+00,-2.869999999999999774e-01,0.000000000000000000e+00
-1.479833333333333334e+00,-2.869999999999999774e-01,0.000000000000000000e+00
-1.477329861111111198e+00,-2.869999999999999774e-01,0.000000000000000000e+00
-1.474826388888889062e+00,-2.869999999999999774e-01,0.000000000000000000e+00
-1.472322916666666703e+00,-2.869999999999999774e-01,0.000000000000000000e+00
-1.469819444444444567e+00,-2.869999999999999774e-01,0.000000000000000000e+00
-1.467315972222222209e+00,-2.869999999999999774e-01,0.000000000000000000e+00
-1.464812500000000073e+00,-2.869999999999999774e-01,0.000000000000000000e+00
-1.462309027777777937e+00,-2.869999999999999774e-01,0.000000000000000000e+00
-1.459805555555555578e+00,-2.869999999999999774e-01,0.000000000000000000e+00
-1.457302083333333442e+00,-2.869999999999999774e-01,0.000000000000000000e+00
-1.454798611111111306e+00,-2.869999999999999774e-01,0.000000000000000000e+00
-1.452295138888888948e+00,-2.869999999999999774e-01,0.000000000000000000e+00
-1.449791666666666812e+00,-2.869999999999999774e-01,0.000000000000000000e+00
-1.447288194444444454e+00,-2.869999999999999774e-01,0.000000000000000000e+00
-1.444784722222222317e+00,-2.869999999999999774e-01,0.000000000000000000e+00
-1.442281250000000181e+00,-2.869999999999999774e-01,0.000000000000000000e+00
-1.439777777777777823e+00,-2.869999999999999774e-01,0.000000000000000000e+00
-1.437274305555555687e+00,-2.869999999999999774e-01,0.000000000000000000e+00
-1.434770833333333329e+00,-2.869999999999999774e-01,0.000000000000000000e+00
-1.432267361111111192e+00,-2.869999999999999774e-01,0.000000000000000000e+00
-1.429763888888889056e+00,-2.869999999999999774e-01,0.000000000000000000e+00
-1.427260416666666698e+00,-2.869999999999999774e-01,0.000000000000000000e+00
-1.424756944444444562e+00,-2.869999999999999774e-01,0.000000000000000000e+00
-1.422253472222222204e+00,-2.869999999999999774e-01,0.000000000000000000e+00
-1.419750000000000068e+00,-2.869999999999999774e-01,0.000000000000000000e+00
-1.417246527777777931e+00,-2.869999999999999774e-01,0.000000000000000000e+00
-1.414743055555555573e+00,-2.869999999999999774e-01,0.000000000000000000e+00
-1.412239583333333437e+00,-2.869999999999999774e-01,0.000000000000000000e+00
-1.409736111111111079e+00,-2.869999999999999774e-01,0.000000000000000000e+00
-1.407232638888888943e+00,-2.869999999999999774e-01,0.000000000000000000e+00
-1.404729166666666806e+00,-2.869999999999999774e-01,0.000000000000000000e+00
-1.402225694444444448e+00,-2.869999999999999774e-01,0.000000000000000000e+00
-1.399722222222222312e+00,-2.869999999999999774e-01,0.000000000000000000e+00
-1.397218749999999954e+00,-2.869999999999999774e-01,0.000000000000000000e+00
-1.394715277777777818e+00,-2.869999999999999774e-01,0.000000000000000000e+00
-1.392211805555555681e+00,-2.869999999999999774e-01,0.000000000000000000e+00
-1.389708333333333323e+00,-2.869999999999999774e-01,0.000000000000000000e+00
-1.387204861111111187e+00,-2.869999999999999774e-01,0.000000000000000000e+00
-1.384701388888889051e+00,-2.869999999999999774e-01,0.000000000000000000e+00
-1.382197916666666693e+00,-2.869999999999999774e-01,0.000000000000000000e+00
-1.379694444444444557e+00,-2.869999999999999774e-01,0.000000000000000000e+00
-1.377190972222222198e+00,-2.869999999999999774e-01,0.000000000000000000e+00
-1.374687500000000062e+00,-2.869999999999999774e-01,0.000000000000000000e+00
-1.372184027777777926e+00,-2.869999999999999774e-01,0.000000000000000000e+00
-1.369680555555555568e+00,-2.869999999999999774e-01,0.000000000000000000e+00
-1.367177083333333432e+00,-2.869999999999999774e-01,0.000000000000000000e+00
-1.364673611111111295e+00,-2.869999999999999774e-01,0.000000000000000000e+00
-1.362170138888888937e+00,-2.869999999999999774e-01,0.000000000000000000e+00
-1.359666666666666801e+00,-2.869999999999999774e-01,0.000000000000000000e+00
-1.357163194444444443e+00,-2.869999999999999774e-01,0.000000000000000000e+00
-1.354659722222222307e+00,-2.869999999999999774e-01,0.000000000000000000e+00
-1.352156250000000171e+00,-2.869999999999999774e-01,0.000000000000000000e+00
-1.349652777777777812e+00,-2.869999999999999774e-01,0.000000000000000000e+00
-1.347149305555555676e+00,-2.869999999999999774e-01,0.000000000000000000e+00
-1.344645833333333318e+00,-2.869999999999999774e-01,0.000000000000000000e+00
-1.342142361111111182e+00,-2.869999999999999774e-01,0.000000000000000000e+00
-1.339638888888889046e+00,-2.869999999999999774e-01,0.000000000000000000e+00
-1.337135416666666687e+00,-2.869999999999999774e-01,0.000000000000000000e+00
-1.334631944444444551e+00,-2.869999999999999774e-01,0.000000000000000000e+00
-1.332128472222222193e+00,-2.869999999999999774e-01,0.000000000000000000e+00
-1.329625000000000057e+00,-2.869999999999999774e-01,0.000000000000000000e+00
-1.327121527777777921e+00,-2.869999999999999774e-01,0.000000000000000000e+00
-1.324618055555555562e+00,-2.869999999999999774e-01,0.000000000000000000e+00
-1.322114583333333426e+00,-2.869999999999999774e-01,0.000000000000000000e+00
-1.319611111111111068e+00,-2.869999999999999774e-01,0.000000000000000000e+00
-1.317107638888888932e+00,-2.869999999999999774e-01,0.000000000000000000e+00
-1.314604166666666796e+00,-2.869999999999999774e-01,0.000000000000000000e+00
-1.312100694444444438e+00,-2.869999999999999774e-01,0.000000000000000000e+00
-1.309597222222222301e+00,-2.869999999999999774e-01,0.000000000000000000e+00
-1.307093749999999943e+00,-2.869999999999999774e-01,0.000000000000000000e+00
-1.304590277777777807e+00,-2.869999999999999774e-01,0.000000000000000000e+00
-1.302086805555555671e+00,-2.869999999999999774e-01,0.000000000000000000e+00
-1.299583333333333313e+00,-2.869999999999999774e-01,0.000000000000000000e+00
-1.297079861111111176e+00,-2.869999999999999774e-01,0.000000000000000000e+00
-1.294576388888888818e+00,-2.869999999999999774e-01,0.000000000000000000e+00
-1.292072916666666682e+00,-2.869999999999999774e-01,0.000000000000000000e+00
-1.289569444444444546e+00,-2.869999999999999774e-01,0.000000000000000000e+00
-1.287065972222222410e+00,-2.869999999999999774e-01,0.000000000000000000e+00
-1.284562500000000052e+00,-2.869999999999999774e-01,0.000000000000000000e+00
-1.282059027777777915e+00,-2.869999999999999774e-01,0.000000000000000000e+00
-1.279555555555555557e+00,-2.869999999999999774e-01,0.000000000000000000e+00
-1.277052083333333421e+00,-2.869999999999999774e-01,0.000000000000000000e+00
-1.274548611111111285e+00,-2.869999999999999774e-01,0.000000000000000000e+00
-1.272045138888888927e+00,-2.869999999999999774e-01,0.000000000000000000e+00
-1.269541666666666790e+00,-2.869999999999999774e-01,0.000000000000000000e+00
-1.267038194444444432e+00,-2.869999999999999774e-01,0.000000000000000000e+00
-1.264534722222222296e+00,-2.869999999999999774e-01,0.000000000000000000e+00
-1.262031250000000160e+00,-2.869999999999999774e-01,0.000000000000000000e+00
-1.259527777777777802e+00,-2.869999999999999774e-01,0.000000000000000000e+00
-1.257024305555555665e+00,-2.869999999999999774e-01,0.000000000000000000e+00
-1.254520833333333307e+00,-2.869999999999999774e-01,0.000000000000000000e+00
-1.252017361111111171e+00,-2.869999999999999774e-01,0.000000000000000000e+00
-1.249513888888889035e+00,-2.869999999999999774e-01,0.000000000000000000e+00
-1.247010416666666677e+00,-2.869999999999999774e-01,0.000000000000000000e+00
-1.244506944444444541e+00,-2.869999999999999774e-01,0.000000000000000000e+00
-1.242003472222222182e+00,-2.869999999999999774e-01,0.000000000000000000e+00
-1.239500000000000046e+00,-2.869999999999999774e-01,0.000000000000000000e+00
-1.236996527777777910e+00,-2.869999999999999774e-01,0.000000000000000000e+00
-1.234493055555555552e+00,-2.869999999999999774e-01,0.000000000000000000e+00
-1.231989583333333416e+00,-2.869999999999999774e-01,0.000000000000000000e+00
-1.229486111111111057e+00,-2.869999999999999774e-01,0.000000000000000000e+00
-1.226982638888888921e+00,-2.869999999999999774e-01,0.000000000000000000e+00
-1.224479166666666785e+00,-2.869999999999999774e-01,0.000000000000000000e+00
-1.221975694444444427e+00,-2.869999999999999774e-01,0.000000000000000000e+00
-1.219472222222222291e+00,-2.869999999999999774e-01,0.000000000000000000e+00
-1.216968749999999932e+00,-2.869999999999999774e-01,0.000000000000000000e+00
-1.214465277777777796e+00,-2.869999999999999774e-01,0.000000000000000000e+00
-1.211961805555555660e+00,-2.869999999999999774e-01,0.000000000000000000e+00
-1.209458333333333302e+00,-2.869999999999999774e-01,0.000000000000000000e+00
-1.206954861111111166e+00,-2.869999999999999774e-01,0.000000000000000000e+00
-1.204451388888888808e+00,-2.869999999999999774e-01,0.000000000000000000e+00
-1.201947916666666671e+00,-2.869999999999999774e-01,0.000000000000000000e+00
-1.199444444444444535e+00,-2.869999999999999774e-01,0.000000000000000000e+00
-1.196940972222222399e+00,-2.869999999999999774e-01,0.000000000000000000e+00
-1.194437500000000041e+00,-2.869999999999999774e-01,0.000000000000000000e+00
-1.191934027777777905e+00,-2.869999999999999774e-01,0.000000000000000000e+00
-1.189430555555555546e+00,-2.869999999999999774e-01,0.000000000000000000e+00
-1.186927083333333410e+00,-2.869999999999999774e-01,0.000000000000000000e+00
-1.184423611111111274e+00,-2.869999999999999774e-01,0.000000000000000000e+00
-1.181920138888888916e+00,-2.869999999999999774e-01,0.000000000000000000e+00
-1.179416666666666780e+00,-2.869999999999999774e-01,0.000000000000000000e+00
-1.176913194444444422e+00,-2.869999999999999774e-01,0.000000000000000000e+00
-1.174409722222222285e+00,-2.869999999999999774e-01,0.000000000000000000e+00
-1.171906250000000149e+00,-2.869999999999999774e-01,0.000000000000000000e+00
-1.169402777777777791e+00,-2.869999999999999774e-01,0.000000000000000000e+00
-1.166899305555555655e+00,-2.869999999999999774e-01,0.000000000000000000e+00
-1.164395833333333297e+00,-2.869999999999999774e-01,0.000000000000000000e+00
-1.161892361111111160e+00,-2.869999999999999774e-01,0.000000000000000000e+00
-1.159388888888889024e+00,-2.869999999999999774e-01,0.000000000000000000e+00
-1.156885416666666666e+00,-2.869999999999999774e-01,0.000000000000000000e+00
-1.154381944444444530e+00,-2.869999999999999774e-01,0.000000000000000000e+00
-1.151878472222222172e+00,-2.869999999999999774e-01,0.000000000000000000e+00
-1.149375000000000036e+00,-2.869999999999999774e-01,0.000000000000000000e+00
-1.146871527777777899e+00,-2.869999999999999774e-01,0.000000000000000000e+00
-1.144368055555555541e+00,-2.869999999999999774e-01,0.000000000000000000e+00
-1.141864583333333405e+00,-2.869999999999999774e-01,0.000000000000000000e+00
-1.139361111111111047e+00,-2.869999999999999774e-01,0.000000000000000000e+00
-1.136857638888888911e+00,-2.869999999999999774e-01,0.000000000000000000e+00
-1.134354166666666774e+00,-2.869999999999999774e-01,0.000000000000000000e+00
-1.131850694444444416e+00,-2.869999999999999774e-01,0.000000000000000000e+00
-1.129347222222222280e+00,-2.869999999999999774e-01,0.000000000000000000e+00
-1.126843749999999922e+00,-2.869999999999999774e-01,0.000000000000000000e+00
-1.124340277777777786e+00,-2.869999999999999774e-01,0.000000000000000000e+00
-1.121836805555555650e+00,-2.869999999999999774e-01,0.000000000000000000e+00
-1.119333333333333513e+00,-2.869999999999999774e-01,0.000000000000000000e+00
-1.116829861111111155e+00,-2.869999999999999774e-01,0.000000000000000000e+00
-1.114326388888888797e+00,-2.869999999999999774e-01,0.000000000000000000e+00
-1.111822916666666661e+00,-2.869999999999999774e-01,0.000000000000000000e+00
-1.109319444444444525e+00,-2.869999999999999774e-01,0.000000000000000000e+00
-1.106815972222222388e+00,-2.869999999999999774e-01,0.000000000000000000e+00
-1.104312500000000030e+00,-2.869999999999999774e-01,0.000000000000000000e+00
-1.101809027777777894e+00,-2.869999999999999774e-01,0.000000000000000000e+00
-1.099305555555555536e+00,-2.869999999999999774e-01,0.000000000000000000e+00
-1.096802083333333400e+00,-2.869999999999999774e-01,0.000000000000000000e+00
-1.094298611111111263e+00,-2.869999999999999774e-01,0.000000000000000000e+00
-1.091795138888888905e+00,-2.869999999999999774e-01,0.000000000000000000e+00
-1.089291666666666547e+00,-2.869999999999999774e-01,0.000000000000000000e+00
-1.086788194444444411e+00,-2.869999999999999774e-01,0.000000000000000000e+00
-1.084284722222222275e+00,-2.869999999999999774e-01,0.000000000000000000e+00
-1.081781250000000139e+00,-2.869999999999999774e-01,0.000000000000000000e+00
-1.079277777777777780e+00,-2.869999999999999774e-01,0.000000000000000000e+00
-1.076774305555555644e+00,-2.869999999999999774e-01,0.000000000000000000e+00
-1.074270833333333286e+00,-2.869999999999999774e-01,0.000000000000000000e+00
-1.071767361111111150e+00,-2.869999999999999774e-01,0.000000000000000000e+00
-1.069263888888889014e+00,-2.869999999999999774e-01,0.000000000000000000e+00
-1.066760416666666655e+00,-2.869999999999999774e-01,0.000000000000000000e+00
-1.064256944444444519e+00,-2.869999999999999774e-01,0.000000000000000000e+00
-1.061753472222222161e+00,-2.869999999999999774e-01,0.000000000000000000e+00
-1.059250000000000025e+00,-2.869999999999999774e-01,0.000000000000000000e+00
-1.056746527777777889e+00,-2.869999999999999774e-01,0.000000000000000000e+00
-1.054243055555555753e+00,-2.869999999999999774e-01,0.000000000000000000e+00
-1.051739583333333394e+00,-2.869999999999999774e-01,0.000000000000000000e+00
-1.049236111111111036e+00,-2.869999999999999774e-01,0.000000000000000000e+00
-1.046732638888888900e+00,-2.869999999999999774e-01,0.000000000000000000e+00
-1.044229166666666764e+00,-2.869999999999999774e-01,0.000000000000000000e+00
-1.041725694444444628e+00,-2.869999999999999774e-01,0.000000000000000000e+00
-1.039222222222222269e+00,-2.869999999999999774e-01,0.000000000000000000e+00
-1.036718749999999911e+00,-2.869999999999999774e-01,0.000000000000000000e+00
-1.034215277777777775e+00,-2.869999999999999774e-01,0.000000000000000000e+00
-1.031711805555555639e+00,-2.869999999999999774e-01,0.000000000000000000e+00
-1.029208333333333503e+00,-2.869999999999999774e-01,0.000000000000000000e+00
-1.026704861111111144e+00,-2.869999999999999774e-01,0.000000000000000000e+00
-1.024201388888888786e+00,-2.869999999999999774e-01,0.000000000000000000e+00
-1.021697916666666650e+00,-2.869999999999999774e-01,0.000000000000000000e+00
-1.019194444444444514e+00,-2.869999999999999774e-01,0.000000000000000000e+00
-1.016690972222222378e+00,-2.869999999999999774e-01,0.000000000000000000e+00
-1.014187500000000020e+00,-2.869999999999999774e-01,0.000000000000000000e+00
-1.011684027777777661e+00,-2.869999999999999774e-01,0.000000000000000000e+00
-1.009180555555555525e+00,-2.869999999999999774e-01,0.000000000000000000e+00
-1.006677083333333389e+00,-2.869999999999999774e-01,0.000000000000000000e+00
-1.004173611111111253e+00,-2.869999999999999774e-01,0.000000000000000000e+00
-1.001670138888888895e+00,-2.869999999999999774e-01,0.000000000000000000e+00
-9.991666666666666474e-01,-2.869999999999999774e-01,0.000000000000000000e+00
-9.966631944444445113e-01,-2.869999999999999774e-01,0.000000000000000000e+00
-9.941597222222222641e-01,-2.869999999999999774e-01,0.000000000000000000e+00
-9.916562500000000169e-01,-2.869999999999999774e-01,0.000000000000000000e+00
-9.891527777777777697e-01,-2.869999999999999774e-01,0.000000000000000000e+00
-9.866493055555556335e-01,-2.869999999999999774e-01,0.000000000000000000e+00
-9.841458333333333863e-01,-2.869999999999999774e-01,0.000000000000000000e+00
-9.816423611111111391e-01,-2.869999999999999774e-01,0.000000000000000000e+00
-9.791388888888888919e-01,-2.869999999999999774e-01,0.000000000000000000e+00
-9.766354166666666448e-01,-2.869999999999999774e-01,0.000000000000000000e+00
-9.741319444444445086e-01,-2.869999999999999774e-01,0.000000000000000000e+00
-9.716284722222222614e-01,-2.869999999999999774e-01,0.000000000000000000e+00
-9.691250000000000142e-01,-2.869999999999999774e-01,0.000000000000000000e+00
-9.666215277777777670e-01,-2.869999999999999774e-01,0.000000000000000000e+00
-9.641180555555556309e-01,-2.869999999999999774e-01,0.000000000000000000e+00
-9.616145833333333837e-01,-2.869999999999999774e-01,0.000000000000000000e+00
-9.591111111111111365e-01,-2.869999999999999774e-01,0.000000000000000000e+00
-9.566076388888888893e-01,-2.869999999999999774e-01,0.000000000000000000e+00
-9.541041666666666421e-01,-2.869999999999999774e-01,0.000000000000000000e+00
-9.516006944444445059e-01,-2.869999999999999774e-01,0.000000000000000000e+00
-9.490972222222222587e-01,-2.869999999999999774e-01,0.000000000000000000e+00
-9.465937500000000115e-01,-2.869999999999999774e-01,0.000000000000000000e+00
-9.440902777777777644e-01,-2.869999999999999774e-01,0.000000000000000000e+00
-9.415868055555556282e-01,-2.869999999999999774e-01,0.000000000000000000e+00
-9.390833333333333810e-01,-2.869999999999999774e-01,0.000000000000000000e+00
-9.365798611111111338e-01,-2.869999999999999774e-01,0.000000000000000000e+00
-9.340763888888888866e-01,-2.869999999999999774e-01,0.000000000000000000e+00
-9.315729166666666394e-01,-2.869999999999999774e-01,0.000000000000000000e+00
-9.290694444444445033e-01,-2.869999999999999774e-01,0.000000000000000000e+00
-9.265659722222222561e-01,-2.869999999999999774e-01,0.000000000000000000e+00
-9.240625000000000089e-01,-2.869999999999999774e-01,0.000000000000000000e+00
-9.215590277777777617e-01,-2.869999999999999774e-01,0.000000000000000000e+00
-9.190555555555556255e-01,-2.869999999999999774e-01,0.000000000000000000e+00
-9.165520833333333783e-01,-2.869999999999999774e-01,0.000000000000000000e+00
-9.140486111111111311e-01,-2.869999999999999774e-01,0.000000000000000000e+00
-9.115451388888888840e-01,-2.869999999999999774e-01,0.000000000000000000e+00
-9.090416666666666368e-01,-2.869999999999999774e-01,0.000000000000000000e+00
-9.065381944444445006e-01,-2.869999999999999774e-01,0.000000000000000000e+00
-9.040347222222222534e-01,-2.869999999999999774e-01,0.000000000000000000e+00
-9.015312500000000062e-01,-2.869999999999999774e-01,0.000000000000000000e+00
-8.990277777777777590e-01,-2.869999999999999774e-01,0.000000000000000000e+00
-8.965243055555556229e-01,-2.869999999999999774e-01,0.000000000000000000e+00
-8.940208333333333757e-01,-2.869999999999999774e-01,0.000000000000000000e+00
-8.915173611111111285e-01,-2.869999999999999774e-01,0.000000000000000000e+00
-8.890138888888888813e-01,-2.869999999999999774e-01,0.000000000000000000e+00
-8.865104166666666341e-01,-2.869999999999999774e-01,0.000000000000000000e+00
-8.840069444444444979e-01,-2.869999999999999774e-01,0.000000000000000000e+00
-8.815034722222222507e-01,-2.869999999999999774e-01,0.000000000000000000e+00
-8.790000000000000036e-01,-2.869999999999999774e-01,0.000000000000000000e+00
-8.764965277777777564e-01,-2.869999999999999774e-01,0.000000000000000000e+00
-8.739930555555556202e-01,-2.869999999999999774e-01,0.000000000000000000e+00
-8.714895833333333730e-01,-2.869999999999999774e-01,0.000000000000000000e+00
-8.689861111111111258e-01,-2.869999999999999774e-01,0.000000000000000000e+00
-8.664826388888888786e-01,-2.869999999999999774e-01,0.000000000000000000e+00
-8.639791666666666314e-01,-2.869999999999999774e-01,0.000000000000000000e+00
-8.614756944444444953e-01,-2.869999999999999774e-01,0.000000000000000000e+00
-8.589722222222222481e-01,-2.869999999999999774e-01,0.000000000000000000e+00
-8.564687500000000009e-01,-2.869999999999999774e-01,0.000000000000000000e+00
-8.539652777777777537e-01,-2.869999999999999774e-01,0.000000000000000000e+00
-8.514618055555556175e-01,-2.869999999999999774e-01,0.000000000000000000e+00
-8.489583333333333703e-01,-2.869999999999999774e-01,0.000000000000000000e+00
-8.464548611111111232e-01,-2.869999999999999774e-01,0.000000000000000000e+00
-8.439513888888888760e-01,-2.869999999999999774e-01,0.000000000000000000e+00
-8.414479166666666288e-01,-2.869999999999999774e-01,0.000000000000000000e+00
-8.389444444444444926e-01,-2.869999999999999774e-01,0.000000000000000000e+00
-8.364409722222222454e-01,-2.869999999999999774e-01,0.000000000000000000e+00
-8.339374999999999982e-01,-2.869999999999999774e-01,0.000000000000000000e+00
-8.314340277777777510e-01,-2.869999999999999774e-01,0.000000000000000000e+00
-8.289305555555556149e-01,-2.869999999999999774e-01,0.000000000000000000e+00
-8.264270833333333677e-01,-2.869999999999999774e-01,0.000000000000000000e+00
-8.239236111111111205e-01,-2.869999999999999774e-01,0.000000000000000000e+00
-8.214201388888888733e-01,-2.869999999999999774e-01,0.000000000000000000e+00
-8.189166666666666261e-01,-2.869999999999999774e-01,0.000000000000000000e+00
-8.164131944444444899e-01,-2.869999999999999774e-01,0.000000000000000000e+00
-8.139097222222222427e-01,-2.869999999999999774e-01,0.000000000000000000e+00
-8.114062499999999956e-01,-2.869999999999999774e-01,0.000000000000000000e+00
-8.089027777777777484e-01,-2.869999999999999774e-01,0.000000000000000000e+00
-8.063993055555556122e-01,-2.869999999999999774e-01,0.000000000000000000e+00
-8.038958333333333650e-01,-2.869999999999999774e-01,0.000000000000000000e+00
-8.013923611111111178e-01,-2.869999999999999774e-01,0.000000000000000000e+00
-7.988888888888888706e-01,-2.869999999999999774e-01,0.000000000000000000e+00
-7.963854166666666234e-01,-2.869999999999999774e-01,0.000000000000000000e+00
-7.938819444444444873e-01,-2.869999999999999774e-01,0.000000000000000000e+00
-7.913784722222222401e-01,-2.869999999999999774e-01,0.000000000000000000e+00
-7.888749999999999929e-01,-2.869999999999999774e-01,0.000000000000000000e+00
-7.863715277777777457e-01,-2.869999999999999774e-01,0.000000000000000000e+00
-7.838680555555556095e-01,-2.869999999999999774e-01,0.000000000000000000e+00
-7.813645833333333623e-01,-2.869999999999999774e-01,0.000000000000000000e+00
-7.788611111111111152e-01,-2.869999999999999774e-01,0.000000000000000000e+00
-7.763576388888888680e-01,-2.869999999999999774e-01,0.000000000000000000e+00
-7.738541666666666208e-01,-2.869999999999999774e-01,0.000000000000000000e+00
-7.713506944444444846e-01,-2.869999999999999774e-01,0.000000000000000000e+00
-7.688472222222222374e-01,-2.869999999999999774e-01,0.000000000000000000e+00
-7.663437499999999902e-01,-2.869999999999999774e-01,0.000000000000000000e+00
-7.638402777777777430e-01,-2.869999999999999774e-01,0.000000000000000000e+00
-7.613368055555556069e-01,-2.869999999999999774e-01,0.000000000000000000e+00
-7.588333333333333597e-01,-2.869999999999999774e-01,0.000000000000000000e+00
-7.563298611111111125e-01,-2.869999999999999774e-01,0.000000000000000000e+00
-7.538263888888888653e-01,-2.869999999999999774e-01,0.000000000000000000e+00
-7.513229166666666181e-01,-2.869999999999999774e-01,0.000000000000000000e+00
-7.488194444444444819e-01,-2.869999999999999774e-01,0.000000000000000000e+00
-7.463159722222222348e-01,-2.869999999999999774e-01,0.000000000000000000e+00
-7.438124999999999876e-01,-2.869999999999999774e-01,0.000000000000000000e+00
-7.413090277777777404e-01,-2.869999999999999774e-01,0.000000000000000000e+00
-7.388055555555556042e-01,-2.869999999999999774e-01,0.000000000000000000e+00
-7.363020833333333570e-01,-2.869999999999999774e-01,0.000000000000000000e+00
-7.337986111111111098e-01,-2.869999999999999774e-01,0.000000000000000000e+00
-7.312951388888888626e-01,-2.869999999999999774e-01,0.000000000000000000e+00
-7.287916666666666154e-01,-2.869999999999999774e-01,0.000000000000000000e+00
-7.262881944444444793e-01,-2.869999999999999774e-01,0.000000000000000000e+00
-7.237847222222222321e-01,-2.869999999999999774e-01,0.000000000000000000e+00
-7.212812499999999849e-01,-2.869999999999999774e-01,0.000000000000000000e+00
-7.187777777777777377e-01,-2.869999999999999774e-01,0.000000000000000000e+00
-7.162743055555556015e-01,-2.869999999999999774e-01,0.000000000000000000e+00
-7.137708333333333544e-01,-2.869999999999999774e-01,0.000000000000000000e+00
-7.112673611111111072e-01,-2.869999999999999774e-01,0.000000000000000000e+00
-7.087638888888888600e-01,-2.869999999999999774e-01,0.000000000000000000e+00
-7.062604166666666128e-01,-2.869999999999999774e-01,0.000000000000000000e+00
-7.037569444444444766e-01,-2.869999999999999774e-01,0.000000000000000000e+00
-7.012534722222222294e-01,-2.869999999999999774e-01,0.000000000000000000e+00
-6.987499999999999822e-01,-2.869999999999999774e-01,0.000000000000000000e+00
-6.962465277777777350e-01,-2.869999999999999774e-01,0.000000000000000000e+00
-6.937430555555555989e-01,-2.869999999999999774e-01,0.000000000000000000e+00
-6.912395833333333517e-01,-2.869999999999999774e-01,0.000000000000000000e+00
-6.887361111111111045e-01,-2.869999999999999774e-01,0.000000000000000000e+00
-6.862326388888888573e-01,-2.869999999999999774e-01,0.000000000000000000e+00
-6.837291666666666101e-01,-2.869999999999999774e-01,0.000000000000000000e+00
-6.812256944444444740e-01,-2.869999999999999774e-01,0.000000000000000000e+00
-6.787222222222222268e-01,-2.869999999999999774e-01,0.000000000000000000e+00
-6.762187499999999796e-01,-2.869999999999999774e-01,0.000000000000000000e+00
-6.737152777777777324e-01,-2.869999999999999774e-01,0.000000000000000000e+00
-6.712118055555555962e-01,-2.869999999999999774e-01,0.000000000000000000e+00
-6.687083333333333490e-01,-2.869999999999999774e-01,0.000000000000000000e+00
-6.662048611111111018e-01,-2.869999999999999774e-01,0.000000000000000000e+00
-6.637013888888888546e-01,-2.869999999999999774e-01,0.000000000000000000e+00
-6.611979166666666075e-01,-2.869999999999999774e-01,0.000000000000000000e+00
-6.586944444444444713e-01,-2.869999999999999774e-01,0.000000000000000000e+00
-6.561909722222222241e-01,-2.869999999999999774e-01,0.000000000000000000e+00
-6.536874999999999769e-01,-2.869999999999999774e-01,0.000000000000000000e+00
-6.511840277777777297e-01,-2.869999999999999774e-01,0.000000000000000000e+00
-6.486805555555555935e-01,-2.869999999999999774e-01,0.000000000000000000e+00
-6.461770833333333464e-01,-2.869999999999999774e-01,0.000000000000000000e+00
-6.436736111111110992e-01,-2.869999999999999774e-01,0.000000000000000000e+00
-6.411701388888888520e-01,-2.869999999999999774e-01,0.000000000000000000e+00
-6.386666666666667158e-01,-2.869999999999999774e-01,0.000000000000000000e+00
-6.361631944444444686e-01,-2.869999999999999774e-01,0.000000000000000000e+00
-6.336597222222222214e-01,-2.869999999999999774e-01,0.000000000000000000e+00
-6.311562499999999742e-01,-2.869999999999999774e-01,0.000000000000000000e+00
-6.286527777777777271e-01,-2.869999999999999774e-01,0.000000000000000000e+00
-6.261493055555555909e-01,-2.869999999999999774e-01,0.000000000000000000e+00
-6.236458333333333437e-01,-2.869999999999999774e-01,0.000000000000000000e+00
-6.211423611111110965e-01,-2.869999999999999774e-01,0.000000000000000000e+00
-6.186388888888888493e-01,-2.869999999999999774e-01,0.000000000000000000e+00
-6.161354166666667131e-01,-2.869999999999999774e-01,0.000000000000000000e+00
-6.136319444444444660e-01,-2.869999999999999774e-01,0.000000000000000000e+00
-6.111284722222222188e-01,-2.869999999999999774e-01,0.000000000000000000e+00
-6.086249999999999716e-01,-2.869999999999999774e-01,0.000000000000000000e+00
-6.061215277777777244e-01,-2.869999999999999774e-01,0.000000000000000000e+00
-6.036180555555555882e-01,-2.869999999999999774e-01,0.000000000000000000e+00
-6.011145833333333410e-01,-2.869999999999999774e-01,0.000000000000000000e+00
-5.986111111111112049e-01,-2.869999999999999774e-01,0.000000000000000000e+00
-5.961076388888888467e-01,-2.869999999999999774e-01,0.000000000000000000e+00
-5.936041666666667105e-01,-2.869999999999999774e-01,0.000000000000000000e+00
-5.911006944444443523e-01,-2.869999999999999774e-01,0.000000000000000000e+00
-5.885972222222222161e-01,-2.869999999999999774e-01,0.000000000000000000e+00
-5.860937500000000799e-01,-2.869999999999999774e-01,0.000000000000000000e+00
-5.835902777777777217e-01,-2.869999999999999774e-01,0.000000000000000000e+00
-5.810868055555555856e-01,-2.869999999999999774e-01,0.000000000000000000e+00
-5.785833333333332273e-01,-2.869999999999999774e-01,0.000000000000000000e+00
-5.760798611111110912e-01,-2.869999999999999774e-01,0.000000000000000000e+00
-5.735763888888889550e-01,-2.869999999999999774e-01,0.000000000000000000e+00
-5.710729166666665968e-01,-2.869999999999999774e-01,0.000000000000000000e+00
-5.685694444444444606e-01,-2.869999999999999774e-01,0.000000000000000000e+00
-5.660659722222221024e-01,-2.869999999999999774e-01,0.000000000000000000e+00
-5.635624999999999662e-01,-2.869999999999999774e-01,0.000000000000000000e+00
-5.610590277777778301e-01,-2.869999999999999774e-01,0.000000000000000000e+00
-5.585555555555554719e-01,-2.869999999999999774e-01,0.000000000000000000e+00
-5.560520833333333357e-01,-2.869999999999999774e-01,0.000000000000000000e+00
-5.535486111111111995e-01,-2.869999999999999774e-01,0.000000000000000000e+00
-5.510451388888888413e-01,-2.869999999999999774e-01,0.000000000000000000e+00
-5.485416666666667052e-01,-2.869999999999999774e-01,0.000000000000000000e+00
-5.460381944444443469e-01,-2.869999999999999774e-01,0.000000000000000000e+00
-5.435347222222222108e-01,-2.869999999999999774e-01,0.000000000000000000e+00
-5.410312500000000746e-01,-2.869999999999999774e-01,0.000000000000000000e+00
-5.385277777777777164e-01,-2.869999999999999774e-01,0.000000000000000000e+00
-5.360243055555555802e-01,-2.869999999999999774e-01,0.000000000000000000e+00
-5.335208333333332220e-01,-2.869999999999999774e-01,0.000000000000000000e+00
-5.310173611111110858e-01,-2.869999999999999774e-01,0.000000000000000000e+00
-5.285138888888889497e-01,-2.869999999999999774e-01,0.000000000000000000e+00
-5.260104166666665915e-01,-2.869999999999999774e-01,0.000000000000000000e+00
-5.235069444444444553e-01,-2.869999999999999774e-01,0.000000000000000000e+00
-5.210034722222220971e-01,-2.869999999999999774e-01,0.000000000000000000e+00
-5.184999999999999609e-01,-2.869999999999999774e-01,0.000000000000000000e+00
-5.159965277777778248e-01,-2.869999999999999774e-01,0.000000000000000000e+00
-5.134930555555554665e-01,-2.869999999999999774e-01,0.000000000000000000e+00
-5.109895833333333304e-01,-2.869999999999999774e-01,0.000000000000000000e+00
-5.084861111111111942e-01,-2.869999999999999774e-01,0.000000000000000000e+00
-5.059826388888888360e-01,-2.869999999999999774e-01,0.000000000000000000e+00
-5.034791666666666998e-01,-2.869999999999999774e-01,0.000000000000000000e+00
-5.009756944444443416e-01,-2.869999999999999774e-01,0.000000000000000000e+00
-4.984722222222222054e-01,-2.869999999999999774e-01,0.000000000000000000e+00
-4.959687500000000693e-01,-2.869999999999999774e-01,0.000000000000000000e+00
-4.934652777777777111e-01,-2.869999999999999774e-01,0.000000000000000000e+00
-4.909618055555555749e-01,-2.869999999999999774e-01,0.000000000000000000e+00
-4.884583333333332167e-01,-2.869999999999999774e-01,0.000000000000000000e+00
-4.859548611111110805e-01,-2.869999999999999774e-01,0.000000000000000000e+00
-4.834513888888889444e-01,-2.869999999999999774e-01,0.000000000000000000e+00
-4.809479166666665861e-01,-2.869999999999999774e-01,0.000000000000000000e+00
-4.784444444444444500e-01,-2.869999999999999774e-01,0.000000000000000000e+00
-4.759409722222220918e-01,-2.869999999999999774e-01,0.000000000000000000e+00
-4.734374999999999556e-01,-2.869999999999999774e-01,0.000000000000000000e+00
-4.709340277777778194e-01,-2.869999999999999774e-01,0.000000000000000000e+00
-4.684305555555554612e-01,-2.869999999999999774e-01,0.000000000000000000e+00
-4.659270833333333250e-01,-2.869999999999999774e-01,0.000000000000000000e+00
-4.634236111111111889e-01,-2.869999999999999774e-01,0.000000000000000000e+00
-4.609201388888888307e-01,-2.869999999999999774e-01,0.000000000000000000e+00
-4.584166666666666945e-01,-2.869999999999999774e-01,0.000000000000000000e+00
-4.559131944444443363e-01,-2.869999999999999774e-01,0.000000000000000000e+00
-4.534097222222222001e-01,-2.869999999999999774e-01,0.000000000000000000e+00
-4.509062500000000639e-01,-2.869999999999999774e-01,0.000000000000000000e+00
-4.484027777777777057e-01,-2.869999999999999774e-01,0.000000000000000000e+00
-4.458993055555555696e-01,-2.869999999999999774e-01,0.000000000000000000e+00
-4.433958333333332114e-01,-2.869999999999999774e-01,0.000000000000000000e+00
-4.408923611111110752e-01,-2.869999999999999774e-01,0.000000000000000000e+00
-4.383888888888889390e-01,-2.869999999999999774e-01,0.000000000000000000e+00
-4.358854166666665808e-01,-2.869999999999999774e-01,0.000000000000000000e+00
-4.333819444444444446e-01,-2.869999999999999774e-01,0.000000000000000000e+00
-4.308784722222220864e-01,-2.869999999999999774e-01,0.000000000000000000e+00
-4.283749999999999503e-01,-2.869999999999999774e-01,0.000000000000000000e+00
-4.258715277777778141e-01,-2.869999999999999774e-01,0.000000000000000000e+00
-4.233680555555554559e-01,-2.869999999999999774e-01,0.000000000000000000e+00
-4.208645833333333197e-01,-2.869999999999999774e-01,0.000000000000000000e+00
-4.183611111111111835e-01,-2.869999999999999774e-01,0.000000000000000000e+00
-4.158576388888888253e-01,-2.869999999999999774e-01,0.000000000000000000e+00
-4.133541666666666892e-01,-2.869999999999999774e-01,0.000000000000000000e+00
-4.108506944444443310e-01,-2.869999999999999774e-01,0.000000000000000000e+00
-4.083472222222221948e-01,-2.869999999999999774e-01,0.000000000000000000e+00
-4.058437500000000586e-01,-2.869999999999999774e-01,0.000000000000000000e+00
-4.033402777777777004e-01,-2.869999999999999774e-01,0.000000000000000000e+00
-4.008368055555555642e-01,-2.869999999999999774e-01,0.000000000000000000e+00
-3.983333333333332060e-01,-2.869999999999999774e-01,0.000000000000000000e+00
-3.958298611111110699e-01,-2.869999999999999774e-01,0.000000000000000000e+00
-3.933263888888889337e-01,-2.869999999999999774e-01,0.000000000000000000e+00
-3.908229166666665755e-01,-2.869999999999999774e-01,0.000000000000000000e+00
-3.883194444444444393e-01,-2.869999999999999774e-01,0.000000000000000000e+00
-3.858159722222220811e-01,-2.869999999999999774e-01,0.000000000000000000e+00
-3.833124999999999449e-01,-2.869999999999999774e-01,0.000000000000000000e+00
-3.808090277777778088e-01,-2.869999999999999774e-01,0.000000000000000000e+00
-3.783055555555554506e-01,-2.869999999999999774e-01,0.000000000000000000e+00
-3.758020833333333144e-01,-2.869999999999999774e-01,0.000000000000000000e+00
-3.732986111111111782e-01,-2.869999999999999774e-01,0.000000000000000000e+00
-3.707951388888888200e-01,-2.869999999999999774e-01,0.000000000000000000e+00
-3.682916666666666838e-01,-2.869999999999999774e-01,0.000000000000000000e+00
-3.657881944444443256e-01,-2.869999999999999774e-01,0.000000000000000000e+00
-3.632847222222221895e-01,-2.869999999999999774e-01,0.000000000000000000e+00
-3.607812500000000533e-01,-2.869999999999999774e-01,0.000000000000000000e+00
-3.582777777777776951e-01,-2.869999999999999774e-01,0.000000000000000000e+00
-3.557743055555555589e-01,-2.869999999999999774e-01,0.000000000000000000e+00
-3.532708333333332007e-01,-2.869999999999999774e-01,0.000000000000000000e+00
-3.507673611111110645e-01,-2.869999999999999774e-01,0.000000000000000000e+00
-3.482638888888889284e-01,-2.869999999999999774e-01,0.000000000000000000e+00
-3.457604166666665702e-01,-2.869999999999999774e-01,0.000000000000000000e+00
-3.432569444444444340e-01,-2.869999999999999774e-01,0.000000000000000000e+00
-3.407534722222220758e-01,-2.869999999999999774e-01,0.000000000000000000e+00
-3.382499999999999396e-01,-2.869999999999999774e-01,0.000000000000000000e+00
-3.357465277777778034e-01,-2.869999999999999774e-01,0.000000000000000000e+00
-3.332430555555554452e-01,-2.869999999999999774e-01,0.000000000000000000e+00
-3.307395833333333091e-01,-2.869999999999999774e-01,0.000000000000000000e+00
-3.282361111111111729e-01,-2.869999999999999774e-01,0.000000000000000000e+00
-3.257326388888888147e-01,-2.869999999999999774e-01,0.000000000000000000e+00
-3.232291666666666785e-01,-2.869999999999999774e-01,0.000000000000000000e+00
-3.207256944444443203e-01,-2.869999999999999774e-01,0.000000000000000000e+00
-3.182222222222221841e-01,-2.869999999999999774e-01,0.000000000000000000e+00
-3.157187500000000480e-01,-2.869999999999999774e-01,0.000000000000000000e+00
-3.132152777777776897e-01,-2.869999999999999774e-01,0.000000000000000000e+00
-3.107118055555555536e-01,-2.869999999999999774e-01,0.000000000000000000e+00
-3.082083333333331954e-01,-2.869999999999999774e-01,0.000000000000000000e+00
-3.057048611111110592e-01,-2.869999999999999774e-01,0.000000000000000000e+00
-3.032013888888889230e-01,-2.869999999999999774e-01,0.000000000000000000e+00
-3.006979166666665648e-01,-2.869999999999999774e-01,0.000000000000000000e+00
-2.981944444444444287e-01,-2.869999999999999774e-01,0.000000000000000000e+00
-2.956909722222222925e-01,-2.869999999999999774e-01,0.000000000000000000e+00
-2.931874999999999343e-01,-2.869999999999999774e-01,0.000000000000000000e+00
-2.906840277777777981e-01,-2.869999999999999774e-01,0.000000000000000000e+00
-2.881805555555554399e-01,-2.869999999999999774e-01,0.000000000000000000e+00
-2.856770833333333037e-01,-2.869999999999999774e-01,0.000000000000000000e+00
-2.831736111111111676e-01,-2.869999999999999774e-01,0.000000000000000000e+00
-2.806701388888888093e-01,-2.869999999999999774e-01,0.000000000000000000e+00
-2.781666666666666732e-01,-2.869999999999999774e-01,0.000000000000000000e+00
-2.756631944444443150e-01,-2.869999999999999774e-01,0.000000000000000000e+00
-2.731597222222221788e-01,-2.869999999999999774e-01,0.000000000000000000e+00
-2.706562500000000426e-01,-2.869999999999999774e-01,0.000000000000000000e+00
-2.681527777777776844e-01,-2.869999999999999774e-01,0.000000000000000000e+00
-2.656493055555555483e-01,-2.869999999999999774e-01,0.000000000000000000e+00
-2.631458333333331900e-01,-2.869999999999999774e-01,0.000000000000000000e+00
-2.606423611111110539e-01,-2.869999999999999774e-01,0.000000000000000000e+00
-2.581388888888889177e-01,-2.869999999999999774e-01,0.000000000000000000e+00
-2.556354166666665595e-01,-2.869999999999999774e-01,0.000000000000000000e+00
-2.531319444444444233e-01,-2.869999999999999774e-01,0.000000000000000000e+00
-2.506284722222222872e-01,-2.869999999999999774e-01,0.000000000000000000e+00
-2.481249999999999289e-01,-2.869999999999999774e-01,0.000000000000000000e+00
-2.456215277777777928e-01,-2.869999999999999774e-01,0.000000000000000000e+00
-2.431180555555554346e-01,-2.869999999999999774e-01,0.000000000000000000e+00
-2.406145833333332984e-01,-2.869999999999999774e-01,0.000000000000000000e+00
-2.381111111111111622e-01,-2.869999999999999774e-01,0.000000000000000000e+00
-2.356076388888888040e-01,-2.869999999999999774e-01,0.000000000000000000e+00
-2.331041666666666679e-01,-2.869999999999999774e-01,0.000000000000000000e+00
-2.306006944444443096e-01,-2.869999999999999774e-01,0.000000000000000000e+00
-2.280972222222221735e-01,-2.869999999999999774e-01,0.000000000000000000e+00
-2.255937500000000373e-01,-2.869999999999999774e-01,0.000000000000000000e+00
-2.230902777777776791e-01,-2.869999999999999774e-01,0.000000000000000000e+00
-2.205868055555555429e-01,-2.869999999999999774e-01,0.000000000000000000e+00
-2.180833333333331847e-01,-2.869999999999999774e-01,0.000000000000000000e+00
-2.155798611111110485e-01,-2.869999999999999774e-01,0.000000000000000000e+00
-2.130763888888889124e-01,-2.869999999999999774e-01,0.000000000000000000e+00
-2.105729166666665542e-01,-2.869999999999999774e-01,0.000000000000000000e+00
-2.080694444444444180e-01,-2.869999999999999774e-01,0.000000000000000000e+00
-2.055659722222222818e-01,-2.869999999999999774e-01,0.000000000000000000e+00
-2.030624999999999236e-01,-2.869999999999999774e-01,0.000000000000000000e+00
-2.005590277777777874e-01,-2.869999999999999774e-01,0.000000000000000000e+00
-1.980555555555554292e-01,-2.869999999999999774e-01,0.000000000000000000e+00
-1.955520833333332931e-01,-2.869999999999999774e-01,0.000000000000000000e+00
-1.930486111111111569e-01,-2.869999999999999774e-01,0.000000000000000000e+00
-1.905451388888887987e-01,-2.869999999999999774e-01,0.000000000000000000e+00
-1.880416666666666625e-01,-2.869999999999999774e-01,0.000000000000000000e+00
-1.855381944444443043e-01,-2.869999999999999774e-01,0.000000000000000000e+00
-1.830347222222221681e-01,-2.869999999999999774e-01,0.000000000000000000e+00
-1.805312500000000320e-01,-2.869999999999999774e-01,0.000000000000000000e+00
-1.780277777777776738e-01,-2.869999999999999774e-01,0.000000000000000000e+00
-1.755243055555555376e-01,-2.869999999999999774e-01,0.000000000000000000e+00
-1.730208333333331794e-01,-2.869999999999999774e-01,0.000000000000000000e+00
-1.705173611111110432e-01,-2.869999999999999774e-01,0.000000000000000000e+00
-1.680138888888889070e-01,-2.869999999999999774e-01,0.000000000000000000e+00
-1.655104166666665488e-01,-2.869999999999999774e-01,0.000000000000000000e+00
-1.630069444444444127e-01,-2.869999999999999774e-01,0.000000000000000000e+00
-1.605034722222222765e-01,-2.869999999999999774e-01,0.000000000000000000e+00
-1.580000000000000016e-01,-2.869999999999999774e-01,0.000000000000000000e+00
-1.580000000000000016e-01,-2.869999999999999774e-01,7.030082890230953119e+00
-1.554722222222222339e-01,-2.869999999999999774e-01,2.046547676259277360e+00
-1.529444444444444384e-01,-2.869999999999999774e-01,1.513917219419719906e+00
-1.504166666666666707e-01,-2.869999999999999774e-01,1.608426347346458840e+00
-1.478888888888889031e-01,-2.869999999999999774e-01,1.662139163146593157e+00
-1.453611111111111076e-01,-2.869999999999999774e-01,1.675055666820111977e+00
-1.428333333333333399e-01,-2.869999999999999774e-01,1.647175858367020851e+00
-1.403055555555555722e-01,-2.869999999999999774e-01,1.578499737787329105e+00
-1.377777777777777768e-01,-2.869999999999999774e-01,1.469237803709295020e+00
-1.352500000000000091e-01,-2.869999999999999774e-01,1.336119365902876943e+00
-1.327222222222222137e-01,-2.869999999999999774e-01,1.207755244350338319e+00
-1.301944444444444460e-01,-2.869999999999999774e-01,1.086948921874897334e+00
-1.276666666666666783e-01,-2.869999999999999774e-01,9.737003984765302267e-01
-1.251388888888888828e-01,-2.869999999999999774e-01,8.680096741552690842e-01
-1.226111111111111152e-01,-2.869999999999999774e-01,7.698767489110640572e-01
-1.200833333333333336e-01,-2.869999999999999774e-01,6.793016227439704346e-01
-1.175555555555555520e-01,-2.869999999999999774e-01,5.962842956539481376e-01
-1.150277777777777843e-01,-2.869999999999999774e-01,5.208247676410260318e-01
-1.125000000000000028e-01,-2.869999999999999774e-01,4.529230387051806916e-01
-1.099722222222222212e-01,-2.869999999999999774e-01,3.925791088464222200e-01
-1.074444444444444535e-01,-2.869999999999999774e-01,3.397929780647550024e-01
-1.049166666666666720e-01,-2.869999999999999774e-01,2.945646463601635512e-01
-1.023888888888888904e-01,-2.869999999999999774e-01,2.568941137326581914e-01
-9.986111111111112271e-02,-2.869999999999999774e-01,2.267813801822675668e-01
-9.733333333333334114e-02,-2.869999999999999774e-01,2.042264457089190688e-01
-9.480555555555555958e-02,-2.869999999999999774e-01,1.892293103126991005e-01
-9.227777777777777801e-02,-2.869999999999999774e-01,1.817899739935318060e-01
-8.975000000000001033e-02,-2.869999999999999774e-01,1.818695745433033251e-01
-8.722222222222222876e-02,-2.869999999999999774e-01,1.866402790969422798e-01
-8.469444444444444720e-02,-2.869999999999999774e-01,1.914070471319701816e-01
-8.216666666666666563e-02,-2.869999999999999774e-01,1.957272138086976476e-01
-7.963888888888889794e-02,-2.869999999999999774e-01,1.996007791271215137e-01
-7.711111111111111638e-02,-2.869999999999999774e-01,2.030277430871900712e-01
-7.458333333333333481e-02,-2.869999999999999774e-01,2.060081056889857543e-01
-7.205555555555556713e-02,-2.869999999999999774e-01,2.085418669324447527e-01
-6.952777777777778556e-02,-2.869999999999999774e-01,2.106290268175814440e-01
-6.700000000000000400e-02,-2.869999999999999774e-01,2.122695853444276359e-01
-6.447222222222222243e-02,-2.869999999999999774e-01,2.134635425129351172e-01
-6.194444444444445474e-02,-2.869999999999999774e-01,2.142108983231278130e-01
-5.941666666666667318e-02,-2.869999999999999774e-01,2.145116527750256796e-01
-5.688888888888889162e-02,-2.869999999999999774e-01,2.143658058685848078e-01
-5.436111111111112393e-02,-2.869999999999999774e-01,2.137733576038181593e-01
-5.183333333333334236e-02,-2.869999999999999774e-01,2.127343079807841597e-01
-4.930555555555556080e-02,-2.869999999999999774e-01,2.112486569993828056e-01
-4.677777777777777923e-02,-2.869999999999999774e-01,2.093164046596921180e-01
-4.425000000000001155e-02,-2.869999999999999774e-01,2.069375509616866726e-01
-4.172222222222222998e-02,-2.869999999999999774e-01,2.041120959053534523e-01
-3.919444444444444842e-02,-2.869999999999999774e-01,2.008400394907143560e-01
-3.666666666666668073e-02,-2.869999999999999774e-01,1.971213817177496497e-01
-3.413888888888889916e-02,-2.869999999999999774e-01,1.929561225864790674e-01
-3.161111111111111760e-02,-2.869999999999999774e-01,1.883442620968970582e-01
-2.908333333333334991e-02,-2.869999999999999774e-01,1.832858002489775873e-01
-2.655555555555555447e-02,-2.869999999999999774e-01,1.777807370427606504e-01
-2.402777777777778678e-02,-2.869999999999999774e-01,1.718290724782182699e-01
-2.150000000000001910e-02,-2.869999999999999774e-01,1.654308065553725948e-01
-1.897222222222222365e-02,-2.869999999999999774e-01,1.585859392741961471e-01
-1.644444444444445597e-02,-2.869999999999999774e-01,1.512944706347273960e-01
-1.391666666666668828e-02,-2.869999999999999774e-01,1.435564006369061674e-01
-1.138888888888889284e-02,-2.869999999999999774e-01,1.353717292808030714e-01
-8.861111111111125149e-03,-2.869999999999999774e-01,1.267404565663571292e-01
-6.333333333333329707e-03,-2.869999999999999774e-01,1.176625824936124859e-01
-3.805555555555562020e-03,-2.869999999999999774e-01,1.081381070625540008e-01
-1.277777777777794332e-03,-1.277777777777794332e-03,9.816703027318197938e-02
1.250000000000001110e-03,-2.869999999999999774e-01,8.774935212547768648e-02
3.777777777777768797e-03,-2.869999999999999774e-01,7.688507261947086224e-02
6.305555555555536484e-03,-2.869999999999999774e-01,6.557419175513437559e-02
8.833333333333331927e-03,-2.869999999999999774e-01,5.381670953250335815e-02
1.136111111111109961e-02,-2.869999999999999774e-01,4.161262595154268523e-02
1.388888888888886730e-02,-2.869999999999999774e-01,2.896194101226375398e-02
1.641666666666666274e-02,-2.869999999999999774e-01,1.586465471467300367e-02
1.894444444444443043e-02,-2.869999999999999774e-01,2.320767058763964670e-03
2.147222222222222587e-02,-2.869999999999999774e-01,-1.166972195546293542e-02
2.400000000000000050e-02,-2.869999999999999774e-01,0.000000000000000000e+00
2.400000000000000050e-02,-2.869999999999999774e-01,0.000000000000000000e+00
2.699999999999999969e-02,-2.869999999999999774e-01,0.000000000000000000e+00
3.000000000000000236e-02,-2.869999999999999774e-01,0.000000000000000000e+00
3.300000000000000155e-02,-2.869999999999999774e-01,0.000000000000000000e+00
3.300000000000000155e-02,-2.869999999999999774e-01,0.000000000000000000e+00
3.650000000000000466e-02,-2.869999999999999774e-01,0.000000000000000000e+00
4.000000000000000083e-02,-2.869999999999999774e-01,0.000000000000000000e+00
4.225000000000000283e-02,-2.869999999999999774e-01,0.000000000000000000e+00
4.449999999999999789e-02,-2.869999999999999774e-01,0.000000000000000000e+00
4.674999999999999989e-02,-2.869999999999999774e-01,3.178422502256920135e-01
4.900000000000000189e-02,-2.869999999999999774e-01,-4.149284812436968700e-02
5.159259259259259267e-02,-2.869999999999999774e-01,-2.010440547021828325e-02
5.418518518518518345e-02,-2.869999999999999774e-01,-1.161556680950460519e-03
5.677777777777778118e-02,-2.869999999999999774e-01,1.533569824346053302e-02
5.937037037037037196e-02,-2.869999999999999774e-01,2.938735930300935550e-02
6.196296296296296274e-02,-2.869999999999999774e-01,4.099342649767983432e-02
6.455555555555556047e-02,-2.869999999999999774e-01,5.015389982748835046e-02
6.714814814814815125e-02,-2.869999999999999774e-01,5.686877929241852814e-02
6.974074074074074203e-02,-2.869999999999999774e-01,6.113806489250259157e-02
7.233333333333333282e-02,-2.869999999999999774e-01,6.296175662769236403e-02
7.492592592592592360e-02,-2.869999999999999774e-01,6.233985449803065848e-02
7.751851851851851438e-02,-2.869999999999999774e-01,5.927235850350142526e-02
8.011111111111110517e-02,-2.869999999999999774e-01,5.375926864409396461e-02
8.270370370370369595e-02,-2.869999999999999774e-01,4.580058491982407637e-02
8.529629629629630061e-02,-2.869999999999999774e-01,3.539630733068715313e-02
8.788888888888889139e-02,-2.869999999999999774e-01,2.254643587667174917e-02
9.048148148148148218e-02,-2.869999999999999774e-01,7.250970557810230976e-03
9.307407407407407296e-02,-2.869999999999999774e-01,-1.049008862592952333e-02
9.566666666666666374e-02,-2.869999999999999774e-01,-3.067674167454199213e-02
9.825925925925926840e-02,-2.869999999999999774e-01,-5.330898858802767676e-02
1.008518518518518592e-01,-2.869999999999999774e-01,-7.838682936636466592e-02
1.034444444444444500e-01,-2.869999999999999774e-01,-1.059102640095959391e-01
1.060370370370370408e-01,-2.869999999999999774e-01,-1.358792925176626198e-01
1.086296296296296315e-01,-2.869999999999999774e-01,-1.682939148906182625e-01
1.112222222222222223e-01,-2.869999999999999774e-01,-2.031541311284360551e-01
1.138148148148148131e-01,-2.869999999999999774e-01,-2.404599412311213824e-01
1.164074074074074039e-01,-2.869999999999999774e-01,-9.468702870100479396e-01
1.189999999999999947e-01,-2.869999999999999774e-01,0.000000000000000000e+00
1.189999999999999947e-01,-2.869999999999999774e-01,-5.761250114419224078e-01
1.219999999999999973e-01,-2.869999999999999774e-01,0.000000000000000000e+00
1.250000000000000000e-01,-2.869999999999999774e-01,0.000000000000000000e+00
1.280000000000000027e-01,-2.869999999999999774e-01,0.000000000000000000e+00
1.280000000000000027e-01,-2.869999999999999774e-01,-5.132153653067169641e-01
1.305681818181818332e-01,-2.869999999999999774e-01,-4.637212666353867085e-01
1.331363636363636360e-01,-2.869999999999999774e-01,-4.186486188084015403e-01
1.357045454545454666e-01,-2.869999999999999774e-01,-3.779974218258401741e-01
1.382727272727272694e-01,-2.869999999999999774e-01,-3.417676756876096289e-01
1.408409090909090999e-01,-2.869999999999999774e-01,-3.099593803937795711e-01
1.434090909090909027e-01,-2.869999999999999774e-01,-2.825725359443196361e-01
1.459772727272727333e-01,-2.869999999999999774e-01,-2.596071423392372624e-01
1.485454545454545361e-01,-2.869999999999999774e-01,-2.410631995785207649e-01
1.511136363636363666e-01,-2.869999999999999774e-01,-2.269407076621946795e-01
1.536818181818181972e-01,-2.869999999999999774e-01,-2.172396665902261437e-01
1.562500000000000000e-01,-2.869999999999999774e-01,-2.119600763626482698e-01
1.588181818181818028e-01,-2.869999999999999774e-01,-2.111019369794341904e-01
1.613863636363636334e-01,-2.869999999999999774e-01,-2.146652484406100514e-01
1.639545454545454639e-01,-2.869999999999999774e-01,-2.226500107461543143e-01
1.665227272727272667e-01,-2.869999999999999774e-01,-2.350562238960706152e-01
1.690909090909090973e-01,-2.869999999999999774e-01,-2.518838878903688627e-01
1.716590909090909001e-01,-2.869999999999999774e-01,-2.731330027290277407e-01
1.742272727272727306e-01,-2.869999999999999774e-01,-2.988035684120855517e-01
1.767954545454545334e-01,-2.869999999999999774e-01,-3.288955849395083786e-01
1.793636363636363640e-01,-2.869999999999999774e-01,-3.634090523113004401e-01
1.819318181818181945e-01,-2.869999999999999774e-01,-4.023439705274844957e-01
1.844999999999999973e-01,-2.869999999999999774e-01,-4.457003395880198560e-01
1.870681818181818001e-01,-2.869999999999999774e-01,-4.934781594929484316e-01
1.896363636363636307e-01,-2.869999999999999774e-01,-5.456774302422477962e-01
1.922045454545454612e-01,-2.869999999999999774e-01,-6.022981518359306063e-01
1.947727272727272640e-01,-2.869999999999999774e-01,-6.633403242739771555e-01
1.973409090909090946e-01,-2.869999999999999774e-01,-7.288039475563962144e-01
1.999090909090909252e-01,-2.869999999999999774e-01,-7.986890216832061018e-01
2.024772727272727280e-01,-2.869999999999999774e-01,-8.729955466543797282e-01
2.050454545454545308e-01,-2.869999999999999774e-01,-9.517235224699441831e-01
2.076136363636363613e-01,-2.869999999999999774e-01,-1.034872949129862496e+00
2.101818181818181919e-01,-2.869999999999999774e-01,-1.122443826634172526e+00
2.127499999999999947e-01,-2.869999999999999774e-01,-1.214436154982853511e+00
2.153181818181817975e-01,-2.869999999999999774e-01,-1.310849934175910780e+00
2.178863636363636280e-01,-2.869999999999999774e-01,-1.411685164213339228e+00
2.204545454545454586e-01,-2.869999999999999774e-01,-1.516941845095141961e+00
2.230227272727272614e-01,-2.869999999999999774e-01,-1.626619976821334523e+00
2.255909090909090919e-01,-2.869999999999999774e-01,-1.740719559391890714e+00
2.281590909090909225e-01,-2.869999999999999774e-01,-1.859240592806823411e+00
2.307272727272727253e-01,-2.869999999999999774e-01,-1.982183077066134613e+00
2.332954545454545281e-01,-2.869999999999999774e-01,-2.109547012169819880e+00
2.358636363636363587e-01,-2.869999999999999774e-01,-2.241332398117878100e+00
2.384318181818181892e-01,-2.869999999999999774e-01,-2.377539234910318822e+00
2.409999999999999920e-01,-2.869999999999999774e-01,0.000000000000000000e+00
2.409999999999999920e-01,-2.869999999999999774e-01,0.000000000000000000e+00
2.435027624309392125e-01,-2.869999999999999774e-01,0.000000000000000000e+00
2.460055248618784329e-01,-2.869999999999999774e-01,0.000000000000000000e+00
2.485082872928176811e-01,-2.869999999999999774e-01,0.000000000000000000e+00
2.510110497237568739e-01,-2.869999999999999774e-01,0.000000000000000000e+00
2.535138121546961498e-01,-2.869999999999999774e-01,0.000000000000000000e+00
2.560165745856353703e-01,-2.869999999999999774e-01,0.000000000000000000e+00
2.585193370165745907e-01,-2.869999999999999774e-01,0.000000000000000000e+00
2.610220994475138112e-01,-2.869999999999999774e-01,0.000000000000000000e+00
2.635248618784530317e-01,-2.869999999999999774e-01,0.000000000000000000e+00
2.660276243093922521e-01,-2.869999999999999774e-01,0.000000000000000000e+00
2.685303867403314726e-01,-2.869999999999999774e-01,0.000000000000000000e+00
2.710331491712706931e-01,-2.869999999999999774e-01,0.000000000000000000e+00
2.735359116022099135e-01,-2.869999999999999774e-01,0.000000000000000000e+00
2.760386740331491895e-01,-2.869999999999999774e-01,0.000000000000000000e+00
2.785414364640884100e-01,-2.869999999999999774e-01,0.000000000000000000e+00
2.810441988950276304e-01,-2.869999999999999774e-01,0.000000000000000000e+00
2.835469613259668509e-01,-2.869999999999999774e-01,0.000000000000000000e+00
2.860497237569060713e-01,-2.869999999999999774e-01,0.000000000000000000e+00
2.885524861878452918e-01,-2.869999999999999774e-01,0.000000000000000000e+00
2.910552486187845123e-01,-2.869999999999999774e-01,0.000000000000000000e+00
2.935580110497237327e-01,-2.869999999999999774e-01,0.000000000000000000e+00
2.960607734806629532e-01,-2.869999999999999774e-01,0.000000000000000000e+00
2.985635359116022292e-01,-2.869999999999999774e-01,0.000000000000000000e+00
3.010662983425414496e-01,-2.869999999999999774e-01,0.000000000000000000e+00
3.035690607734806701e-01,-2.869999999999999774e-01,0.000000000000000000e+00
3.060718232044198905e-01,-2.869999999999999774e-01,0.000000000000000000e+00
3.085745856353591110e-01,-2.869999999999999774e-01,0.000000000000000000e+00
3.110773480662983315e-01,-2.869999999999999774e-01,0.000000000000000000e+00
3.135801104972375519e-01,-2.869999999999999774e-01,0.000000000000000000e+00
3.160828729281767724e-01,-2.869999999999999774e-01,0.000000000000000000e+00
3.185856353591159928e-01,-2.869999999999999774e-01,0.000000000000000000e+00
3.210883977900552688e-01,-2.869999999999999774e-01,0.000000000000000000e+00
3.235911602209944338e-01,-2.869999999999999774e-01,0.000000000000000000e+00
3.260939226519337097e-01,-2.869999999999999774e-01,0.000000000000000000e+00
3.285966850828729302e-01,-2.869999999999999774e-01,0.000000000000000000e+00
3.310994475138121507e-01,-2.869999999999999774e-01,0.000000000000000000e+00
3.336022099447513711e-01,-2.869999999999999774e-01,0.000000000000000000e+00
3.361049723756905916e-01,-2.869999999999999774e-01,0.000000000000000000e+00
3.386077348066298121e-01,-2.869999999999999774e-01,0.000000000000000000e+00
3.411104972375690325e-01,-2.869999999999999774e-01,0.000000000000000000e+00
3.436132596685083085e-01,-2.869999999999999774e-01,0.000000000000000000e+00
3.461160220994474734e-01,-2.869999999999999774e-01,0.000000000000000000e+00
3.486187845303867494e-01,-2.869999999999999774e-01,0.000000000000000000e+00
3.511215469613259699e-01,-2.869999999999999774e-01,0.000000000000000000e+00
3.536243093922651903e-01,-2.869999999999999774e-01,0.000000000000000000e+00
3.561270718232044108e-01,-2.869999999999999774e-01,0.000000000000000000e+00
3.586298342541436313e-01,-2.869999999999999774e-01,0.000000000000000000e+00
3.611325966850828517e-01,-2.869999999999999774e-01,0.000000000000000000e+00
3.636353591160220722e-01,-2.869999999999999774e-01,0.000000000000000000e+00
3.661381215469613482e-01,-2.869999999999999774e-01,0.000000000000000000e+00
3.686408839779005131e-01,-2.869999999999999774e-01,0.000000000000000000e+00
3.711436464088397891e-01,-2.869999999999999774e-01,0.000000000000000000e+00
3.736464088397790095e-01,-2.869999999999999774e-01,0.000000000000000000e+00
3.761491712707182300e-01,-2.869999999999999774e-01,0.000000000000000000e+00
3.786519337016574505e-01,-2.869999999999999774e-01,0.000000000000000000e+00
3.811546961325966709e-01,-2.869999999999999774e-01,0.000000000000000000e+00
3.836574585635358914e-01,-2.869999999999999774e-01,0.000000000000000000e+00
3.861602209944751118e-01,-2.869999999999999774e-01,0.000000000000000000e+00
3.886629834254143878e-01,-2.869999999999999774e-01,0.000000000000000000e+00
3.911657458563535528e-01,-2.869999999999999774e-01,0.000000000000000000e+00
3.936685082872928287e-01,-2.869999999999999774e-01,0.000000000000000000e+00
3.961712707182320492e-01,-2.869999999999999774e-01,0.000000000000000000e+00
3.986740331491712697e-01,-2.869999999999999774e-01,0.000000000000000000e+00
4.011767955801104901e-01,-2.869999999999999774e-01,0.000000000000000000e+00
4.036795580110497106e-01,-2.869999999999999774e-01,0.000000000000000000e+00
4.061823204419889310e-01,-2.869999999999999774e-01,0.000000000000000000e+00
4.086850828729281515e-01,-2.869999999999999774e-01,0.000000000000000000e+00
4.111878453038674275e-01,-2.869999999999999774e-01,0.000000000000000000e+00
4.136906077348065924e-01,-2.869999999999999774e-01,0.000000000000000000e+00
4.161933701657458684e-01,-2.869999999999999774e-01,0.000000000000000000e+00
4.186961325966850889e-01,-2.869999999999999774e-01,0.000000000000000000e+00
4.211988950276243093e-01,-2.869999999999999774e-01,0.000000000000000000e+00
4.237016574585635298e-01,-2.869999999999999774e-01,0.000000000000000000e+00
4.262044198895027503e-01,-2.869999999999999774e-01,0.000000000000000000e+00
4.287071823204419707e-01,-2.869999999999999774e-01,0.000000000000000000e+00
4.312099447513811912e-01,-2.869999999999999774e-01,0.000000000000000000e+00
4.337127071823204671e-01,-2.869999999999999774e-01,0.000000000000000000e+00
4.362154696132596321e-01,-2.869999999999999774e-01,0.000000000000000000e+00
4.387182320441989081e-01,-2.869999999999999774e-01,0.000000000000000000e+00
4.412209944751381285e-01,-2.869999999999999774e-01,0.000000000000000000e+00
4.437237569060773490e-01,-2.869999999999999774e-01,0.000000000000000000e+00
4.462265193370165695e-01,-2.869999999999999774e-01,0.000000000000000000e+00
4.487292817679557899e-01,-2.869999999999999774e-01,0.000000000000000000e+00
4.512320441988950104e-01,-2.869999999999999774e-01,0.000000000000000000e+00
4.537348066298342308e-01,-2.869999999999999774e-01,0.000000000000000000e+00
4.562375690607735068e-01,-2.869999999999999774e-01,0.000000000000000000e+00
4.587403314917126718e-01,-2.869999999999999774e-01,0.000000000000000000e+00
4.612430939226519477e-01,-2.869999999999999774e-01,0.000000000000000000e+00
4.637458563535911127e-01,-2.869999999999999774e-01,0.000000000000000000e+00
4.662486187845303887e-01,-2.869999999999999774e-01,0.000000000000000000e+00
4.687513812154696091e-01,-2.869999999999999774e-01,0.000000000000000000e+00
4.712541436464088296e-01,-2.869999999999999774e-01,0.000000000000000000e+00
4.737569060773480500e-01,-2.869999999999999774e-01,0.000000000000000000e+00
4.762596685082872705e-01,-2.869999999999999774e-01,0.000000000000000000e+00
4.787624309392265465e-01,-2.869999999999999774e-01,0.000000000000000000e+00
4.812651933701657114e-01,-2.869999999999999774e-01,0.000000000000000000e+00
4.837679558011049874e-01,-2.869999999999999774e-01,0.000000000000000000e+00
4.862707182320441524e-01,-2.869999999999999774e-01,0.000000000000000000e+00
4.887734806629834283e-01,-2.869999999999999774e-01,0.000000000000000000e+00
4.912762430939226488e-01,-2.869999999999999774e-01,0.000000000000000000e+00
4.937790055248618692e-01,-2.869999999999999774e-01,0.000000000000000000e+00
4.962817679558010897e-01,-2.869999999999999774e-01,0.000000000000000000e+00
4.987845303867403102e-01,-2.869999999999999774e-01,0.000000000000000000e+00
5.012872928176794751e-01,-2.869999999999999774e-01,0.000000000000000000e+00
5.037900552486187511e-01,-2.869999999999999774e-01,0.000000000000000000e+00
5.062928176795580271e-01,-2.869999999999999774e-01,0.000000000000000000e+00
5.087955801104973030e-01,-2.869999999999999774e-01,0.000000000000000000e+00
5.112983425414364680e-01,-2.869999999999999774e-01,0.000000000000000000e+00
5.138011049723756329e-01,-2.869999999999999774e-01,0.000000000000000000e+00
5.163038674033149089e-01,-2.869999999999999774e-01,0.000000000000000000e+00
5.188066298342541849e-01,-2.869999999999999774e-01,0.000000000000000000e+00
5.213093922651933498e-01,-2.869999999999999774e-01,0.000000000000000000e+00
5.238121546961325148e-01,-2.869999999999999774e-01,0.000000000000000000e+00
5.263149171270717908e-01,-2.869999999999999774e-01,0.000000000000000000e+00
5.288176795580110667e-01,-2.869999999999999774e-01,0.000000000000000000e+00
5.313204419889503427e-01,-2.869999999999999774e-01,0.000000000000000000e+00
5.338232044198895077e-01,-2.869999999999999774e-01,0.000000000000000000e+00
5.363259668508286726e-01,-2.869999999999999774e-01,0.000000000000000000e+00
5.388287292817679486e-01,-2.869999999999999774e-01,0.000000000000000000e+00
5.413314917127072246e-01,-2.869999999999999774e-01,0.000000000000000000e+00
5.438342541436463895e-01,-2.869999999999999774e-01,0.000000000000000000e+00
5.463370165745855545e-01,-2.869999999999999774e-01,0.000000000000000000e+00
5.488397790055248304e-01,-2.869999999999999774e-01,0.000000000000000000e+00
5.513425414364641064e-01,-2.869999999999999774e-01,0.000000000000000000e+00
5.538453038674033824e-01,-2.869999999999999774e-01,0.000000000000000000e+00
5.563480662983425473e-01,-2.869999999999999774e-01,0.000000000000000000e+00
5.588508287292817123e-01,-2.869999999999999774e-01,0.000000000000000000e+00
5.613535911602209882e-01,-2.869999999999999774e-01,0.000000000000000000e+00
5.638563535911602642e-01,-2.869999999999999774e-01,0.000000000000000000e+00
5.663591160220994292e-01,-2.869999999999999774e-01,0.000000000000000000e+00
5.688618784530385941e-01,-2.869999999999999774e-01,0.000000000000000000e+00
5.713646408839778701e-01,-2.869999999999999774e-01,0.000000000000000000e+00
5.738674033149171461e-01,-2.869999999999999774e-01,0.000000000000000000e+00
5.763701657458564220e-01,-2.869999999999999774e-01,0.000000000000000000e+00
5.788729281767955870e-01,-2.869999999999999774e-01,0.000000000000000000e+00
5.813756906077347519e-01,-2.869999999999999774e-01,0.000000000000000000e+00
5.838784530386740279e-01,-2.869999999999999774e-01,0.000000000000000000e+00
5.863812154696133039e-01,-2.869999999999999774e-01,0.000000000000000000e+00
5.888839779005524688e-01,-2.869999999999999774e-01,0.000000000000000000e+00
5.913867403314916338e-01,-2.869999999999999774e-01,0.000000000000000000e+00
5.938895027624309098e-01,-2.869999999999999774e-01,0.000000000000000000e+00
5.963922651933701857e-01,-2.869999999999999774e-01,0.000000000000000000e+00
5.988950276243094617e-01,-2.869999999999999774e-01,0.000000000000000000e+00
6.013977900552486267e-01,-2.869999999999999774e-01,0.000000000000000000e+00
6.039005524861877916e-01,-2.869999999999999774e-01,0.000000000000000000e+00
6.064033149171270676e-01,-2.869999999999999774e-01,0.000000000000000000e+00
6.089060773480663435e-01,-2.869999999999999774e-01,0.000000000000000000e+00
6.114088397790055085e-01,-2.869999999999999774e-01,0.000000000000000000e+00
6.139116022099446734e-01,-2.869999999999999774e-01,0.000000000000000000e+00
6.164143646408839494e-01,-2.869999999999999774e-01,0.000000000000000000e+00
6.189171270718232254e-01,-2.869999999999999774e-01,0.000000000000000000e+00
6.214198895027625014e-01,-2.869999999999999774e-01,0.000000000000000000e+00
6.239226519337016663e-01,-2.869999999999999774e-01,0.000000000000000000e+00
6.264254143646408313e-01,-2.869999999999999774e-01,0.000000000000000000e+00
6.289281767955801072e-01,-2.869999999999999774e-01,0.000000000000000000e+00
6.314309392265193832e-01,-2.869999999999999774e-01,0.000000000000000000e+00
6.339337016574585482e-01,-2.869999999999999774e-01,0.000000000000000000e+00
6.364364640883977131e-01,-2.869999999999999774e-01,0.000000000000000000e+00
6.389392265193369891e-01,-2.869999999999999774e-01,0.000000000000000000e+00
6.414419889502762651e-01,-2.869999999999999774e-01,0.000000000000000000e+00
6.439447513812155410e-01,-2.869999999999999774e-01,0.000000000000000000e+00
6.464475138121547060e-01,-2.869999999999999774e-01,0.000000000000000000e+00
6.489502762430938709e-01,-2.869999999999999774e-01,0.000000000000000000e+00
6.514530386740331469e-01,-2.869999999999999774e-01,0.000000000000000000e+00
6.539558011049724229e-01,-2.869999999999999774e-01,0.000000000000000000e+00
6.564585635359115878e-01,-2.869999999999999774e-01,0.000000000000000000e+00
6.589613259668507528e-01,-2.869999999999999774e-01,0.000000000000000000e+00
6.614640883977900288e-01,-2.869999999999999774e-01,0.000000000000000000e+00
6.639668508287293047e-01,-2.869999999999999774e-01,0.000000000000000000e+00
6.664696132596685807e-01,-2.869999999999999774e-01,0.000000000000000000e+00
6.689723756906077456e-01,-2.869999999999999774e-01,0.000000000000000000e+00
6.714751381215469106e-01,-2.869999999999999774e-01,0.000000000000000000e+00
6.739779005524861866e-01,-2.869999999999999774e-01,0.000000000000000000e+00
6.764806629834254625e-01,-2.869999999999999774e-01,0.000000000000000000e+00
6.789834254143646275e-01,-2.869999999999999774e-01,0.000000000000000000e+00
6.814861878453037924e-01,-2.869999999999999774e-01,0.000000000000000000e+00
6.839889502762430684e-01,-2.869999999999999774e-01,0.000000000000000000e+00
6.864917127071823444e-01,-2.869999999999999774e-01,0.000000000000000000e+00
6.889944751381216204e-01,-2.869999999999999774e-01,0.000000000000000000e+00
6.914972375690607853e-01,-2.869999999999999774e-01,0.000000000000000000e+00
6.939999999999999503e-01,-2.869999999999999774e-01,0.000000000000000000e+00
6.965027624309392262e-01,-2.869999999999999774e-01,0.000000000000000000e+00
6.990055248618785022e-01,-2.869999999999999774e-01,0.000000000000000000e+00
7.015082872928176672e-01,-2.869999999999999774e-01,0.000000000000000000e+00
7.040110497237568321e-01,-2.869999999999999774e-01,0.000000000000000000e+00
7.065138121546961081e-01,-2.869999999999999774e-01,0.000000000000000000e+00
7.090165745856353841e-01,-2.869999999999999774e-01,0.000000000000000000e+00
7.115193370165746600e-01,-2.869999999999999774e-01,0.000000000000000000e+00
7.140220994475138250e-01,-2.869999999999999774e-01,0.000000000000000000e+00
7.165248618784529899e-01,-2.869999999999999774e-01,0.000000000000000000e+00
7.190276243093922659e-01,-2.869999999999999774e-01,0.000000000000000000e+00
7.215303867403315419e-01,-2.869999999999999774e-01,0.000000000000000000e+00
7.240331491712707068e-01,-2.869999999999999774e-01,0.000000000000000000e+00
7.265359116022098718e-01,-2.869999999999999774e-01,0.000000000000000000e+00
7.290386740331491477e-01,-2.869999999999999774e-01,0.000000000000000000e+00
7.315414364640884237e-01,-2.869999999999999774e-01,0.000000000000000000e+00
7.340441988950276997e-01,-2.869999999999999774e-01,0.000000000000000000e+00
7.365469613259668646e-01,-2.869999999999999774e-01,0.000000000000000000e+00
7.390497237569060296e-01,-2.869999999999999774e-01,0.000000000000000000e+00
7.415524861878453056e-01,-2.869999999999999774e-01,0.000000000000000000e+00
7.440552486187844705e-01,-2.869999999999999774e-01,0.000000000000000000e+00
7.465580110497237465e-01,-2.869999999999999774e-01,0.000000000000000000e+00
7.490607734806630225e-01,-2.869999999999999774e-01,0.000000000000000000e+00
7.515635359116021874e-01,-2.869999999999999774e-01,0.000000000000000000e+00
7.540662983425414634e-01,-2.869999999999999774e-01,0.000000000000000000e+00
7.565690607734806283e-01,-2.869999999999999774e-01,0.000000000000000000e+00
7.590718232044199043e-01,-2.869999999999999774e-01,0.000000000000000000e+00
7.615745856353590693e-01,-2.869999999999999774e-01,0.000000000000000000e+00
7.640773480662983452e-01,-2.869999999999999774e-01,0.000000000000000000e+00
7.665801104972375102e-01,-2.869999999999999774e-01,0.000000000000000000e+00
7.690828729281767862e-01,-2.869999999999999774e-01,0.000000000000000000e+00
7.715856353591160621e-01,-2.869999999999999774e-01,0.000000000000000000e+00
7.740883977900552271e-01,-2.869999999999999774e-01,0.000000000000000000e+00
7.765911602209945030e-01,-2.869999999999999774e-01,0.000000000000000000e+00
7.790939226519336680e-01,-2.869999999999999774e-01,0.000000000000000000e+00
7.815966850828729440e-01,-2.869999999999999774e-01,0.000000000000000000e+00
7.840994475138121089e-01,-2.869999999999999774e-01,0.000000000000000000e+00
7.866022099447513849e-01,-2.869999999999999774e-01,0.000000000000000000e+00
7.891049723756905498e-01,-2.869999999999999774e-01,0.000000000000000000e+00
7.916077348066298258e-01,-2.869999999999999774e-01,0.000000000000000000e+00
7.941104972375691018e-01,-2.869999999999999774e-01,0.000000000000000000e+00
7.966132596685082667e-01,-2.869999999999999774e-01,0.000000000000000000e+00
7.991160220994475427e-01,-2.869999999999999774e-01,0.000000000000000000e+00
8.016187845303867077e-01,-2.869999999999999774e-01,0.000000000000000000e+00
8.041215469613259836e-01,-2.869999999999999774e-01,0.000000000000000000e+00
8.066243093922651486e-01,-2.869999999999999774e-01,0.000000000000000000e+00
8.091270718232044246e-01,-2.869999999999999774e-01,0.000000000000000000e+00
8.116298342541435895e-01,-2.869999999999999774e-01,0.000000000000000000e+00
8.141325966850828655e-01,-2.869999999999999774e-01,0.000000000000000000e+00
8.166353591160221415e-01,-2.869999999999999774e-01,0.000000000000000000e+00
8.191381215469613064e-01,-2.869999999999999774e-01,0.000000000000000000e+00
8.216408839779005824e-01,-2.869999999999999774e-01,0.000000000000000000e+00
8.241436464088397473e-01,-2.869999999999999774e-01,0.000000000000000000e+00
8.266464088397790233e-01,-2.869999999999999774e-01,0.000000000000000000e+00
8.291491712707181883e-01,-2.869999999999999774e-01,0.000000000000000000e+00
8.316519337016574642e-01,-2.869999999999999774e-01,0.000000000000000000e+00
8.341546961325966292e-01,-2.869999999999999774e-01,0.000000000000000000e+00
8.366574585635359051e-01,-2.869999999999999774e-01,0.000000000000000000e+00
8.391602209944751811e-01,-2.869999999999999774e-01,0.000000000000000000e+00
8.416629834254143461e-01,-2.869999999999999774e-01,0.000000000000000000e+00
8.441657458563536220e-01,-2.869999999999999774e-01,0.000000000000000000e+00
8.466685082872927870e-01,-2.869999999999999774e-01,0.000000000000000000e+00
8.491712707182320630e-01,-2.869999999999999774e-01,0.000000000000000000e+00
8.516740331491712279e-01,-2.869999999999999774e-01,0.000000000000000000e+00
8.541767955801105039e-01,-2.869999999999999774e-01,0.000000000000000000e+00
8.566795580110496688e-01,-2.869999999999999774e-01,0.000000000000000000e+00
8.591823204419889448e-01,-2.869999999999999774e-01,0.000000000000000000e+00
8.616850828729282208e-01,-2.869999999999999774e-01,0.000000000000000000e+00
8.641878453038673857e-01,-2.869999999999999774e-01,0.000000000000000000e+00
8.666906077348066617e-01,-2.869999999999999774e-01,0.000000000000000000e+00
8.691933701657458267e-01,-2.869999999999999774e-01,0.000000000000000000e+00
8.716961325966851026e-01,-2.869999999999999774e-01,0.000000000000000000e+00
8.741988950276242676e-01,-2.869999999999999774e-01,0.000000000000000000e+00
8.767016574585635436e-01,-2.869999999999999774e-01,0.000000000000000000e+00
8.792044198895027085e-01,-2.869999999999999774e-01,0.000000000000000000e+00
8.817071823204419845e-01,-2.869999999999999774e-01,0.000000000000000000e+00
8.842099447513812605e-01,-2.869999999999999774e-01,0.000000000000000000e+00
8.867127071823204254e-01,-2.869999999999999774e-01,0.000000000000000000e+00
8.892154696132597014e-01,-2.869999999999999774e-01,0.000000000000000000e+00
8.917182320441988663e-01,-2.869999999999999774e-01,0.000000000000000000e+00
8.942209944751381423e-01,-2.869999999999999774e-01,0.000000000000000000e+00
8.967237569060773072e-01,-2.869999999999999774e-01,0.000000000000000000e+00
8.992265193370165832e-01,-2.869999999999999774e-01,0.000000000000000000e+00
9.017292817679557482e-01,-2.869999999999999774e-01,0.000000000000000000e+00
9.042320441988950241e-01,-2.869999999999999774e-01,0.000000000000000000e+00
9.067348066298343001e-01,-2.869999999999999774e-01,0.000000000000000000e+00
9.092375690607734651e-01,-2.869999999999999774e-01,0.000000000000000000e+00
9.117403314917127410e-01,-2.869999999999999774e-01,0.000000000000000000e+00
9.142430939226519060e-01,-2.869999999999999774e-01,0.000000000000000000e+00
9.167458563535911820e-01,-2.869999999999999774e-01,0.000000000000000000e+00
9.192486187845303469e-01,-2.869999999999999774e-01,0.000000000000000000e+00
9.217513812154696229e-01,-2.869999999999999774e-01,0.000000000000000000e+00
9.242541436464087878e-01,-2.869999999999999774e-01,0.000000000000000000e+00
9.267569060773480638e-01,-2.869999999999999774e-01,0.000000000000000000e+00
9.292596685082873398e-01,-2.869999999999999774e-01,0.000000000000000000e+00
9.317624309392265047e-01,-2.869999999999999774e-01,0.000000000000000000e+00
9.342651933701657807e-01,-2.869999999999999774e-01,0.000000000000000000e+00
9.367679558011049457e-01,-2.869999999999999774e-01,0.000000000000000000e+00
9.392707182320442216e-01,-2.869999999999999774e-01,0.000000000000000000e+00
9.417734806629833866e-01,-2.869999999999999774e-01,0.000000000000000000e+00
9.442762430939226626e-01,-2.869999999999999774e-01,0.000000000000000000e+00
9.467790055248618275e-01,-2.869999999999999774e-01,0.000000000000000000e+00
9.492817679558011035e-01,-2.869999999999999774e-01,0.000000000000000000e+00
9.517845303867403794e-01,-2.869999999999999774e-01,0.000000000000000000e+00
9.542872928176795444e-01,-2.869999999999999774e-01,0.000000000000000000e+00
9.567900552486188204e-01,-2.869999999999999774e-01,0.000000000000000000e+00
9.592928176795579853e-01,-2.869999999999999774e-01,0.000000000000000000e+00
9.617955801104972613e-01,-2.869999999999999774e-01,0.000000000000000000e+00
9.642983425414364262e-01,-2.869999999999999774e-01,0.000000000000000000e+00
9.668011049723757022e-01,-2.869999999999999774e-01,0.000000000000000000e+00
9.693038674033148672e-01,-2.869999999999999774e-01,0.000000000000000000e+00
9.718066298342541431e-01,-2.869999999999999774e-01,0.000000000000000000e+00
9.743093922651934191e-01,-2.869999999999999774e-01,0.000000000000000000e+00
9.768121546961325841e-01,-2.869999999999999774e-01,0.000000000000000000e+00
9.793149171270718600e-01,-2.869999999999999774e-01,0.000000000000000000e+00
9.818176795580110250e-01,-2.869999999999999774e-01,0.000000000000000000e+00
9.843204419889503010e-01,-2.869999999999999774e-01,0.000000000000000000e+00
9.868232044198894659e-01,-2.869999999999999774e-01,0.000000000000000000e+00
9.893259668508287419e-01,-2.869999999999999774e-01,0.000000000000000000e+00
9.918287292817679068e-01,-2.869999999999999774e-01,0.000000000000000000e+00
9.943314917127071828e-01,-2.869999999999999774e-01,0.000000000000000000e+00
9.968342541436464588e-01,-2.869999999999999774e-01,0.000000000000000000e+00
9.993370165745856237e-01,-2.869999999999999774e-01,0.000000000000000000e+00
1.001839779005524900e+00,-2.869999999999999774e-01,0.000000000000000000e+00
1.004342541436463954e+00,-2.869999999999999774e-01,0.000000000000000000e+00
1.006845303867403452e+00,-2.869999999999999774e-01,0.000000000000000000e+00
1.009348066298342506e+00,-2.869999999999999774e-01,0.000000000000000000e+00
1.011850828729281782e+00,-2.869999999999999774e-01,0.000000000000000000e+00
1.014353591160221058e+00,-2.869999999999999774e-01,0.000000000000000000e+00
1.016856353591160111e+00,-2.869999999999999774e-01,0.000000000000000000e+00
1.019359116022099609e+00,-2.869999999999999774e-01,0.000000000000000000e+00
1.021861878453038663e+00,-2.869999999999999774e-01,0.000000000000000000e+00
1.024364640883977939e+00,-2.869999999999999774e-01,0.000000000000000000e+00
1.026867403314917215e+00,-2.869999999999999774e-01,0.000000000000000000e+00
1.029370165745856269e+00,-2.869999999999999774e-01,0.000000000000000000e+00
1.031872928176795545e+00,-2.869999999999999774e-01,0.000000000000000000e+00
1.034375690607734821e+00,-2.869999999999999774e-01,0.000000000000000000e+00
1.036878453038673875e+00,-2.869999999999999774e-01,0.000000000000000000e+00
1.039381215469613373e+00,-2.869999999999999774e-01,0.000000000000000000e+00
1.041883977900552427e+00,-2.869999999999999774e-01,0.000000000000000000e+00
1.044386740331491703e+00,-2.869999999999999774e-01,0.000000000000000000e+00
1.046889502762430979e+00,-2.869999999999999774e-01,0.000000000000000000e+00
1.049392265193370033e+00,-2.869999999999999774e-01,0.000000000000000000e+00
1.051895027624309531e+00,-2.869999999999999774e-01,0.000000000000000000e+00
1.054397790055248585e+00,-2.869999999999999774e-01,0.000000000000000000e+00
1.056900552486187861e+00,-2.869999999999999774e-01,0.000000000000000000e+00
1.059403314917127137e+00,-2.869999999999999774e-01,0.000000000000000000e+00
1.061906077348066191e+00,-2.869999999999999774e-01,0.000000000000000000e+00
1.064408839779005467e+00,-2.869999999999999774e-01,0.000000000000000000e+00
1.066911602209944743e+00,-2.869999999999999774e-01,0.000000000000000000e+00
1.069414364640884019e+00,-2.869999999999999774e-01,0.000000000000000000e+00
1.071917127071823295e+00,-2.869999999999999774e-01,0.000000000000000000e+00
1.074419889502762349e+00,-2.869999999999999774e-01,0.000000000000000000e+00
1.076922651933701625e+00,-2.869999999999999774e-01,0.000000000000000000e+00
1.079425414364640901e+00,-2.869999999999999774e-01,0.000000000000000000e+00
1.081928176795579954e+00,-2.869999999999999774e-01,0.000000000000000000e+00
1.084430939226519452e+00,-2.869999999999999774e-01,0.000000000000000000e+00
1.086933701657458506e+00,-2.869999999999999774e-01,0.000000000000000000e+00
1.089436464088397782e+00,-2.869999999999999774e-01,0.000000000000000000e+00
1.091939226519337058e+00,-2.869999999999999774e-01,0.000000000000000000e+00
1.094441988950276112e+00,-2.869999999999999774e-01,0.000000000000000000e+00
1.096944751381215610e+00,-2.869999999999999774e-01,0.000000000000000000e+00
1.099447513812154664e+00,-2.869999999999999774e-01,0.000000000000000000e+00
1.101950276243093940e+00,-2.869999999999999774e-01,0.000000000000000000e+00
1.104453038674033216e+00,-2.869999999999999774e-01,0.000000000000000000e+00
1.106955801104972270e+00,-2.869999999999999774e-01,0.000000000000000000e+00
1.109458563535911546e+00,-2.869999999999999774e-01,0.000000000000000000e+00
1.111961325966850822e+00,-2.869999999999999774e-01,0.000000000000000000e+00
1.114464088397790098e+00,-2.869999999999999774e-01,0.000000000000000000e+00
1.116966850828729374e+00,-2.869999999999999774e-01,0.000000000000000000e+00
1.119469613259668428e+00,-2.869999999999999774e-01,0.000000000000000000e+00
1.121972375690607704e+00,-2.869999999999999774e-01,0.000000000000000000e+00
1.124475138121546980e+00,-2.869999999999999774e-01,0.000000000000000000e+00
1.126977900552486034e+00,-2.869999999999999774e-01,0.000000000000000000e+00
1.129480662983425532e+00,-2.869999999999999774e-01,0.000000000000000000e+00
1.131983425414364586e+00,-2.869999999999999774e-01,0.000000000000000000e+00
1.134486187845303862e+00,-2.869999999999999774e-01,0.000000000000000000e+00
1.136988950276243138e+00,-2.869999999999999774e-01,0.000000000000000000e+00
1.139491712707182192e+00,-2.869999999999999774e-01,0.000000000000000000e+00
1.141994475138121690e+00,-2.869999999999999774e-01,0.000000000000000000e+00
1.144497237569060744e+00,-2.869999999999999774e-01,0.000000000000000000e+00
1.147000000000000020e+00,-2.869999999999999774e-01,0.000000000000000000e+00
1.149502762430939296e+00,-2.869999999999999774e-01,0.000000000000000000e+00
1.152005524861878349e+00,-2.869999999999999774e-01,0.000000000000000000e+00
1.154508287292817625e+00,-2.869999999999999774e-01,0.000000000000000000e+00
1.157011049723756901e+00,-2.869999999999999774e-01,0.000000000000000000e+00
1.159513812154696177e+00,-2.869999999999999774e-01,0.000000000000000000e+00
1.162016574585635453e+00,-2.869999999999999774e-01,0.000000000000000000e+00
1.164519337016574507e+00,-2.869999999999999774e-01,0.000000000000000000e+00
1.167022099447513783e+00,-2.869999999999999774e-01,0.000000000000000000e+00
1.169524861878453059e+00,-2.869999999999999774e-01,0.000000000000000000e+00
1.172027624309392113e+00,-2.869999999999999774e-01,0.000000000000000000e+00
1.174530386740331611e+00,-2.869999999999999774e-01,0.000000000000000000e+00
1.177033149171270665e+00,-2.869999999999999774e-01,0.000000000000000000e+00
1.179535911602209941e+00,-2.869999999999999774e-01,0.000000000000000000e+00
1.182038674033149217e+00,-2.869999999999999774e-01,0.000000000000000000e+00
1.184541436464088271e+00,-2.869999999999999774e-01,0.000000000000000000e+00
1.187044198895027769e+00,-2.869999999999999774e-01,0.000000000000000000e+00
1.189546961325966823e+00,-2.869999999999999774e-01,0.000000000000000000e+00
1.192049723756906099e+00,-2.869999999999999774e-01,0.000000000000000000e+00
1.194552486187845375e+00,-2.869999999999999774e-01,0.000000000000000000e+00
1.197055248618784429e+00,-2.869999999999999774e-01,0.000000000000000000e+00
1.199558011049723705e+00,-2.869999999999999774e-01,0.000000000000000000e+00
1.202060773480662981e+00,-2.869999999999999774e-01,0.000000000000000000e+00
1.204563535911602257e+00,-2.869999999999999774e-01,0.000000000000000000e+00
1.207066298342541533e+00,-2.869999999999999774e-01,0.000000000000000000e+00
1.209569060773480587e+00,-2.869999999999999774e-01,0.000000000000000000e+00
1.212071823204419863e+00,-2.869999999999999774e-01,0.000000000000000000e+00
1.214574585635359139e+00,-2.869999999999999774e-01,0.000000000000000000e+00
1.217077348066298192e+00,-2.869999999999999774e-01,0.000000000000000000e+00
1.219580110497237690e+00,-2.869999999999999774e-01,0.000000000000000000e+00
1.222082872928176744e+00,-2.869999999999999774e-01,0.000000000000000000e+00
1.224585635359116020e+00,-2.869999999999999774e-01,0.000000000000000000e+00
1.227088397790055296e+00,-2.869999999999999774e-01,0.000000000000000000e+00
1.229591160220994350e+00,-2.869999999999999774e-01,0.000000000000000000e+00
1.232093922651933848e+00,-2.869999999999999774e-01,0.000000000000000000e+00
1.234596685082872902e+00,-2.869999999999999774e-01,0.000000000000000000e+00
1.237099447513812178e+00,-2.869999999999999774e-01,0.000000000000000000e+00
1.239602209944751454e+00,-2.869999999999999774e-01,0.000000000000000000e+00
1.242104972375690508e+00,-2.869999999999999774e-01,0.000000000000000000e+00
1.244607734806630006e+00,-2.869999999999999774e-01,0.000000000000000000e+00
1.247110497237569060e+00,-2.869999999999999774e-01,0.000000000000000000e+00
1.249613259668508114e+00,-2.869999999999999774e-01,0.000000000000000000e+00
1.252116022099447612e+00,-2.869999999999999774e-01,0.000000000000000000e+00
1.254618784530386666e+00,-2.869999999999999774e-01,0.000000000000000000e+00
1.257121546961326164e+00,-2.869999999999999774e-01,0.000000000000000000e+00
1.259624309392265218e+00,-2.869999999999999774e-01,0.000000000000000000e+00
1.262127071823204272e+00,-2.869999999999999774e-01,0.000000000000000000e+00
1.264629834254143770e+00,-2.869999999999999774e-01,0.000000000000000000e+00
1.267132596685082824e+00,-2.869999999999999774e-01,0.000000000000000000e+00
1.269635359116021878e+00,-2.869999999999999774e-01,0.000000000000000000e+00
1.272138121546961376e+00,-2.869999999999999774e-01,0.000000000000000000e+00
1.274640883977900430e+00,-2.869999999999999774e-01,0.000000000000000000e+00
1.277143646408839928e+00,-2.869999999999999774e-01,0.000000000000000000e+00
1.279646408839778982e+00,-2.869999999999999774e-01,0.000000000000000000e+00
1.282149171270718035e+00,-2.869999999999999774e-01,0.000000000000000000e+00
1.284651933701657534e+00,-2.869999999999999774e-01,0.000000000000000000e+00
1.287154696132596587e+00,-2.869999999999999774e-01,0.000000000000000000e+00
1.289657458563536085e+00,-2.869999999999999774e-01,0.000000000000000000e+00
1.292160220994475139e+00,-2.869999999999999774e-01,0.000000000000000000e+00
1.294662983425414193e+00,-2.869999999999999774e-01,0.000000000000000000e+00
1.297165745856353691e+00,-2.869999999999999774e-01,0.000000000000000000e+00
1.299668508287292745e+00,-2.869999999999999774e-01,0.000000000000000000e+00
1.302171270718232243e+00,-2.869999999999999774e-01,0.000000000000000000e+00
1.304674033149171297e+00,-2.869999999999999774e-01,0.000000000000000000e+00
1.307176795580110351e+00,-2.869999999999999774e-01,0.000000000000000000e+00
1.309679558011049849e+00,-2.869999999999999774e-01,0.000000000000000000e+00
1.312182320441988903e+00,-2.869999999999999774e-01,0.000000000000000000e+00
1.314685082872927957e+00,-2.869999999999999774e-01,0.000000000000000000e+00
1.317187845303867455e+00,-2.869999999999999774e-01,0.000000000000000000e+00
1.319690607734806509e+00,-2.869999999999999774e-01,0.000000000000000000e+00
1.322193370165746007e+00,-2.869999999999999774e-01,0.000000000000000000e+00
1.324696132596685061e+00,-2.869999999999999774e-01,0.000000000000000000e+00
1.327198895027624115e+00,-2.869999999999999774e-01,0.000000000000000000e+00
1.329701657458563613e+00,-2.869999999999999774e-01,0.000000000000000000e+00
1.332204419889502667e+00,-2.869999999999999774e-01,0.000000000000000000e+00
1.334707182320442165e+00,-2.869999999999999774e-01,0.000000000000000000e+00
1.337209944751381219e+00,-2.869999999999999774e-01,0.000000000000000000e+00
1.339712707182320273e+00,-2.869999999999999774e-01,0.000000000000000000e+00
1.342215469613259771e+00,-2.869999999999999774e-01,0.000000000000000000e+00
1.344718232044198825e+00,-2.869999999999999774e-01,0.000000000000000000e+00
1.347220994475138323e+00,-2.869999999999999774e-01,0.000000000000000000e+00
1.349723756906077377e+00,-2.869999999999999774e-01,0.000000000000000000e+00
1.352226519337016430e+00,-2.869999999999999774e-01,0.000000000000000000e+00
1.354729281767955928e+00,-2.869999999999999774e-01,0.000000000000000000e+00
1.357232044198894982e+00,-2.869999999999999774e-01,0.000000000000000000e+00
1.359734806629834036e+00,-2.869999999999999774e-01,0.000000000000000000e+00
1.362237569060773534e+00,-2.869999999999999774e-01,0.000000000000000000e+00
1.364740331491712588e+00,-2.869999999999999774e-01,0.000000000000000000e+00
1.367243093922652086e+00,-2.869999999999999774e-01,0.000000000000000000e+00
1.369745856353591140e+00,-2.869999999999999774e-01,0.000000000000000000e+00
1.372248618784530194e+00,-2.869999999999999774e-01,0.000000000000000000e+00
1.374751381215469692e+00,-2.869999999999999774e-01,0.000000000000000000e+00
1.377254143646408746e+00,-2.869999999999999774e-01,0.000000000000000000e+00
1.379756906077348244e+00,-2.869999999999999774e-01,0.000000000000000000e+00
1.382259668508287298e+00,-2.869999999999999774e-01,0.000000000000000000e+00
1.384762430939226352e+00,-2.869999999999999774e-01,0.000000000000000000e+00
1.387265193370165850e+00,-2.869999999999999774e-01,0.000000000000000000e+00
1.389767955801104904e+00,-2.869999999999999774e-01,0.000000000000000000e+00
1.392270718232044402e+00,-2.869999999999999774e-01,0.000000000000000000e+00
1.394773480662983456e+00,-2.869999999999999774e-01,0.000000000000000000e+00
1.397276243093922510e+00,-2.869999999999999774e-01,0.000000000000000000e+00
1.399779005524862008e+00,-2.869999999999999774e-01,0.000000000000000000e+00
1.402281767955801062e+00,-2.869999999999999774e-01,0.000000000000000000e+00
1.404784530386740116e+00,-2.869999999999999774e-01,0.000000000000000000e+00
1.407287292817679614e+00,-2.869999999999999774e-01,0.000000000000000000e+00
1.409790055248618668e+00,-2.869999999999999774e-01,0.000000000000000000e+00
1.412292817679558166e+00,-2.869999999999999774e-01,0.000000000000000000e+00
1.414795580110497220e+00,-2.869999999999999774e-01,0.000000000000000000e+00
1.417298342541436273e+00,-2.869999999999999774e-01,0.000000000000000000e+00
1.419801104972375771e+00,-2.869999999999999774e-01,0.000000000000000000e+00
1.422303867403314825e+00,-2.869999999999999774e-01,0.000000000000000000e+00
1.424806629834254323e+00,-2.869999999999999774e-01,0.000000000000000000e+00
1.427309392265193377e+00,-2.869999999999999774e-01,0.000000000000000000e+00
1.429812154696132431e+00,-2.869999999999999774e-01,0.000000000000000000e+00
1.432314917127071929e+00,-2.869999999999999774e-01,0.000000000000000000e+00
1.434817679558010983e+00,-2.869999999999999774e-01,0.000000000000000000e+00
1.437320441988950481e+00,-2.869999999999999774e-01,0.000000000000000000e+00
1.439823204419889535e+00,-2.869999999999999774e-01,0.000000000000000000e+00
1.442325966850828589e+00,-2.869999999999999774e-01,0.000000000000000000e+00
1.444828729281768087e+00,-2.869999999999999774e-01,0.000000000000000000e+00
1.447331491712707141e+00,-2.869999999999999774e-01,0.000000000000000000e+00
1.449834254143646195e+00,-2.869999999999999774e-01,0.000000000000000000e+00
1.452337016574585693e+00,-2.869999999999999774e-01,0.000000000000000000e+00
1.454839779005524747e+00,-2.869999999999999774e-01,0.000000000000000000e+00
1.457342541436464245e+00,-2.869999999999999774e-01,0.000000000000000000e+00
1.459845303867403299e+00,-2.869999999999999774e-01,0.000000000000000000e+00
1.462348066298342353e+00,-2.869999999999999774e-01,0.000000000000000000e+00
1.464850828729281851e+00,-2.869999999999999774e-01,0.000000000000000000e+00
1.467353591160220905e+00,-2.869999999999999774e-01,0.000000000000000000e+00
1.469856353591160403e+00,-2.869999999999999774e-01,0.000000000000000000e+00
1.472359116022099457e+00,-2.869999999999999774e-01,0.000000000000000000e+00
1.474861878453038511e+00,-2.869999999999999774e-01,0.000000000000000000e+00
1.477364640883978009e+00,-2.869999999999999774e-01,0.000000000000000000e+00
1.479867403314917063e+00,-2.869999999999999774e-01,0.000000000000000000e+00
1.482370165745856561e+00,-2.869999999999999774e-01,0.000000000000000000e+00
1.484872928176795615e+00,-2.869999999999999774e-01,0.000000000000000000e+00
1.487375690607734668e+00,-2.869999999999999774e-01,0.000000000000000000e+00
1.489878453038674166e+00,-2.869999999999999774e-01,0.000000000000000000e+00
1.492381215469613220e+00,-2.869999999999999774e-01,0.000000000000000000e+00
1.494883977900552274e+00,-2.869999999999999774e-01,0.000000000000000000e+00
1.497386740331491772e+00,-2.869999999999999774e-01,0.000000000000000000e+00
1.499889502762430826e+00,-2.869999999999999774e-01,0.000000000000000000e+00
1.502392265193370324e+00,-2.869999999999999774e-01,0.000000000000000000e+00
1.504895027624309378e+00,-2.869999999999999774e-01,0.000000000000000000e+00
1.507397790055248432e+00,-2.869999999999999774e-01,0.000000000000000000e+00
1.509900552486187930e+00,-2.869999999999999774e-01,0.000000000000000000e+00
1.512403314917126984e+00,-2.869999999999999774e-01,0.000000000000000000e+00
1.514906077348066482e+00,-2.869999999999999774e-01,0.000000000000000000e+00
1.517408839779005536e+00,-2.869999999999999774e-01,0.000000000000000000e+00
1.519911602209944590e+00,-2.869999999999999774e-01,0.000000000000000000e+00
1.522414364640884088e+00,-2.869999999999999774e-01,0.000000000000000000e+00
1.524917127071823142e+00,-2.869999999999999774e-01,0.000000000000000000e+00
1.527419889502762640e+00,-2.869999999999999774e-01,0.000000000000000000e+00
1.529922651933701694e+00,-2.869999999999999774e-01,0.000000000000000000e+00
1.532425414364640748e+00,-2.869999999999999774e-01,0.000000000000000000e+00
1.534928176795580246e+00,-2.869999999999999774e-01,0.000000000000000000e+00
1.537430939226519300e+00,-2.869999999999999774e-01,0.000000000000000000e+00
1.539933701657458354e+00,-2.869999999999999774e-01,0.000000000000000000e+00
1.542436464088397852e+00,-2.869999999999999774e-01,0.000000000000000000e+00
1.544939226519336906e+00,-2.869999999999999774e-01,0.000000000000000000e+00
1.547441988950276404e+00,-2.869999999999999774e-01,0.000000000000000000e+00
1.549944751381215458e+00,-2.869999999999999774e-01,0.000000000000000000e+00
1.552447513812154511e+00,-2.869999999999999774e-01,0.000000000000000000e+00
1.554950276243094009e+00,-2.869999999999999774e-01,0.000000000000000000e+00
1.557453038674033063e+00,-2.869999999999999774e-01,0.000000000000000000e+00
1.559955801104972561e+00,-2.869999999999999774e-01,0.000000000000000000e+00
1.562458563535911615e+00,-2.869999999999999774e-01,0.000000000000000000e+00
1.564961325966850669e+00,-2.869999999999999774e-01,0.000000000000000000e+00
1.567464088397790167e+00,-2.869999999999999774e-01,0.000000000000000000e+00
1.569966850828729221e+00,-2.869999999999999774e-01,0.000000000000000000e+00
1.572469613259668719e+00,-2.869999999999999774e-01,0.000000000000000000e+00
1.574972375690607773e+00,-2.869999999999999774e-01,0.000000000000000000e+00
1.577475138121546827e+00,-2.869999999999999774e-01,0.000000000000000000e+00
1.579977900552486325e+00,-2.869999999999999774e-01,0.000000000000000000e+00
1.582480662983425379e+00,-2.869999999999999774e-01,0.000000000000000000e+00
1.584983425414364433e+00,-2.869999999999999774e-01,0.000000000000000000e+00
1.587486187845303931e+00,-2.869999999999999774e-01,0.000000000000000000e+00
1.589988950276242985e+00,-2.869999999999999774e-01,0.000000000000000000e+00
1.592491712707182483e+00,-2.869999999999999774e-01,0.000000000000000000e+00
1.594994475138121537e+00,-2.869999999999999774e-01,0.000000000000000000e+00
1.597497237569060591e+00,-2.869999999999999774e-01,0.000000000000000000e+00
