-1.600000000000000089e+00,4.410000000000000031e-01,0.000000000000000000e+00
-1.597496632996633137e+00,4.410000000000000031e-01,0.000000000000000000e+00
-1.594993265993266185e+00,4.410000000000000031e-01,0.000000000000000000e+00
-1.592489898989899011e+00,4.410000000000000031e-01,0.000000000000000000e+00
-1.589986531986532059e+00,4.410000000000000031e-01,0.000000000000000000e+00
-1.587483164983165107e+00,4.410000000000000031e-01,0.000000000000000000e+00
-1.584979797979798155e+00,4.410000000000000031e-01,0.000000000000000000e+00
-1.582476430976430981e+00,4.410000000000000031e-01,0.000000000000000000e+00
-1.579973063973064029e+00,4.410000000000000031e-01,0.000000000000000000e+00
-1.577469696969697077e+00,4.410000000000000031e-01,0.000000000000000000e+00
-1.574966329966330125e+00,4.410000000000000031e-01,0.000000000000000000e+00
-1.572462962962962951e+00,4.410000000000000031e-01,0.000000000000000000e+00
-1.569959595959595999e+00,4.410000000000000031e-01,0.000000000000000000e+00
-1.567456228956229047e+00,4.410000000000000031e-01,0.000000000000000000e+00
-1.564952861952862095e+00,4.410000000000000031e-01,0.000000000000000000e+00
-1.562449494949495143e+00,4.410000000000000031e-01,0.000000000000000000e+00
-1.559946127946127969e+00,4.410000000000000031e-01,0.000000000000000000e+00
-1.557442760942761018e+00,4.410000000000000031e-01,0.000000000000000000e+00
-1.554939393939394066e+00,4.410000000000000031e-01,0.000000000000000000e+00
-1.552436026936027114e+00,4.410000000000000031e-01,0.000000000000000000e+00
-1.549932659932659940e+00,4.410000000000000031e-01,0.000000000000000000e+00
-1.547429292929292988e+00,4.410000000000000031e-01,0.000000000000000000e+00
-1.544925925925926036e+00,4.410000000000000031e-01,0.000000000000000000e+00
-1.542422558922559084e+00,4.410000000000000031e-01,0.000000000000000000e+00
-1.539919191919191910e+00,4.410000000000000031e-01,0.000000000000000000e+00
-1.537415824915824958e+00,4.410000000000000031e-01,0.000000000000000000e+00
-1.534912457912458006e+00,4.410000000000000031e-01,0.000000000000000000e+00
-1.532409090909091054e+00,4.410000000000000031e-01,0.000000000000000000e+00
-1.529905723905724102e+00,4.410000000000000031e-01,0.000000000000000000e+00
-1.527402356902356928e+00,4.410000000000000031e-01,0.000000000000000000e+00
-1.524898989898989976e+00,4.410000000000000031e-01,0.000000000000000000e+00
-1.522395622895623024e+00,4.410000000000000031e-01,0.000000000000000000e+00
-1.519892255892256072e+00,4.410000000000000031e-01,0.000000000000000000e+00
-1.517388888888888898e+00,4.410000000000000031e-01,0.000000000000000000e+00
-1.514885521885521946e+00,4.410000000000000031e-01,0.000000000000000000e+00
-1.512382154882154994e+00,4.410000000000000031e-01,0.000000000000000000e+00
-1.509878787878788042e+00,4.410000000000000031e-01,0.000000000000000000e+00
-1.507375420875420868e+00,4.410000000000000031e-01,0.000000000000000000e+00
-1.504872053872053916e+00,4.410000000000000031e-01,0.000000000000000000e+00
-1.502368686868686964e+00,4.410000000000000031e-01,0.000000000000000000e+00
-1.499865319865320012e+00,4.410000000000000031e-01,0.000000000000000000e+00
-1.497361952861953061e+00,4.410000000000000031e-01,0.000000000000000000e+00
-1.494858585858585887e+00,4.410000000000000031e-01,0.000000000000000000e+00
-1.492355218855218935e+00,4.410000000000000031e-01,0.000000000000000000e+00
-1.489851851851851983e+00,4.410000000000000031e-01,0.000000000000000000e+00
-1.487348484848485031e+00,4.410000000000000031e-01,0.000000000000000000e+00
-1.484845117845117857e+00,4.410000000000000031e-01,0.000000000000000000e+00
-1.482341750841750905e+00,4.410000000000000031e-01,0.000000000000000000e+00
-1.479838383838383953e+00,4.410000000000000031e-01,0.000000000000000000e+00
-1.477335016835017001e+00,4.410000000000000031e-01,0.000000000000000000e+00
-1.474831649831649827e+00,4.410000000000000031e-01,0.000000000000000000e+00
-1.472328282828282875e+00,4.410000000000000031e-01,0.000000000000000000e+00
-1.469824915824915923e+00,4.410000000000000031e-01,0.000000000000000000e+00
-1.467321548821548971e+00,4.410000000000000031e-01,0.000000000000000000e+00
-1.464818181818182019e+00,4.410000000000000031e-01,0.000000000000000000e+00
-1.462314814814814845e+00,4.410000000000000031e-01,0.000000000000000000e+00
-1.459811447811447893e+00,4.410000000000000031e-01,0.000000000000000000e+00
-1.457308080808080941e+00,4.410000000000000031e-01,0.000000000000000000e+00
-1.454804713804713767e+00,4.410000000000000031e-01,0.000000000000000000e+00
-1.452301346801346815e+00,4.410000000000000031e-01,0.000000000000000000e+00
-1.449797979797979863e+00,4.410000000000000031e-01,0.000000000000000000e+00
-1.447294612794612911e+00,4.410000000000000031e-01,0.000000000000000000e+00
-1.444791245791245959e+00,4.410000000000000031e-01,0.000000000000000000e+00
-1.442287878787878785e+00,4.410000000000000031e-01,0.000000000000000000e+00
-1.439784511784511833e+00,4.410000000000000031e-01,0.000000000000000000e+00
-1.437281144781144882e+00,4.410000000000000031e-01,0.000000000000000000e+00
-1.434777777777777930e+00,4.410000000000000031e-01,0.000000000000000000e+00
-1.432274410774410756e+00,4.410000000000000031e-01,0.000000000000000000e+00
-1.429771043771043804e+00,4.410000000000000031e-01,0.000000000000000000e+00
-1.427267676767676852e+00,4.410000000000000031e-01,0.000000000000000000e+00
-1.424764309764309900e+00,4.410000000000000031e-01,0.000000000000000000e+00
-1.422260942760942726e+00,4.410000000000000031e-01,0.000000000000000000e+00
-1.419757575757575774e+00,4.410000000000000031e-01,0.000000000000000000e+00
-1.417254208754208822e+00,4.410000000000000031e-01,0.000000000000000000e+00
-1.414750841750841870e+00,4.410000000000000031e-01,0.000000000000000000e+00
-1.412247474747474918e+00,4.410000000000000031e-01,0.000000000000000000e+00
-1.409744107744107744e+00,4.410000000000000031e-01,0.000000000000000000e+00
-1.407240740740740792e+00,4.410000000000000031e-01,0.000000000000000000e+00
-1.404737373737373840e+00,4.410000000000000031e-01,0.000000000000000000e+00
-1.402234006734006888e+00,4.410000000000000031e-01,0.000000000000000000e+00
-1.399730639730639714e+00,4.410000000000000031e-01,0.000000000000000000e+00
-1.397227272727272762e+00,4.410000000000000031e-01,0.000000000000000000e+00
-1.394723905723905810e+00,4.410000000000000031e-01,0.000000000000000000e+00
-1.392220538720538858e+00,4.410000000000000031e-01,0.000000000000000000e+00
-1.389717171717171684e+00,4.410000000000000031e-01,0.000000000000000000e+00
-1.387213804713804732e+00,4.410000000000000031e-01,0.000000000000000000e+00
-1.384710437710437780e+00,4.410000000000000031e-01,0.000000000000000000e+00
-1.382207070707070828e+00,4.410000000000000031e-01,0.000000000000000000e+00
-1.379703703703703876e+00,4.410000000000000031e-01,0.000000000000000000e+00
-1.377200336700336702e+00,4.410000000000000031e-01,0.000000000000000000e+00
-1.374696969696969751e+00,4.410000000000000031e-01,0.000000000000000000e+00
-1.372193602693602799e+00,4.410000000000000031e-01,0.000000000000000000e+00
-1.369690235690235847e+00,4.410000000000000031e-01,0.000000000000000000e+00
-1.367186868686868673e+00,4.410000000000000031e-01,0.000000000000000000e+00
-1.364683501683501721e+00,4.410000000000000031e-01,0.000000000000000000e+00
-1.362180134680134769e+00,4.410000000000000031e-01,0.000000000000000000e+00
-1.359676767676767817e+00,4.410000000000000031e-01,0.000000000000000000e+00
-1.357173400673400643e+00,4.410000000000000031e-01,0.000000000000000000e+00
-1.354670033670033691e+00,4.410000000000000031e-01,0.000000000000000000e+00
-1.352166666666666739e+00,4.410000000000000031e-01,0.000000000000000000e+00
-1.349663299663299787e+00,4.410000000000000031e-01,0.000000000000000000e+00
-1.347159932659932835e+00,4.410000000000000031e-01,0.000000000000000000e+00
-1.344656565656565661e+00,4.410000000000000031e-01,0.000000000000000000e+00
-1.342153198653198709e+00,4.410000000000000031e-01,0.000000000000000000e+00
-1.339649831649831757e+00,4.410000000000000031e-01,0.000000000000000000e+00
-1.337146464646464583e+00,4.410000000000000031e-01,0.000000000000000000e+00
-1.334643097643097631e+00,4.410000000000000031e-01,0.000000000000000000e+00
-1.332139730639730679e+00,4.410000000000000031e-01,0.000000000000000000e+00
-1.329636363636363727e+00,4.410000000000000031e-01,0.000000000000000000e+00
-1.327132996632996775e+00,4.410000000000000031e-01,0.000000000000000000e+00
-1.324629629629629601e+00,4.410000000000000031e-01,0.000000000000000000e+00
-1.322126262626262649e+00,4.410000000000000031e-01,0.000000000000000000e+00
-1.319622895622895697e+00,4.410000000000000031e-01,0.000000000000000000e+00
-1.317119528619528745e+00,4.410000000000000031e-01,0.000000000000000000e+00
-1.314616161616161794e+00,4.410000000000000031e-01,0.000000000000000000e+00
-1.312112794612794620e+00,4.410000000000000031e-01,0.000000000000000000e+00
-1.309609427609427668e+00,4.410000000000000031e-01,0.000000000000000000e+00
-1.307106060606060716e+00,4.410000000000000031e-01,0.000000000000000000e+00
-1.304602693602693542e+00,4.410000000000000031e-01,0.000000000000000000e+00
-1.302099326599326590e+00,4.410000000000000031e-01,0.000000000000000000e+00
-1.299595959595959638e+00,4.410000000000000031e-01,0.000000000000000000e+00
-1.297092592592592686e+00,4.410000000000000031e-01,0.000000000000000000e+00
-1.294589225589225734e+00,4.410000000000000031e-01,0.000000000000000000e+00
-1.292085858585858560e+00,4.410000000000000031e-01,0.000000000000000000e+00
-1.289582491582491608e+00,4.410000000000000031e-01,0.000000000000000000e+00
-1.287079124579124656e+00,4.410000000000000031e-01,0.000000000000000000e+00
-1.284575757575757704e+00,4.410000000000000031e-01,0.000000000000000000e+00
-1.282072390572390752e+00,4.410000000000000031e-01,0.000000000000000000e+00
-1.279569023569023578e+00,4.410000000000000031e-01,0.000000000000000000e+00
-1.277065656565656626e+00,4.410000000000000031e-01,0.000000000000000000e+00
-1.274562289562289674e+00,4.410000000000000031e-01,0.000000000000000000e+00
-1.272058922558922500e+00,4.410000000000000031e-01,0.000000000000000000e+00
-1.269555555555555548e+00,4.410000000000000031e-01,0.000000000000000000e+00
-1.267052188552188596e+00,4.410000000000000031e-01,0.000000000000000000e+00
-1.264548821548821644e+00,4.410000000000000031e-01,0.000000000000000000e+00
-1.262045454545454692e+00,4.410000000000000031e-01,0.000000000000000000e+00
-1.259542087542087518e+00,4.410000000000000031e-01,0.000000000000000000e+00
-1.257038720538720566e+00,4.410000000000000031e-01,0.000000000000000000e+00
-1.254535353535353615e+00,4.410000000000000031e-01,0.000000000000000000e+00
-1.252031986531986663e+00,4.410000000000000031e-01,0.000000000000000000e+00
-1.249528619528619711e+00,4.410000000000000031e-01,0.000000000000000000e+00
-1.247025252525252537e+00,4.410000000000000031e-01,0.000000000000000000e+00
-1.244521885521885585e+00,4.410000000000000031e-01,0.000000000000000000e+00
-1.242018518518518633e+00,4.410000000000000031e-01,0.000000000000000000e+00
-1.239515151515151459e+00,4.410000000000000031e-01,0.000000000000000000e+00
-1.237011784511784507e+00,4.410000000000000031e-01,0.000000000000000000e+00
-1.234508417508417555e+00,4.410000000000000031e-01,0.000000000000000000e+00
-1.232005050505050603e+00,4.410000000000000031e-01,0.000000000000000000e+00
-1.229501683501683651e+00,4.410000000000000031e-01,0.000000000000000000e+00
-1.226998316498316477e+00,4.410000000000000031e-01,0.000000000000000000e+00
-1.224494949494949525e+00,4.410000000000000031e-01,0.000000000000000000e+00
-1.221991582491582573e+00,4.410000000000000031e-01,0.000000000000000000e+00
-1.219488215488215621e+00,4.410000000000000031e-01,0.000000000000000000e+00
-1.216984848484848669e+00,4.410000000000000031e-01,0.000000000000000000e+00
-1.214481481481481495e+00,4.410000000000000031e-01,0.000000000000000000e+00
-1.211978114478114543e+00,4.410000000000000031e-01,0.000000000000000000e+00
-1.209474747474747591e+00,4.410000000000000031e-01,0.000000000000000000e+00
-1.206971380471380417e+00,4.410000000000000031e-01,0.000000000000000000e+00
-1.204468013468013465e+00,4.410000000000000031e-01,0.000000000000000000e+00
-1.201964646464646513e+00,4.410000000000000031e-01,0.000000000000000000e+00
-1.199461279461279561e+00,4.410000000000000031e-01,0.000000000000000000e+00
-1.196957912457912609e+00,4.410000000000000031e-01,0.000000000000000000e+00
-1.194454545454545435e+00,4.410000000000000031e-01,0.000000000000000000e+00
-1.191951178451178484e+00,4.410000000000000031e-01,0.000000000000000000e+00
-1.189447811447811532e+00,4.410000000000000031e-01,0.000000000000000000e+00
-1.186944444444444580e+00,4.410000000000000031e-01,0.000000000000000000e+00
-1.184441077441077628e+00,4.410000000000000031e-01,0.000000000000000000e+00
-1.181937710437710454e+00,4.410000000000000031e-01,0.000000000000000000e+00
-1.179434343434343502e+00,4.410000000000000031e-01,0.000000000000000000e+00
-1.176930976430976550e+00,4.410000000000000031e-01,0.000000000000000000e+00
-1.174427609427609376e+00,4.410000000000000031e-01,0.000000000000000000e+00
-1.171924242424242424e+00,4.410000000000000031e-01,0.000000000000000000e+00
-1.169420875420875472e+00,4.410000000000000031e-01,0.000000000000000000e+00
-1.166917508417508520e+00,4.410000000000000031e-01,0.000000000000000000e+00
-1.164414141414141568e+00,4.410000000000000031e-01,0.000000000000000000e+00
-1.161910774410774394e+00,4.410000000000000031e-01,0.000000000000000000e+00
-1.159407407407407442e+00,4.410000000000000031e-01,0.000000000000000000e+00
-1.156904040404040490e+00,4.410000000000000031e-01,0.000000000000000000e+00
-1.154400673400673538e+00,4.410000000000000031e-01,0.000000000000000000e+00
-1.151897306397306586e+00,4.410000000000000031e-01,0.000000000000000000e+00
-1.149393939393939412e+00,4.410000000000000031e-01,0.000000000000000000e+00
-1.146890572390572460e+00,4.410000000000000031e-01,0.000000000000000000e+00
-1.144387205387205508e+00,4.410000000000000031e-01,0.000000000000000000e+00
-1.141883838383838334e+00,4.410000000000000031e-01,0.000000000000000000e+00
-1.139380471380471382e+00,4.410000000000000031e-01,0.000000000000000000e+00
-1.136877104377104430e+00,4.410000000000000031e-01,0.000000000000000000e+00
-1.134373737373737479e+00,4.410000000000000031e-01,0.000000000000000000e+00
-1.131870370370370527e+00,4.410000000000000031e-01,0.000000000000000000e+00
-1.129367003367003353e+00,4.410000000000000031e-01,0.000000000000000000e+00
-1.126863636363636401e+00,4.410000000000000031e-01,0.000000000000000000e+00
-1.124360269360269449e+00,4.410000000000000031e-01,0.000000000000000000e+00
-1.121856902356902275e+00,4.410000000000000031e-01,0.000000000000000000e+00
-1.119353535353535545e+00,4.410000000000000031e-01,0.000000000000000000e+00
-1.116850168350168371e+00,4.410000000000000031e-01,0.000000000000000000e+00
-1.114346801346801419e+00,4.410000000000000031e-01,0.000000000000000000e+00
-1.111843434343434467e+00,4.410000000000000031e-01,0.000000000000000000e+00
-1.109340067340067293e+00,4.410000000000000031e-01,0.000000000000000000e+00
-1.106836700336700341e+00,4.410000000000000031e-01,0.000000000000000000e+00
-1.104333333333333389e+00,4.410000000000000031e-01,0.000000000000000000e+00
-1.101829966329966437e+00,4.410000000000000031e-01,0.000000000000000000e+00
-1.099326599326599485e+00,4.410000000000000031e-01,0.000000000000000000e+00
-1.096823232323232311e+00,4.410000000000000031e-01,0.000000000000000000e+00
-1.094319865319865359e+00,4.410000000000000031e-01,0.000000000000000000e+00
-1.091816498316498407e+00,4.410000000000000031e-01,0.000000000000000000e+00
-1.089313131313131233e+00,4.410000000000000031e-01,0.000000000000000000e+00
-1.086809764309764503e+00,4.410000000000000031e-01,0.000000000000000000e+00
-1.084306397306397329e+00,4.410000000000000031e-01,0.000000000000000000e+00
-1.081803030303030377e+00,4.410000000000000031e-01,0.000000000000000000e+00
-1.079299663299663425e+00,4.410000000000000031e-01,0.000000000000000000e+00
-1.076796296296296251e+00,4.410000000000000031e-01,0.000000000000000000e+00
-1.074292929292929299e+00,4.410000000000000031e-01,0.000000000000000000e+00
-1.071789562289562348e+00,4.410000000000000031e-01,0.000000000000000000e+00
-1.069286195286195174e+00,4.410000000000000031e-01,0.000000000000000000e+00
-1.066782828282828444e+00,4.410000000000000031e-01,0.000000000000000000e+00
-1.064279461279461270e+00,4.410000000000000031e-01,0.000000000000000000e+00
-1.061776094276094318e+00,4.410000000000000031e-01,0.000000000000000000e+00
-1.059272727272727366e+00,4.410000000000000031e-01,0.000000000000000000e+00
-1.056769360269360192e+00,4.410000000000000031e-01,0.000000000000000000e+00
-1.054265993265993462e+00,4.410000000000000031e-01,0.000000000000000000e+00
-1.051762626262626288e+00,4.410000000000000031e-01,0.000000000000000000e+00
-1.049259259259259336e+00,4.410000000000000031e-01,0.000000000000000000e+00
-1.046755892255892384e+00,4.410000000000000031e-01,0.000000000000000000e+00
-1.044252525252525210e+00,4.410000000000000031e-01,0.000000000000000000e+00
-1.041749158249158258e+00,4.410000000000000031e-01,0.000000000000000000e+00
-1.039245791245791306e+00,4.410000000000000031e-01,0.000000000000000000e+00
-1.036742424242424132e+00,4.410000000000000031e-01,0.000000000000000000e+00
-1.034239057239057402e+00,4.410000000000000031e-01,0.000000000000000000e+00
-1.031735690235690228e+00,4.410000000000000031e-01,0.000000000000000000e+00
-1.029232323232323276e+00,4.410000000000000031e-01,0.000000000000000000e+00
-1.026728956228956324e+00,4.410000000000000031e-01,0.000000000000000000e+00
-1.024225589225589150e+00,4.410000000000000031e-01,0.000000000000000000e+00
-1.021722222222222420e+00,4.410000000000000031e-01,0.000000000000000000e+00
-1.019218855218855246e+00,4.410000000000000031e-01,0.000000000000000000e+00
-1.016715488215488294e+00,4.410000000000000031e-01,0.000000000000000000e+00
-1.014212121212121342e+00,4.410000000000000031e-01,0.000000000000000000e+00
-1.011708754208754169e+00,4.410000000000000031e-01,0.000000000000000000e+00
-1.009205387205387217e+00,4.410000000000000031e-01,0.000000000000000000e+00
-1.006702020202020265e+00,4.410000000000000031e-01,0.000000000000000000e+00
-1.004198653198653091e+00,4.410000000000000031e-01,0.000000000000000000e+00
-1.001695286195286361e+00,4.410000000000000031e-01,0.000000000000000000e+00
-9.991919191919191867e-01,4.410000000000000031e-01,0.000000000000000000e+00
-9.966885521885522348e-01,4.410000000000000031e-01,0.000000000000000000e+00
-9.941851851851852828e-01,4.410000000000000031e-01,0.000000000000000000e+00
-9.916818181818182198e-01,4.410000000000000031e-01,0.000000000000000000e+00
-9.891784511784512679e-01,4.410000000000000031e-01,0.000000000000000000e+00
-9.866750841750842049e-01,4.410000000000000031e-01,0.000000000000000000e+00
-9.841717171717172530e-01,4.410000000000000031e-01,0.000000000000000000e+00
-9.816683501683501900e-01,4.410000000000000031e-01,0.000000000000000000e+00
-9.791649831649832381e-01,4.410000000000000031e-01,0.000000000000000000e+00
-9.766616161616161751e-01,4.410000000000000031e-01,0.000000000000000000e+00
-9.741582491582492231e-01,4.410000000000000031e-01,0.000000000000000000e+00
-9.716548821548821602e-01,4.410000000000000031e-01,0.000000000000000000e+00
-9.691515151515152082e-01,4.410000000000000031e-01,0.000000000000000000e+00
-9.666481481481481453e-01,4.410000000000000031e-01,0.000000000000000000e+00
-9.641447811447811933e-01,4.410000000000000031e-01,0.000000000000000000e+00
-9.616414141414141303e-01,4.410000000000000031e-01,0.000000000000000000e+00
-9.591380471380471784e-01,4.410000000000000031e-01,0.000000000000000000e+00
-9.566346801346802264e-01,4.410000000000000031e-01,0.000000000000000000e+00
-9.541313131313131635e-01,4.410000000000000031e-01,0.000000000000000000e+00
-9.516279461279462115e-01,4.410000000000000031e-01,0.000000000000000000e+00
-9.491245791245791485e-01,4.410000000000000031e-01,0.000000000000000000e+00
-9.466212121212121966e-01,4.410000000000000031e-01,0.000000000000000000e+00
-9.441178451178451336e-01,4.410000000000000031e-01,0.000000000000000000e+00
-9.416144781144781817e-01,4.410000000000000031e-01,0.000000000000000000e+00
-9.391111111111111187e-01,4.410000000000000031e-01,0.000000000000000000e+00
-9.366077441077441668e-01,4.410000000000000031e-01,0.000000000000000000e+00
-9.341043771043771038e-01,4.410000000000000031e-01,0.000000000000000000e+00
-9.316010101010101518e-01,4.410000000000000031e-01,0.000000000000000000e+00
-9.290976430976430889e-01,4.410000000000000031e-01,0.000000000000000000e+00
-9.265942760942761369e-01,4.410000000000000031e-01,0.000000000000000000e+00
-9.240909090909090740e-01,4.410000000000000031e-01,0.000000000000000000e+00
-9.215875420875421220e-01,4.410000000000000031e-01,0.000000000000000000e+00
-9.190841750841751701e-01,4.410000000000000031e-01,0.000000000000000000e+00
-9.165808080808081071e-01,4.410000000000000031e-01,0.000000000000000000e+00
-9.140774410774411551e-01,4.410000000000000031e-01,0.000000000000000000e+00
-9.115740740740740922e-01,4.410000000000000031e-01,0.000000000000000000e+00
-9.090707070707071402e-01,4.410000000000000031e-01,0.000000000000000000e+00
-9.065673400673400772e-01,4.410000000000000031e-01,0.000000000000000000e+00
-9.040639730639731253e-01,4.410000000000000031e-01,0.000000000000000000e+00
-9.015606060606060623e-01,4.410000000000000031e-01,0.000000000000000000e+00
-8.990572390572391104e-01,4.410000000000000031e-01,0.000000000000000000e+00
-8.965538720538720474e-01,4.410000000000000031e-01,0.000000000000000000e+00
-8.940505050505050955e-01,4.410000000000000031e-01,0.000000000000000000e+00
-8.915471380471380325e-01,4.410000000000000031e-01,0.000000000000000000e+00
-8.890437710437710805e-01,4.410000000000000031e-01,0.000000000000000000e+00
-8.865404040404041286e-01,4.410000000000000031e-01,0.000000000000000000e+00
-8.840370370370370656e-01,4.410000000000000031e-01,0.000000000000000000e+00
-8.815336700336701137e-01,4.410000000000000031e-01,0.000000000000000000e+00
-8.790303030303030507e-01,4.410000000000000031e-01,0.000000000000000000e+00
-8.765269360269360988e-01,4.410000000000000031e-01,0.000000000000000000e+00
-8.740235690235690358e-01,4.410000000000000031e-01,0.000000000000000000e+00
-8.715202020202020838e-01,4.410000000000000031e-01,0.000000000000000000e+00
-8.690168350168350209e-01,4.410000000000000031e-01,0.000000000000000000e+00
-8.665134680134680689e-01,4.410000000000000031e-01,0.000000000000000000e+00
-8.640101010101010059e-01,4.410000000000000031e-01,0.000000000000000000e+00
-8.615067340067340540e-01,4.410000000000000031e-01,0.000000000000000000e+00
-8.590033670033669910e-01,4.410000000000000031e-01,0.000000000000000000e+00
-8.565000000000000391e-01,4.410000000000000031e-01,0.000000000000000000e+00
-8.539966329966329761e-01,4.410000000000000031e-01,0.000000000000000000e+00
-8.514932659932660242e-01,4.410000000000000031e-01,0.000000000000000000e+00
-8.489898989898990722e-01,4.410000000000000031e-01,0.000000000000000000e+00
-8.464865319865320092e-01,4.410000000000000031e-01,0.000000000000000000e+00
-8.439831649831650573e-01,4.410000000000000031e-01,0.000000000000000000e+00
-8.414797979797979943e-01,4.410000000000000031e-01,0.000000000000000000e+00
-8.389764309764310424e-01,4.410000000000000031e-01,0.000000000000000000e+00
-8.364730639730639794e-01,4.410000000000000031e-01,0.000000000000000000e+00
-8.339696969696970275e-01,4.410000000000000031e-01,0.000000000000000000e+00
-8.314663299663299645e-01,4.410000000000000031e-01,0.000000000000000000e+00
-8.289629629629630125e-01,4.410000000000000031e-01,0.000000000000000000e+00
-8.264595959595959496e-01,4.410000000000000031e-01,0.000000000000000000e+00
-8.239562289562289976e-01,4.410000000000000031e-01,0.000000000000000000e+00
-8.214528619528619346e-01,4.410000000000000031e-01,0.000000000000000000e+00
-8.189494949494949827e-01,4.410000000000000031e-01,0.000000000000000000e+00
-8.164461279461280308e-01,4.410000000000000031e-01,0.000000000000000000e+00
-8.139427609427609678e-01,4.410000000000000031e-01,0.000000000000000000e+00
-8.114393939393940158e-01,4.410000000000000031e-01,0.000000000000000000e+00
-8.089360269360269529e-01,4.410000000000000031e-01,0.000000000000000000e+00
-8.064326599326600009e-01,4.410000000000000031e-01,0.000000000000000000e+00
-8.039292929292929379e-01,4.410000000000000031e-01,0.000000000000000000e+00
-8.014259259259259860e-01,4.410000000000000031e-01,0.000000000000000000e+00
-7.989225589225589230e-01,4.410000000000000031e-01,0.000000000000000000e+00
-7.964191919191919711e-01,4.410000000000000031e-01,0.000000000000000000e+00
-7.939158249158249081e-01,4.410000000000000031e-01,0.000000000000000000e+00
-7.914124579124579562e-01,4.410000000000000031e-01,0.000000000000000000e+00
-7.889090909090908932e-01,4.410000000000000031e-01,0.000000000000000000e+00
-7.864057239057239412e-01,4.410000000000000031e-01,0.000000000000000000e+00
-7.839023569023568783e-01,4.410000000000000031e-01,0.000000000000000000e+00
-7.813989898989899263e-01,4.410000000000000031e-01,0.000000000000000000e+00
-7.788956228956229744e-01,4.410000000000000031e-01,0.000000000000000000e+00
-7.763922558922559114e-01,4.410000000000000031e-01,0.000000000000000000e+00
-7.738888888888889594e-01,4.410000000000000031e-01,0.000000000000000000e+00
-7.713855218855218965e-01,4.410000000000000031e-01,0.000000000000000000e+00
-7.688821548821549445e-01,4.410000000000000031e-01,0.000000000000000000e+00
-7.663787878787878816e-01,4.410000000000000031e-01,0.000000000000000000e+00
-7.638754208754209296e-01,4.410000000000000031e-01,0.000000000000000000e+00
-7.613720538720538666e-01,4.410000000000000031e-01,0.000000000000000000e+00
-7.588686868686869147e-01,4.410000000000000031e-01,0.000000000000000000e+00
-7.563653198653198517e-01,4.410000000000000031e-01,0.000000000000000000e+00
-7.538619528619528998e-01,4.410000000000000031e-01,0.000000000000000000e+00
-7.513585858585858368e-01,4.410000000000000031e-01,0.000000000000000000e+00
-7.488552188552188849e-01,4.410000000000000031e-01,0.000000000000000000e+00
-7.463518518518518219e-01,4.410000000000000031e-01,0.000000000000000000e+00
-7.438484848484848699e-01,4.410000000000000031e-01,0.000000000000000000e+00
-7.413451178451179180e-01,4.410000000000000031e-01,0.000000000000000000e+00
-7.388417508417508550e-01,4.410000000000000031e-01,0.000000000000000000e+00
-7.363383838383839031e-01,4.410000000000000031e-01,0.000000000000000000e+00
-7.338350168350168401e-01,4.410000000000000031e-01,0.000000000000000000e+00
-7.313316498316498881e-01,4.410000000000000031e-01,0.000000000000000000e+00
-7.288282828282828252e-01,4.410000000000000031e-01,0.000000000000000000e+00
-7.263249158249158732e-01,4.410000000000000031e-01,0.000000000000000000e+00
-7.238215488215488103e-01,4.410000000000000031e-01,0.000000000000000000e+00
-7.213181818181818583e-01,4.410000000000000031e-01,0.000000000000000000e+00
-7.188148148148147953e-01,4.410000000000000031e-01,0.000000000000000000e+00
-7.163114478114478434e-01,4.410000000000000031e-01,0.000000000000000000e+00
-7.138080808080807804e-01,4.410000000000000031e-01,0.000000000000000000e+00
-7.113047138047138285e-01,4.410000000000000031e-01,0.000000000000000000e+00
-7.088013468013468765e-01,4.410000000000000031e-01,0.000000000000000000e+00
-7.062979797979798136e-01,4.410000000000000031e-01,0.000000000000000000e+00
-7.037946127946128616e-01,4.410000000000000031e-01,0.000000000000000000e+00
-7.012912457912457986e-01,4.410000000000000031e-01,0.000000000000000000e+00
-6.987878787878788467e-01,4.410000000000000031e-01,0.000000000000000000e+00
-6.962845117845117837e-01,4.410000000000000031e-01,0.000000000000000000e+00
-6.937811447811448318e-01,4.410000000000000031e-01,0.000000000000000000e+00
-6.912777777777777688e-01,4.410000000000000031e-01,0.000000000000000000e+00
-6.887744107744108168e-01,4.410000000000000031e-01,0.000000000000000000e+00
-6.862710437710437539e-01,4.410000000000000031e-01,0.000000000000000000e+00
-6.837676767676768019e-01,4.410000000000000031e-01,0.000000000000000000e+00
-6.812643097643097390e-01,4.410000000000000031e-01,0.000000000000000000e+00
-6.787609427609427870e-01,4.410000000000000031e-01,0.000000000000000000e+00
-6.762575757575757240e-01,4.410000000000000031e-01,0.000000000000000000e+00
-6.737542087542087721e-01,4.410000000000000031e-01,0.000000000000000000e+00
-6.712508417508418201e-01,4.410000000000000031e-01,0.000000000000000000e+00
-6.687474747474747572e-01,4.410000000000000031e-01,0.000000000000000000e+00
-6.662441077441078052e-01,4.410000000000000031e-01,0.000000000000000000e+00
-6.637407407407407423e-01,4.410000000000000031e-01,0.000000000000000000e+00
-6.612373737373737903e-01,4.410000000000000031e-01,0.000000000000000000e+00
-6.587340067340067273e-01,4.410000000000000031e-01,0.000000000000000000e+00
-6.562306397306397754e-01,4.410000000000000031e-01,0.000000000000000000e+00
-6.537272727272727124e-01,4.410000000000000031e-01,0.000000000000000000e+00
-6.512239057239057605e-01,4.410000000000000031e-01,0.000000000000000000e+00
-6.487205387205386975e-01,4.410000000000000031e-01,0.000000000000000000e+00
-6.462171717171717455e-01,4.410000000000000031e-01,0.000000000000000000e+00
-6.437138047138046826e-01,4.410000000000000031e-01,0.000000000000000000e+00
-6.412104377104377306e-01,4.410000000000000031e-01,0.000000000000000000e+00
-6.387070707070707787e-01,4.410000000000000031e-01,0.000000000000000000e+00
-6.362037037037037157e-01,4.410000000000000031e-01,0.000000000000000000e+00
-6.337003367003367638e-01,4.410000000000000031e-01,0.000000000000000000e+00
-6.311969696969697008e-01,4.410000000000000031e-01,0.000000000000000000e+00
-6.286936026936027488e-01,4.410000000000000031e-01,0.000000000000000000e+00
-6.261902356902356859e-01,4.410000000000000031e-01,0.000000000000000000e+00
-6.236868686868687339e-01,4.410000000000000031e-01,0.000000000000000000e+00
-6.211835016835016710e-01,4.410000000000000031e-01,0.000000000000000000e+00
-6.186801346801347190e-01,4.410000000000000031e-01,0.000000000000000000e+00
-6.161767676767676560e-01,4.410000000000000031e-01,0.000000000000000000e+00
-6.136734006734007041e-01,4.410000000000000031e-01,0.000000000000000000e+00
-6.111700336700336411e-01,4.410000000000000031e-01,0.000000000000000000e+00
-6.086666666666666892e-01,4.410000000000000031e-01,0.000000000000000000e+00
-6.061632996632996262e-01,4.410000000000000031e-01,0.000000000000000000e+00
-6.036599326599326742e-01,4.410000000000000031e-01,0.000000000000000000e+00
-6.011565656565657223e-01,4.410000000000000031e-01,0.000000000000000000e+00
-5.986531986531986593e-01,4.410000000000000031e-01,0.000000000000000000e+00
-5.961498316498317074e-01,4.410000000000000031e-01,0.000000000000000000e+00
-5.936464646464647554e-01,4.410000000000000031e-01,0.000000000000000000e+00
-5.911430976430975814e-01,4.410000000000000031e-01,0.000000000000000000e+00
-5.886397306397306295e-01,4.410000000000000031e-01,0.000000000000000000e+00
-5.861363636363636775e-01,4.410000000000000031e-01,0.000000000000000000e+00
-5.836329966329967256e-01,4.410000000000000031e-01,0.000000000000000000e+00
-5.811296296296295516e-01,4.410000000000000031e-01,0.000000000000000000e+00
-5.786262626262625997e-01,4.410000000000000031e-01,0.000000000000000000e+00
-5.761228956228956477e-01,4.410000000000000031e-01,0.000000000000000000e+00
-5.736195286195286958e-01,4.410000000000000031e-01,0.000000000000000000e+00
-5.711161616161615218e-01,4.410000000000000031e-01,0.000000000000000000e+00
-5.686127946127945698e-01,4.410000000000000031e-01,0.000000000000000000e+00
-5.661094276094276179e-01,4.410000000000000031e-01,0.000000000000000000e+00
-5.636060606060606659e-01,4.410000000000000031e-01,0.000000000000000000e+00
-5.611026936026937140e-01,4.410000000000000031e-01,0.000000000000000000e+00
-5.585993265993265400e-01,4.410000000000000031e-01,0.000000000000000000e+00
-5.560959595959595880e-01,4.410000000000000031e-01,0.000000000000000000e+00
-5.535925925925926361e-01,4.410000000000000031e-01,0.000000000000000000e+00
-5.510892255892256841e-01,4.410000000000000031e-01,0.000000000000000000e+00
-5.485858585858585101e-01,4.410000000000000031e-01,0.000000000000000000e+00
-5.460824915824915582e-01,4.410000000000000031e-01,0.000000000000000000e+00
-5.435791245791246062e-01,4.410000000000000031e-01,0.000000000000000000e+00
-5.410757575757576543e-01,4.410000000000000031e-01,0.000000000000000000e+00
-5.385723905723904803e-01,4.410000000000000031e-01,0.000000000000000000e+00
-5.360690235690235284e-01,4.410000000000000031e-01,0.000000000000000000e+00
-5.335656565656565764e-01,4.410000000000000031e-01,0.000000000000000000e+00
-5.310622895622896245e-01,4.410000000000000031e-01,0.000000000000000000e+00
-5.285589225589226725e-01,4.410000000000000031e-01,0.000000000000000000e+00
-5.260555555555554985e-01,4.410000000000000031e-01,0.000000000000000000e+00
-5.235521885521885466e-01,4.410000000000000031e-01,0.000000000000000000e+00
-5.210488215488215946e-01,4.410000000000000031e-01,0.000000000000000000e+00
-5.185454545454546427e-01,4.410000000000000031e-01,0.000000000000000000e+00
-5.160420875420874687e-01,4.410000000000000031e-01,0.000000000000000000e+00
-5.135387205387205167e-01,4.410000000000000031e-01,0.000000000000000000e+00
-5.110353535353535648e-01,4.410000000000000031e-01,0.000000000000000000e+00
-5.085319865319866128e-01,4.410000000000000031e-01,0.000000000000000000e+00
-5.060286195286194388e-01,4.410000000000000031e-01,0.000000000000000000e+00
-5.035252525252524869e-01,4.410000000000000031e-01,0.000000000000000000e+00
-5.010218855218855349e-01,4.410000000000000031e-01,0.000000000000000000e+00
-4.985185185185185830e-01,4.410000000000000031e-01,0.000000000000000000e+00
-4.960151515151516310e-01,4.410000000000000031e-01,0.000000000000000000e+00
-4.935117845117844571e-01,4.410000000000000031e-01,0.000000000000000000e+00
-4.910084175084175051e-01,4.410000000000000031e-01,0.000000000000000000e+00
-4.885050505050505532e-01,4.410000000000000031e-01,0.000000000000000000e+00
-4.860016835016836012e-01,4.410000000000000031e-01,0.000000000000000000e+00
-4.834983164983164272e-01,4.410000000000000031e-01,0.000000000000000000e+00
-4.809949494949494753e-01,4.410000000000000031e-01,0.000000000000000000e+00
-4.784915824915825233e-01,4.410000000000000031e-01,0.000000000000000000e+00
-4.759882154882155714e-01,4.410000000000000031e-01,0.000000000000000000e+00
-4.734848484848483974e-01,4.410000000000000031e-01,0.000000000000000000e+00
-4.709814814814814454e-01,4.410000000000000031e-01,0.000000000000000000e+00
-4.684781144781144935e-01,4.410000000000000031e-01,0.000000000000000000e+00
-4.659747474747475415e-01,4.410000000000000031e-01,0.000000000000000000e+00
-4.634713804713803675e-01,4.410000000000000031e-01,0.000000000000000000e+00
-4.609680134680134156e-01,4.410000000000000031e-01,0.000000000000000000e+00
-4.584646464646464636e-01,4.410000000000000031e-01,0.000000000000000000e+00
-4.559612794612795117e-01,4.410000000000000031e-01,0.000000000000000000e+00
-4.534579124579125597e-01,4.410000000000000031e-01,0.000000000000000000e+00
-4.509545454545453858e-01,4.410000000000000031e-01,0.000000000000000000e+00
-4.484511784511784338e-01,4.410000000000000031e-01,0.000000000000000000e+00
-4.459478114478114819e-01,4.410000000000000031e-01,0.000000000000000000e+00
-4.434444444444445299e-01,4.410000000000000031e-01,0.000000000000000000e+00
-4.409410774410773559e-01,4.410000000000000031e-01,0.000000000000000000e+00
-4.384377104377104040e-01,4.410000000000000031e-01,0.000000000000000000e+00
-4.359343434343434520e-01,4.410000000000000031e-01,0.000000000000000000e+00
-4.334309764309765001e-01,4.410000000000000031e-01,0.000000000000000000e+00
-4.309276094276093261e-01,4.410000000000000031e-01,0.000000000000000000e+00
-4.284242424242423741e-01,4.410000000000000031e-01,0.000000000000000000e+00
-4.259208754208754222e-01,4.410000000000000031e-01,0.000000000000000000e+00
-4.234175084175084702e-01,4.410000000000000031e-01,0.000000000000000000e+00
-4.209141414141415183e-01,4.410000000000000031e-01,0.000000000000000000e+00
-4.184107744107743443e-01,4.410000000000000031e-01,0.000000000000000000e+00
-4.159074074074073923e-01,4.410000000000000031e-01,0.000000000000000000e+00
-4.134040404040404404e-01,4.410000000000000031e-01,0.000000000000000000e+00
-4.109006734006734884e-01,4.410000000000000031e-01,0.000000000000000000e+00
-4.083973063973063145e-01,4.410000000000000031e-01,0.000000000000000000e+00
-4.058939393939393625e-01,4.410000000000000031e-01,0.000000000000000000e+00
-4.033905723905724106e-01,4.410000000000000031e-01,0.000000000000000000e+00
-4.008872053872054586e-01,4.410000000000000031e-01,0.000000000000000000e+00
-3.983838383838382846e-01,4.410000000000000031e-01,0.000000000000000000e+00
-3.958804713804713327e-01,4.410000000000000031e-01,0.000000000000000000e+00
-3.933771043771043807e-01,4.410000000000000031e-01,0.000000000000000000e+00
-3.908737373737374288e-01,4.410000000000000031e-01,0.000000000000000000e+00
-3.883703703703704768e-01,4.410000000000000031e-01,0.000000000000000000e+00
-3.858670033670033028e-01,4.410000000000000031e-01,0.000000000000000000e+00
-3.833636363636363509e-01,4.410000000000000031e-01,0.000000000000000000e+00
-3.808602693602693989e-01,4.410000000000000031e-01,0.000000000000000000e+00
-3.783569023569024470e-01,4.410000000000000031e-01,0.000000000000000000e+00
-3.758535353535352730e-01,4.410000000000000031e-01,0.000000000000000000e+00
-3.733501683501683210e-01,4.410000000000000031e-01,0.000000000000000000e+00
-3.708468013468013691e-01,4.410000000000000031e-01,0.000000000000000000e+00
-3.683434343434344171e-01,4.410000000000000031e-01,0.000000000000000000e+00
-3.658400673400672432e-01,4.410000000000000031e-01,0.000000000000000000e+00
-3.633367003367002912e-01,4.410000000000000031e-01,0.000000000000000000e+00
-3.608333333333333393e-01,4.410000000000000031e-01,0.000000000000000000e+00
-3.583299663299663873e-01,4.410000000000000031e-01,0.000000000000000000e+00
-3.558265993265992133e-01,4.410000000000000031e-01,0.000000000000000000e+00
-3.533232323232322614e-01,4.410000000000000031e-01,0.000000000000000000e+00
-3.508198653198653094e-01,4.410000000000000031e-01,0.000000000000000000e+00
-3.483164983164983575e-01,4.410000000000000031e-01,0.000000000000000000e+00
-3.458131313131314055e-01,4.410000000000000031e-01,0.000000000000000000e+00
-3.433097643097642315e-01,4.410000000000000031e-01,0.000000000000000000e+00
-3.408063973063972796e-01,4.410000000000000031e-01,0.000000000000000000e+00
-3.383030303030303276e-01,4.410000000000000031e-01,0.000000000000000000e+00
-3.357996632996633757e-01,4.410000000000000031e-01,0.000000000000000000e+00
-3.332962962962962017e-01,4.410000000000000031e-01,0.000000000000000000e+00
-3.307929292929292497e-01,4.410000000000000031e-01,0.000000000000000000e+00
-3.282895622895622978e-01,4.410000000000000031e-01,0.000000000000000000e+00
-3.257861952861953458e-01,4.410000000000000031e-01,0.000000000000000000e+00
-3.232828282828281719e-01,4.410000000000000031e-01,0.000000000000000000e+00
-3.207794612794612199e-01,4.410000000000000031e-01,0.000000000000000000e+00
-3.182760942760942680e-01,4.410000000000000031e-01,0.000000000000000000e+00
-3.157727272727273160e-01,4.410000000000000031e-01,0.000000000000000000e+00
-3.132693602693603641e-01,4.410000000000000031e-01,0.000000000000000000e+00
-3.107659932659931901e-01,4.410000000000000031e-01,0.000000000000000000e+00
-3.082626262626262381e-01,4.410000000000000031e-01,0.000000000000000000e+00
-3.057592592592592862e-01,4.410000000000000031e-01,0.000000000000000000e+00
-3.032558922558923342e-01,4.410000000000000031e-01,0.000000000000000000e+00
-3.007525252525251602e-01,4.410000000000000031e-01,0.000000000000000000e+00
-2.982491582491582083e-01,4.410000000000000031e-01,0.000000000000000000e+00
-2.957457912457912563e-01,4.410000000000000031e-01,0.000000000000000000e+00
-2.932424242424243044e-01,4.410000000000000031e-01,0.000000000000000000e+00
-2.907390572390571304e-01,4.410000000000000031e-01,0.000000000000000000e+00
-2.882356902356901784e-01,4.410000000000000031e-01,0.000000000000000000e+00
-2.857323232323232265e-01,4.410000000000000031e-01,0.000000000000000000e+00
-2.832289562289562745e-01,4.410000000000000031e-01,0.000000000000000000e+00
-2.807255892255893226e-01,4.410000000000000031e-01,0.000000000000000000e+00
-2.782222222222221486e-01,4.410000000000000031e-01,0.000000000000000000e+00
-2.757188552188551967e-01,4.410000000000000031e-01,0.000000000000000000e+00
-2.732154882154882447e-01,4.410000000000000031e-01,0.000000000000000000e+00
-2.707121212121212928e-01,4.410000000000000031e-01,0.000000000000000000e+00
-2.682087542087541188e-01,4.410000000000000031e-01,0.000000000000000000e+00
-2.657053872053871668e-01,4.410000000000000031e-01,0.000000000000000000e+00
-2.632020202020202149e-01,4.410000000000000031e-01,0.000000000000000000e+00
-2.606986531986532629e-01,4.410000000000000031e-01,0.000000000000000000e+00
-2.581952861952860889e-01,4.410000000000000031e-01,0.000000000000000000e+00
-2.556919191919191370e-01,4.410000000000000031e-01,0.000000000000000000e+00
-2.531885521885521850e-01,4.410000000000000031e-01,0.000000000000000000e+00
-2.506851851851852331e-01,4.410000000000000031e-01,0.000000000000000000e+00
-2.481818181818180591e-01,4.410000000000000031e-01,0.000000000000000000e+00
-2.456784511784511071e-01,4.410000000000000031e-01,0.000000000000000000e+00
-2.431750841750841552e-01,4.410000000000000031e-01,0.000000000000000000e+00
-2.406717171717172032e-01,4.410000000000000031e-01,0.000000000000000000e+00
-2.381683501683502513e-01,4.410000000000000031e-01,0.000000000000000000e+00
-2.356649831649830773e-01,4.410000000000000031e-01,0.000000000000000000e+00
-2.331616161616161254e-01,4.410000000000000031e-01,0.000000000000000000e+00
-2.306582491582491734e-01,4.410000000000000031e-01,0.000000000000000000e+00
-2.281548821548822215e-01,4.410000000000000031e-01,0.000000000000000000e+00
-2.256515151515150475e-01,4.410000000000000031e-01,0.000000000000000000e+00
-2.231481481481480955e-01,4.410000000000000031e-01,0.000000000000000000e+00
-2.206447811447811436e-01,4.410000000000000031e-01,0.000000000000000000e+00
-2.181414141414141916e-01,4.410000000000000031e-01,0.000000000000000000e+00
-2.156380471380470176e-01,4.410000000000000031e-01,0.000000000000000000e+00
-2.131346801346800657e-01,4.410000000000000031e-01,0.000000000000000000e+00
-2.106313131313131137e-01,4.410000000000000031e-01,0.000000000000000000e+00
-2.081279461279461618e-01,4.410000000000000031e-01,0.000000000000000000e+00
-2.056245791245792098e-01,4.410000000000000031e-01,0.000000000000000000e+00
-2.031212121212120358e-01,4.410000000000000031e-01,0.000000000000000000e+00
-2.006178451178450839e-01,4.410000000000000031e-01,0.000000000000000000e+00
-1.981144781144781319e-01,4.410000000000000031e-01,0.000000000000000000e+00
-1.956111111111111800e-01,4.410000000000000031e-01,0.000000000000000000e+00
-1.931077441077440060e-01,4.410000000000000031e-01,0.000000000000000000e+00
-1.906043771043770541e-01,4.410000000000000031e-01,0.000000000000000000e+00
-1.881010101010101021e-01,4.410000000000000031e-01,0.000000000000000000e+00
-1.855976430976431502e-01,4.410000000000000031e-01,0.000000000000000000e+00
-1.830942760942759762e-01,4.410000000000000031e-01,0.000000000000000000e+00
-1.805909090909090242e-01,4.410000000000000031e-01,0.000000000000000000e+00
-1.780875420875420723e-01,4.410000000000000031e-01,0.000000000000000000e+00
-1.755841750841751203e-01,4.410000000000000031e-01,0.000000000000000000e+00
-1.730808080808081684e-01,4.410000000000000031e-01,0.000000000000000000e+00
-1.705774410774409944e-01,4.410000000000000031e-01,0.000000000000000000e+00
-1.680740740740740424e-01,4.410000000000000031e-01,0.000000000000000000e+00
-1.655707070707070905e-01,4.410000000000000031e-01,0.000000000000000000e+00
-1.630673400673401385e-01,4.410000000000000031e-01,0.000000000000000000e+00
-1.605639730639729645e-01,4.410000000000000031e-01,0.000000000000000000e+00
-1.580606060606060126e-01,4.410000000000000031e-01,0.000000000000000000e+00
-1.555572390572390606e-01,4.410000000000000031e-01,0.000000000000000000e+00
-1.530538720538721087e-01,4.410000000000000031e-01,0.000000000000000000e+00
-1.505505050505049347e-01,4.410000000000000031e-01,0.000000000000000000e+00
-1.480471380471379828e-01,4.410000000000000031e-01,0.000000000000000000e+00
-1.455437710437710308e-01,4.410000000000000031e-01,0.000000000000000000e+00
-1.430404040404040789e-01,4.410000000000000031e-01,0.000000000000000000e+00
-1.405370370370369049e-01,4.410000000000000031e-01,0.000000000000000000e+00
-1.380336700336699529e-01,4.410000000000000031e-01,0.000000000000000000e+00
-1.355303030303030010e-01,4.410000000000000031e-01,0.000000000000000000e+00
-1.330269360269360490e-01,4.410000000000000031e-01,0.000000000000000000e+00
-1.305235690235690971e-01,4.410000000000000031e-01,0.000000000000000000e+00
-1.280202020202019231e-01,4.410000000000000031e-01,0.000000000000000000e+00
-1.255168350168349711e-01,4.410000000000000031e-01,0.000000000000000000e+00
-1.230134680134680192e-01,4.410000000000000031e-01,0.000000000000000000e+00
-1.205101010101010672e-01,4.410000000000000031e-01,0.000000000000000000e+00
-1.180067340067338932e-01,4.410000000000000031e-01,0.000000000000000000e+00
-1.155033670033669413e-01,4.410000000000000031e-01,0.000000000000000000e+00
-1.130000000000000032e-01,4.410000000000000031e-01,0.000000000000000000e+00
-1.130000000000000032e-01,4.410000000000000031e-01,1.331456568406118590e+00
-1.096666666666666623e-01,4.410000000000000031e-01,-6.210917048195249007e-02
-1.063333333333333353e-01,4.410000000000000031e-01,5.607901150218905784e+00
-1.029999999999999943e-01,4.410000000000000031e-01,0.000000000000000000e+00
-1.029999999999999943e-01,4.410000000000000031e-01,-1.253651428850298954e-01
-9.950000000000000511e-02,4.410000000000000031e-01,6.310739971699570461e-01
-9.600000000000000200e-02,4.410000000000000031e-01,0.000000000000000000e+00
-9.600000000000000200e-02,4.410000000000000031e-01,-9.099237873305944246e-01
-9.324999999999999956e-02,4.410000000000000031e-01,-7.848439329740556358e-01
-9.049999999999999711e-02,4.410000000000000031e-01,-9.338930153272499979e-01
-8.774999999999999467e-02,4.410000000000000031e-01,-1.756642788947812894e+00
-8.499999999999999223e-02,4.410000000000000031e-01,4.473177923282157242e-01
-8.225000000000000366e-02,4.410000000000000031e-01,-6.715985776147412878e-01
-7.950000000000000122e-02,4.410000000000000031e-01,-5.513935788271224325e+00
-7.674999999999999878e-02,4.410000000000000031e-01,6.781432097872669651e+00
-7.399999999999999634e-02,4.410000000000000031e-01,-5.614794818367872864e+00
-7.152631578947367397e-02,4.410000000000000031e-01,0.000000000000000000e+00
-6.905263157894736548e-02,4.410000000000000031e-01,0.000000000000000000e+00
-6.657894736842104311e-02,4.410000000000000031e-01,0.000000000000000000e+00
-6.410526315789473462e-02,4.410000000000000031e-01,0.000000000000000000e+00
-6.163157894736841919e-02,4.410000000000000031e-01,0.000000000000000000e+00
-5.915789473684210376e-02,4.410000000000000031e-01,0.000000000000000000e+00
-5.668421052631578139e-02,4.410000000000000031e-01,0.000000000000000000e+00
-5.421052631578947290e-02,4.410000000000000031e-01,0.000000000000000000e+00
-5.173684210526315053e-02,4.410000000000000031e-01,0.000000000000000000e+00
-4.926315789473684204e-02,4.410000000000000031e-01,0.000000000000000000e+00
-4.678947368421051967e-02,4.410000000000000031e-01,0.000000000000000000e+00
-4.431578947368420424e-02,4.410000000000000031e-01,0.000000000000000000e+00
-4.184210526315788881e-02,4.410000000000000031e-01,0.000000000000000000e+00
-3.936842105263157338e-02,4.410000000000000031e-01,0.000000000000000000e+00
-3.689473684210525795e-02,4.410000000000000031e-01,0.000000000000000000e+00
-3.442105263157894252e-02,4.410000000000000031e-01,0.000000000000000000e+00
-3.194736842105262709e-02,4.410000000000000031e-01,0.000000000000000000e+00
-2.947368421052631166e-02,4.410000000000000031e-01,0.000000000000000000e+00
-2.699999999999999623e-02,4.410000000000000031e-01,0.000000000000000000e+00
-2.452631578947368080e-02,4.410000000000000031e-01,0.000000000000000000e+00
-2.205263157894736537e-02,4.410000000000000031e-01,0.000000000000000000e+00
-1.957894736842104993e-02,4.410000000000000031e-01,0.000000000000000000e+00
-1.710526315789473450e-02,4.410000000000000031e-01,0.000000000000000000e+00
-1.463157894736841214e-02,4.410000000000000031e-01,0.000000000000000000e+00
-1.215789473684209671e-02,4.410000000000000031e-01,0.000000000000000000e+00
-9.684210526315781276e-03,4.410000000000000031e-01,0.000000000000000000e+00
-7.210526315789472784e-03,4.410000000000000031e-01,0.000000000000000000e+00
-4.736842105263150415e-03,4.410000000000000031e-01,0.000000000000000000e+00
-2.263157894736841924e-03,-2.263157894736841924e-03,0.000000000000000000e+00
2.105263157894804449e-04,4.410000000000000031e-01,0.000000000000000000e+00
2.684210526315788936e-03,4.410000000000000031e-01,0.000000000000000000e+00
5.157894736842111305e-03,4.410000000000000031e-01,0.000000000000000000e+00
7.631578947368433674e-03,4.410000000000000031e-01,0.000000000000000000e+00
1.010526315789474217e-02,4.410000000000000031e-01,0.000000000000000000e+00
1.257894736842106453e-02,4.410000000000000031e-01,0.000000000000000000e+00
1.505263157894737303e-02,4.410000000000000031e-01,0.000000000000000000e+00
1.752631578947369539e-02,4.410000000000000031e-01,0.000000000000000000e+00
2.000000000000000042e-02,4.410000000000000031e-01,3.576961692905233026e+00
2.261538461538461359e-02,4.410000000000000031e-01,2.986970380174733819e+00
2.523076923076923023e-02,4.410000000000000031e-01,2.450176255015444671e+00
2.784615384615384687e-02,4.410000000000000031e-01,1.966579317427377571e+00
3.046153846153846004e-02,4.410000000000000031e-01,1.536179567410516533e+00
3.307692307692307321e-02,4.410000000000000031e-01,1.158977004964880653e+00
3.569230769230768985e-02,4.410000000000000031e-01,8.349716300904509447e-01
3.830769230769230649e-02,4.410000000000000031e-01,5.641634427872451729e-01
4.092307692307692313e-02,4.410000000000000031e-01,3.465524430552422430e-01
4.353846153846153977e-02,4.410000000000000031e-01,1.821386308944610288e-01
4.615384615384614947e-02,4.410000000000000031e-01,7.092200630490570756e-02
4.876923076923075917e-02,4.410000000000000031e-01,1.290256928654262558e-02
5.138461538461537581e-02,4.410000000000000031e-01,8.080319839414320041e-03
5.399999999999999245e-02,4.410000000000000031e-01,5.645525796348876274e-02
5.661538461538460909e-02,4.410000000000000031e-01,1.580273836587898495e-01
5.923076923076922573e-02,4.410000000000000031e-01,2.938872184371004170e-01
6.184615384615384237e-02,4.410000000000000031e-01,2.727842093249712163e-01
6.446153846153845901e-02,4.410000000000000031e-01,-1.633105785481136010e-02
6.707692307692307565e-02,4.410000000000000031e-01,-5.748264562567539926e-01
6.969230769230767841e-02,4.410000000000000031e-01,-1.374197806264565003e+00
7.230769230769229505e-02,4.410000000000000031e-01,-1.758848976702984457e+00
7.492307692307691169e-02,4.410000000000000031e-01,-1.073183836396766733e+00
7.753846153846152833e-02,4.410000000000000031e-01,7.113017942703868668e-01
8.015384615384614497e-02,4.410000000000000031e-01,2.933060795482254068e+00
8.276923076923076161e-02,4.410000000000000031e-01,-1.550778886324338579e+01
8.538461538461537825e-02,4.410000000000000031e-01,-1.676906064710016186e-01
8.799999999999999489e-02,4.410000000000000031e-01,0.000000000000000000e+00
8.799999999999999489e-02,4.410000000000000031e-01,5.490755492919786873e-02
9.057142857142856662e-02,4.410000000000000031e-01,0.000000000000000000e+00
9.314285714285713835e-02,4.410000000000000031e-01,0.000000000000000000e+00
9.571428571428571008e-02,4.410000000000000031e-01,0.000000000000000000e+00
9.828571428571428181e-02,4.410000000000000031e-01,0.000000000000000000e+00
1.008571428571428535e-01,4.410000000000000031e-01,0.000000000000000000e+00
1.034285714285714253e-01,4.410000000000000031e-01,0.000000000000000000e+00
1.059999999999999970e-01,4.410000000000000031e-01,0.000000000000000000e+00
1.085714285714285687e-01,4.410000000000000031e-01,0.000000000000000000e+00
1.111428571428571405e-01,4.410000000000000031e-01,0.000000000000000000e+00
1.137142857142857122e-01,4.410000000000000031e-01,0.000000000000000000e+00
1.162857142857142839e-01,4.410000000000000031e-01,0.000000000000000000e+00
1.188571428571428557e-01,4.410000000000000031e-01,0.000000000000000000e+00
1.214285714285714274e-01,4.410000000000000031e-01,0.000000000000000000e+00
1.239999999999999991e-01,4.410000000000000031e-01,0.000000000000000000e+00
1.265714285714285570e-01,4.410000000000000031e-01,0.000000000000000000e+00
1.291428571428571426e-01,4.410000000000000031e-01,0.000000000000000000e+00
1.317142857142857282e-01,4.410000000000000031e-01,0.000000000000000000e+00
1.342857142857142860e-01,4.410000000000000031e-01,0.000000000000000000e+00
1.368571428571428439e-01,4.410000000000000031e-01,0.000000000000000000e+00
1.394285714285714295e-01,4.410000000000000031e-01,0.000000000000000000e+00
1.420000000000000151e-01,4.410000000000000031e-01,0.000000000000000000e+00
1.445714285714285730e-01,4.410000000000000031e-01,0.000000000000000000e+00
1.471428571428571308e-01,4.410000000000000031e-01,0.000000000000000000e+00
1.497142857142857164e-01,4.410000000000000031e-01,0.000000000000000000e+00
1.522857142857143020e-01,4.410000000000000031e-01,0.000000000000000000e+00
1.548571428571428599e-01,4.410000000000000031e-01,0.000000000000000000e+00
1.574285714285714177e-01,4.410000000000000031e-01,2.568659928791349745e-01
1.600000000000000033e-01,4.410000000000000031e-01,0.000000000000000000e+00
1.600000000000000033e-01,4.410000000000000031e-01,4.466520313350909599e-01
1.627777777777777712e-01,4.410000000000000031e-01,4.165302301967083176e-02
1.655555555555555669e-01,4.410000000000000031e-01,-6.485169308318547432e-02
1.683333333333333348e-01,4.410000000000000031e-01,-1.106466360958781037e-01
1.711111111111111027e-01,4.410000000000000031e-01,-9.573180601840733384e-02
1.738888888888888984e-01,4.410000000000000031e-01,-2.010720285077338340e-02
1.766666666666666663e-01,4.410000000000000031e-01,1.162271734070230433e-01
1.794444444444444342e-01,4.410000000000000031e-01,3.132713227549835944e-01
1.822222222222222299e-01,4.410000000000000031e-01,5.710252451931078221e-01
1.849999999999999978e-01,4.410000000000000031e-01,0.000000000000000000e+00
1.849999999999999978e-01,4.410000000000000031e-01,0.000000000000000000e+00
1.875044247787610585e-01,4.410000000000000031e-01,0.000000000000000000e+00
1.900088495575221192e-01,4.410000000000000031e-01,0.000000000000000000e+00
1.925132743362831800e-01,4.410000000000000031e-01,0.000000000000000000e+00
1.950176991150442407e-01,4.410000000000000031e-01,0.000000000000000000e+00
1.975221238938053014e-01,4.410000000000000031e-01,0.000000000000000000e+00
2.000265486725663622e-01,4.410000000000000031e-01,0.000000000000000000e+00
2.025309734513274229e-01,4.410000000000000031e-01,0.000000000000000000e+00
2.050353982300884836e-01,4.410000000000000031e-01,0.000000000000000000e+00
2.075398230088495444e-01,4.410000000000000031e-01,0.000000000000000000e+00
2.100442477876106051e-01,4.410000000000000031e-01,0.000000000000000000e+00
2.125486725663716658e-01,4.410000000000000031e-01,0.000000000000000000e+00
2.150530973451327266e-01,4.410000000000000031e-01,0.000000000000000000e+00
2.175575221238937873e-01,4.410000000000000031e-01,0.000000000000000000e+00
2.200619469026548758e-01,4.410000000000000031e-01,0.000000000000000000e+00
2.225663716814159365e-01,4.410000000000000031e-01,0.000000000000000000e+00
2.250707964601769973e-01,4.410000000000000031e-01,0.000000000000000000e+00
2.275752212389380580e-01,4.410000000000000031e-01,0.000000000000000000e+00
2.300796460176991187e-01,4.410000000000000031e-01,0.000000000000000000e+00
2.325840707964601795e-01,4.410000000000000031e-01,0.000000000000000000e+00
2.350884955752212402e-01,4.410000000000000031e-01,0.000000000000000000e+00
2.375929203539823009e-01,4.410000000000000031e-01,0.000000000000000000e+00
2.400973451327433617e-01,4.410000000000000031e-01,0.000000000000000000e+00
2.426017699115044224e-01,4.410000000000000031e-01,0.000000000000000000e+00
2.451061946902654831e-01,4.410000000000000031e-01,0.000000000000000000e+00
2.476106194690265438e-01,4.410000000000000031e-01,0.000000000000000000e+00
2.501150442477876323e-01,4.410000000000000031e-01,0.000000000000000000e+00
2.526194690265486931e-01,4.410000000000000031e-01,0.000000000000000000e+00
2.551238938053097538e-01,4.410000000000000031e-01,0.000000000000000000e+00
2.576283185840708145e-01,4.410000000000000031e-01,0.000000000000000000e+00
2.601327433628318753e-01,4.410000000000000031e-01,0.000000000000000000e+00
2.626371681415929360e-01,4.410000000000000031e-01,0.000000000000000000e+00
2.651415929203539967e-01,4.410000000000000031e-01,0.000000000000000000e+00
2.676460176991150575e-01,4.410000000000000031e-01,0.000000000000000000e+00
2.701504424778761182e-01,4.410000000000000031e-01,0.000000000000000000e+00
2.726548672566371789e-01,4.410000000000000031e-01,0.000000000000000000e+00
2.751592920353982397e-01,4.410000000000000031e-01,0.000000000000000000e+00
2.776637168141593004e-01,4.410000000000000031e-01,0.000000000000000000e+00
2.801681415929203611e-01,4.410000000000000031e-01,0.000000000000000000e+00
2.826725663716814219e-01,4.410000000000000031e-01,0.000000000000000000e+00
2.851769911504424826e-01,4.410000000000000031e-01,0.000000000000000000e+00
2.876814159292035433e-01,4.410000000000000031e-01,0.000000000000000000e+00
2.901858407079646041e-01,4.410000000000000031e-01,0.000000000000000000e+00
2.926902654867256648e-01,4.410000000000000031e-01,0.000000000000000000e+00
2.951946902654867255e-01,4.410000000000000031e-01,0.000000000000000000e+00
2.976991150442477863e-01,4.410000000000000031e-01,0.000000000000000000e+00
3.002035398230088470e-01,4.410000000000000031e-01,0.000000000000000000e+00
3.027079646017699077e-01,4.410000000000000031e-01,0.000000000000000000e+00
3.052123893805309685e-01,4.410000000000000031e-01,0.000000000000000000e+00
3.077168141592920292e-01,4.410000000000000031e-01,0.000000000000000000e+00
3.102212389380530899e-01,4.410000000000000031e-01,0.000000000000000000e+00
3.127256637168141506e-01,4.410000000000000031e-01,0.000000000000000000e+00
3.152300884955752114e-01,4.410000000000000031e-01,0.000000000000000000e+00
3.177345132743362721e-01,4.410000000000000031e-01,0.000000000000000000e+00
3.202389380530973328e-01,4.410000000000000031e-01,0.000000000000000000e+00
3.227433628318584491e-01,4.410000000000000031e-01,0.000000000000000000e+00
3.252477876106194543e-01,4.410000000000000031e-01,0.000000000000000000e+00
3.277522123893805706e-01,4.410000000000000031e-01,0.000000000000000000e+00
3.302566371681415758e-01,4.410000000000000031e-01,0.000000000000000000e+00
3.327610619469026920e-01,4.410000000000000031e-01,0.000000000000000000e+00
3.352654867256636972e-01,4.410000000000000031e-01,0.000000000000000000e+00
3.377699115044248135e-01,4.410000000000000031e-01,0.000000000000000000e+00
3.402743362831858187e-01,4.410000000000000031e-01,0.000000000000000000e+00
3.427787610619469350e-01,4.410000000000000031e-01,0.000000000000000000e+00
3.452831858407079402e-01,4.410000000000000031e-01,0.000000000000000000e+00
3.477876106194690564e-01,4.410000000000000031e-01,0.000000000000000000e+00
3.502920353982300616e-01,4.410000000000000031e-01,0.000000000000000000e+00
3.527964601769911779e-01,4.410000000000000031e-01,0.000000000000000000e+00
3.553008849557521831e-01,4.410000000000000031e-01,0.000000000000000000e+00
3.578053097345132993e-01,4.410000000000000031e-01,0.000000000000000000e+00
3.603097345132743046e-01,4.410000000000000031e-01,0.000000000000000000e+00
3.628141592920354208e-01,4.410000000000000031e-01,0.000000000000000000e+00
3.653185840707964260e-01,4.410000000000000031e-01,0.000000000000000000e+00
3.678230088495575423e-01,4.410000000000000031e-01,0.000000000000000000e+00
3.703274336283185475e-01,4.410000000000000031e-01,0.000000000000000000e+00
3.728318584070796637e-01,4.410000000000000031e-01,0.000000000000000000e+00
3.753362831858407245e-01,4.410000000000000031e-01,0.000000000000000000e+00
3.778407079646017852e-01,4.410000000000000031e-01,0.000000000000000000e+00
3.803451327433628459e-01,4.410000000000000031e-01,0.000000000000000000e+00
3.828495575221239067e-01,4.410000000000000031e-01,0.000000000000000000e+00
3.853539823008849674e-01,4.410000000000000031e-01,0.000000000000000000e+00
3.878584070796460281e-01,4.410000000000000031e-01,0.000000000000000000e+00
3.903628318584070889e-01,4.410000000000000031e-01,0.000000000000000000e+00
3.928672566371681496e-01,4.410000000000000031e-01,0.000000000000000000e+00
3.953716814159292103e-01,4.410000000000000031e-01,0.000000000000000000e+00
3.978761061946902711e-01,4.410000000000000031e-01,0.000000000000000000e+00
4.003805309734513318e-01,4.410000000000000031e-01,0.000000000000000000e+00
4.028849557522123925e-01,4.410000000000000031e-01,0.000000000000000000e+00
4.053893805309734533e-01,4.410000000000000031e-01,0.000000000000000000e+00
4.078938053097345140e-01,4.410000000000000031e-01,0.000000000000000000e+00
4.103982300884955747e-01,4.410000000000000031e-01,0.000000000000000000e+00
4.129026548672566355e-01,4.410000000000000031e-01,0.000000000000000000e+00
4.154070796460176962e-01,4.410000000000000031e-01,0.000000000000000000e+00
4.179115044247787569e-01,4.410000000000000031e-01,0.000000000000000000e+00
4.204159292035398177e-01,4.410000000000000031e-01,0.000000000000000000e+00
4.229203539823008784e-01,4.410000000000000031e-01,0.000000000000000000e+00
4.254247787610619391e-01,4.410000000000000031e-01,0.000000000000000000e+00
4.279292035398229999e-01,4.410000000000000031e-01,0.000000000000000000e+00
4.304336283185841161e-01,4.410000000000000031e-01,0.000000000000000000e+00
4.329380530973451213e-01,4.410000000000000031e-01,0.000000000000000000e+00
4.354424778761061821e-01,4.410000000000000031e-01,0.000000000000000000e+00
4.379469026548672428e-01,4.410000000000000031e-01,0.000000000000000000e+00
4.404513274336283035e-01,4.410000000000000031e-01,0.000000000000000000e+00
4.429557522123893643e-01,4.410000000000000031e-01,0.000000000000000000e+00
4.454601769911504250e-01,4.410000000000000031e-01,0.000000000000000000e+00
4.479646017699114857e-01,4.410000000000000031e-01,0.000000000000000000e+00
4.504690265486725465e-01,4.410000000000000031e-01,0.000000000000000000e+00
4.529734513274336627e-01,4.410000000000000031e-01,0.000000000000000000e+00
4.554778761061947234e-01,4.410000000000000031e-01,0.000000000000000000e+00
4.579823008849557842e-01,4.410000000000000031e-01,0.000000000000000000e+00
4.604867256637168449e-01,4.410000000000000031e-01,0.000000000000000000e+00
4.629911504424779056e-01,4.410000000000000031e-01,0.000000000000000000e+00
4.654955752212389664e-01,4.410000000000000031e-01,0.000000000000000000e+00
4.680000000000000271e-01,4.410000000000000031e-01,0.000000000000000000e+00
4.705044247787610878e-01,4.410000000000000031e-01,0.000000000000000000e+00
4.730088495575221486e-01,4.410000000000000031e-01,0.000000000000000000e+00
4.755132743362832093e-01,4.410000000000000031e-01,0.000000000000000000e+00
4.780176991150442700e-01,4.410000000000000031e-01,0.000000000000000000e+00
4.805221238938053308e-01,4.410000000000000031e-01,0.000000000000000000e+00
4.830265486725663915e-01,4.410000000000000031e-01,0.000000000000000000e+00
4.855309734513274522e-01,4.410000000000000031e-01,0.000000000000000000e+00
4.880353982300885129e-01,4.410000000000000031e-01,0.000000000000000000e+00
4.905398230088495737e-01,4.410000000000000031e-01,0.000000000000000000e+00
4.930442477876106344e-01,4.410000000000000031e-01,0.000000000000000000e+00
4.955486725663716951e-01,4.410000000000000031e-01,0.000000000000000000e+00
4.980530973451327559e-01,4.410000000000000031e-01,0.000000000000000000e+00
5.005575221238938166e-01,4.410000000000000031e-01,0.000000000000000000e+00
5.030619469026549329e-01,4.410000000000000031e-01,0.000000000000000000e+00
5.055663716814159381e-01,4.410000000000000031e-01,0.000000000000000000e+00
5.080707964601769433e-01,4.410000000000000031e-01,0.000000000000000000e+00
5.105752212389380595e-01,4.410000000000000031e-01,0.000000000000000000e+00
5.130796460176991758e-01,4.410000000000000031e-01,0.000000000000000000e+00
5.155840707964601810e-01,4.410000000000000031e-01,0.000000000000000000e+00
5.180884955752211862e-01,4.410000000000000031e-01,0.000000000000000000e+00
5.205929203539823025e-01,4.410000000000000031e-01,0.000000000000000000e+00
5.230973451327434187e-01,4.410000000000000031e-01,0.000000000000000000e+00
5.256017699115044239e-01,4.410000000000000031e-01,0.000000000000000000e+00
5.281061946902654292e-01,4.410000000000000031e-01,0.000000000000000000e+00
5.306106194690265454e-01,4.410000000000000031e-01,0.000000000000000000e+00
5.331150442477876616e-01,4.410000000000000031e-01,0.000000000000000000e+00
5.356194690265486669e-01,4.410000000000000031e-01,0.000000000000000000e+00
5.381238938053096721e-01,4.410000000000000031e-01,0.000000000000000000e+00
5.406283185840707883e-01,4.410000000000000031e-01,0.000000000000000000e+00
5.431327433628319046e-01,4.410000000000000031e-01,0.000000000000000000e+00
5.456371681415929098e-01,4.410000000000000031e-01,0.000000000000000000e+00
5.481415929203539150e-01,4.410000000000000031e-01,0.000000000000000000e+00
5.506460176991150313e-01,4.410000000000000031e-01,0.000000000000000000e+00
5.531504424778761475e-01,4.410000000000000031e-01,0.000000000000000000e+00
5.556548672566371527e-01,4.410000000000000031e-01,0.000000000000000000e+00
5.581592920353981579e-01,4.410000000000000031e-01,0.000000000000000000e+00
5.606637168141592742e-01,4.410000000000000031e-01,0.000000000000000000e+00
5.631681415929203904e-01,4.410000000000000031e-01,0.000000000000000000e+00
5.656725663716815067e-01,4.410000000000000031e-01,0.000000000000000000e+00
5.681769911504425119e-01,4.410000000000000031e-01,0.000000000000000000e+00
5.706814159292035171e-01,4.410000000000000031e-01,0.000000000000000000e+00
5.731858407079646334e-01,4.410000000000000031e-01,0.000000000000000000e+00
5.756902654867257496e-01,4.410000000000000031e-01,0.000000000000000000e+00
5.781946902654867548e-01,4.410000000000000031e-01,0.000000000000000000e+00
5.806991150442477601e-01,4.410000000000000031e-01,0.000000000000000000e+00
5.832035398230088763e-01,4.410000000000000031e-01,0.000000000000000000e+00
5.857079646017699925e-01,4.410000000000000031e-01,0.000000000000000000e+00
5.882123893805309978e-01,4.410000000000000031e-01,0.000000000000000000e+00
5.907168141592920030e-01,4.410000000000000031e-01,0.000000000000000000e+00
5.932212389380531192e-01,4.410000000000000031e-01,0.000000000000000000e+00
5.957256637168142355e-01,4.410000000000000031e-01,0.000000000000000000e+00
5.982300884955752407e-01,4.410000000000000031e-01,0.000000000000000000e+00
6.007345132743362459e-01,4.410000000000000031e-01,0.000000000000000000e+00
6.032389380530973622e-01,4.410000000000000031e-01,0.000000000000000000e+00
6.057433628318584784e-01,4.410000000000000031e-01,0.000000000000000000e+00
6.082477876106194836e-01,4.410000000000000031e-01,0.000000000000000000e+00
6.107522123893804888e-01,4.410000000000000031e-01,0.000000000000000000e+00
6.132566371681416051e-01,4.410000000000000031e-01,0.000000000000000000e+00
6.157610619469027213e-01,4.410000000000000031e-01,0.000000000000000000e+00
6.182654867256637266e-01,4.410000000000000031e-01,0.000000000000000000e+00
6.207699115044247318e-01,4.410000000000000031e-01,0.000000000000000000e+00
6.232743362831858480e-01,4.410000000000000031e-01,0.000000000000000000e+00
6.257787610619469643e-01,4.410000000000000031e-01,0.000000000000000000e+00
6.282831858407079695e-01,4.410000000000000031e-01,0.000000000000000000e+00
6.307876106194689747e-01,4.410000000000000031e-01,0.000000000000000000e+00
6.332920353982300909e-01,4.410000000000000031e-01,0.000000000000000000e+00
6.357964601769912072e-01,4.410000000000000031e-01,0.000000000000000000e+00
6.383008849557522124e-01,4.410000000000000031e-01,0.000000000000000000e+00
6.408053097345132176e-01,4.410000000000000031e-01,0.000000000000000000e+00
6.433097345132743339e-01,4.410000000000000031e-01,0.000000000000000000e+00
6.458141592920354501e-01,4.410000000000000031e-01,0.000000000000000000e+00
6.483185840707964553e-01,4.410000000000000031e-01,0.000000000000000000e+00
6.508230088495574606e-01,4.410000000000000031e-01,0.000000000000000000e+00
6.533274336283185768e-01,4.410000000000000031e-01,0.000000000000000000e+00
6.558318584070796931e-01,4.410000000000000031e-01,0.000000000000000000e+00
6.583362831858406983e-01,4.410000000000000031e-01,0.000000000000000000e+00
6.608407079646017035e-01,4.410000000000000031e-01,0.000000000000000000e+00
6.633451327433628197e-01,4.410000000000000031e-01,0.000000000000000000e+00
6.658495575221239360e-01,4.410000000000000031e-01,0.000000000000000000e+00
6.683539823008850522e-01,4.410000000000000031e-01,0.000000000000000000e+00
6.708584070796460574e-01,4.410000000000000031e-01,0.000000000000000000e+00
6.733628318584070627e-01,4.410000000000000031e-01,0.000000000000000000e+00
6.758672566371681789e-01,4.410000000000000031e-01,0.000000000000000000e+00
6.783716814159292952e-01,4.410000000000000031e-01,0.000000000000000000e+00
6.808761061946903004e-01,4.410000000000000031e-01,0.000000000000000000e+00
6.833805309734513056e-01,4.410000000000000031e-01,0.000000000000000000e+00
6.858849557522124218e-01,4.410000000000000031e-01,0.000000000000000000e+00
6.883893805309735381e-01,4.410000000000000031e-01,0.000000000000000000e+00
6.908938053097344323e-01,4.410000000000000031e-01,0.000000000000000000e+00
6.933982300884955485e-01,4.410000000000000031e-01,0.000000000000000000e+00
6.959026548672566648e-01,4.410000000000000031e-01,0.000000000000000000e+00
6.984070796460177810e-01,4.410000000000000031e-01,0.000000000000000000e+00
7.009115044247786752e-01,4.410000000000000031e-01,0.000000000000000000e+00
7.034159292035397915e-01,4.410000000000000031e-01,0.000000000000000000e+00
7.059203539823009077e-01,4.410000000000000031e-01,0.000000000000000000e+00
7.084247787610620239e-01,4.410000000000000031e-01,0.000000000000000000e+00
7.109292035398229181e-01,4.410000000000000031e-01,0.000000000000000000e+00
7.134336283185840344e-01,4.410000000000000031e-01,0.000000000000000000e+00
7.159380530973451506e-01,4.410000000000000031e-01,0.000000000000000000e+00
7.184424778761062669e-01,4.410000000000000031e-01,0.000000000000000000e+00
7.209469026548673831e-01,4.410000000000000031e-01,0.000000000000000000e+00
7.234513274336282773e-01,4.410000000000000031e-01,0.000000000000000000e+00
7.259557522123893936e-01,4.410000000000000031e-01,0.000000000000000000e+00
7.284601769911505098e-01,4.410000000000000031e-01,0.000000000000000000e+00
7.309646017699116261e-01,4.410000000000000031e-01,0.000000000000000000e+00
7.334690265486725202e-01,4.410000000000000031e-01,0.000000000000000000e+00
7.359734513274336365e-01,4.410000000000000031e-01,0.000000000000000000e+00
7.384778761061947527e-01,4.410000000000000031e-01,0.000000000000000000e+00
7.409823008849558690e-01,4.410000000000000031e-01,0.000000000000000000e+00
7.434867256637167632e-01,4.410000000000000031e-01,0.000000000000000000e+00
7.459911504424778794e-01,4.410000000000000031e-01,0.000000000000000000e+00
7.484955752212389957e-01,4.410000000000000031e-01,0.000000000000000000e+00
7.510000000000001119e-01,4.410000000000000031e-01,0.000000000000000000e+00
7.535044247787610061e-01,4.410000000000000031e-01,0.000000000000000000e+00
7.560088495575221224e-01,4.410000000000000031e-01,0.000000000000000000e+00
7.585132743362832386e-01,4.410000000000000031e-01,0.000000000000000000e+00
7.610176991150443548e-01,4.410000000000000031e-01,0.000000000000000000e+00
7.635221238938052490e-01,4.410000000000000031e-01,0.000000000000000000e+00
7.660265486725663653e-01,4.410000000000000031e-01,0.000000000000000000e+00
7.685309734513274815e-01,4.410000000000000031e-01,0.000000000000000000e+00
7.710353982300885978e-01,4.410000000000000031e-01,0.000000000000000000e+00
7.735398230088494920e-01,4.410000000000000031e-01,0.000000000000000000e+00
7.760442477876106082e-01,4.410000000000000031e-01,0.000000000000000000e+00
7.785486725663717245e-01,4.410000000000000031e-01,0.000000000000000000e+00
7.810530973451328407e-01,4.410000000000000031e-01,0.000000000000000000e+00
7.835575221238937349e-01,4.410000000000000031e-01,0.000000000000000000e+00
7.860619469026548511e-01,4.410000000000000031e-01,0.000000000000000000e+00
7.885663716814159674e-01,4.410000000000000031e-01,0.000000000000000000e+00
7.910707964601770836e-01,4.410000000000000031e-01,0.000000000000000000e+00
7.935752212389379778e-01,4.410000000000000031e-01,0.000000000000000000e+00
7.960796460176990941e-01,4.410000000000000031e-01,0.000000000000000000e+00
7.985840707964602103e-01,4.410000000000000031e-01,0.000000000000000000e+00
8.010884955752213266e-01,4.410000000000000031e-01,0.000000000000000000e+00
8.035929203539822208e-01,4.410000000000000031e-01,0.000000000000000000e+00
8.060973451327433370e-01,4.410000000000000031e-01,0.000000000000000000e+00
8.086017699115044532e-01,4.410000000000000031e-01,0.000000000000000000e+00
8.111061946902655695e-01,4.410000000000000031e-01,0.000000000000000000e+00
8.136106194690264637e-01,4.410000000000000031e-01,0.000000000000000000e+00
8.161150442477875799e-01,4.410000000000000031e-01,0.000000000000000000e+00
8.186194690265486962e-01,4.410000000000000031e-01,0.000000000000000000e+00
8.211238938053098124e-01,4.410000000000000031e-01,0.000000000000000000e+00
8.236283185840707066e-01,4.410000000000000031e-01,0.000000000000000000e+00
8.261327433628318229e-01,4.410000000000000031e-01,0.000000000000000000e+00
8.286371681415929391e-01,4.410000000000000031e-01,0.000000000000000000e+00
8.311415929203540554e-01,4.410000000000000031e-01,0.000000000000000000e+00
8.336460176991151716e-01,4.410000000000000031e-01,0.000000000000000000e+00
8.361504424778760658e-01,4.410000000000000031e-01,0.000000000000000000e+00
8.386548672566371820e-01,4.410000000000000031e-01,0.000000000000000000e+00
8.411592920353982983e-01,4.410000000000000031e-01,0.000000000000000000e+00
8.436637168141594145e-01,4.410000000000000031e-01,0.000000000000000000e+00
8.461681415929203087e-01,4.410000000000000031e-01,0.000000000000000000e+00
8.486725663716814250e-01,4.410000000000000031e-01,0.000000000000000000e+00
8.511769911504425412e-01,4.410000000000000031e-01,0.000000000000000000e+00
8.536814159292036575e-01,4.410000000000000031e-01,0.000000000000000000e+00
8.561858407079645517e-01,4.410000000000000031e-01,0.000000000000000000e+00
8.586902654867256679e-01,4.410000000000000031e-01,0.000000000000000000e+00
8.611946902654867841e-01,4.410000000000000031e-01,0.000000000000000000e+00
8.636991150442479004e-01,4.410000000000000031e-01,0.000000000000000000e+00
8.662035398230087946e-01,4.410000000000000031e-01,0.000000000000000000e+00
8.687079646017699108e-01,4.410000000000000031e-01,0.000000000000000000e+00
8.712123893805310271e-01,4.410000000000000031e-01,0.000000000000000000e+00
8.737168141592921433e-01,4.410000000000000031e-01,0.000000000000000000e+00
8.762212389380530375e-01,4.410000000000000031e-01,0.000000000000000000e+00
8.787256637168141538e-01,4.410000000000000031e-01,0.000000000000000000e+00
8.812300884955752700e-01,4.410000000000000031e-01,0.000000000000000000e+00
8.837345132743363862e-01,4.410000000000000031e-01,0.000000000000000000e+00
8.862389380530972804e-01,4.410000000000000031e-01,0.000000000000000000e+00
8.887433628318583967e-01,4.410000000000000031e-01,0.000000000000000000e+00
8.912477876106195129e-01,4.410000000000000031e-01,0.000000000000000000e+00
8.937522123893806292e-01,4.410000000000000031e-01,0.000000000000000000e+00
8.962566371681415234e-01,4.410000000000000031e-01,0.000000000000000000e+00
8.987610619469026396e-01,4.410000000000000031e-01,0.000000000000000000e+00
9.012654867256637559e-01,4.410000000000000031e-01,0.000000000000000000e+00
9.037699115044248721e-01,4.410000000000000031e-01,0.000000000000000000e+00
9.062743362831857663e-01,4.410000000000000031e-01,0.000000000000000000e+00
9.087787610619468825e-01,4.410000000000000031e-01,0.000000000000000000e+00
9.112831858407079988e-01,4.410000000000000031e-01,0.000000000000000000e+00
9.137876106194691150e-01,4.410000000000000031e-01,0.000000000000000000e+00
9.162920353982300092e-01,4.410000000000000031e-01,0.000000000000000000e+00
9.187964601769911255e-01,4.410000000000000031e-01,0.000000000000000000e+00
9.213008849557522417e-01,4.410000000000000031e-01,0.000000000000000000e+00
9.238053097345133580e-01,4.410000000000000031e-01,0.000000000000000000e+00
9.263097345132742522e-01,4.410000000000000031e-01,0.000000000000000000e+00
9.288141592920353684e-01,4.410000000000000031e-01,0.000000000000000000e+00
9.313185840707964847e-01,4.410000000000000031e-01,0.000000000000000000e+00
9.338230088495576009e-01,4.410000000000000031e-01,0.000000000000000000e+00
9.363274336283187171e-01,4.410000000000000031e-01,0.000000000000000000e+00
9.388318584070796113e-01,4.410000000000000031e-01,0.000000000000000000e+00
9.413362831858407276e-01,4.410000000000000031e-01,0.000000000000000000e+00
9.438407079646018438e-01,4.410000000000000031e-01,0.000000000000000000e+00
9.463451327433629601e-01,4.410000000000000031e-01,0.000000000000000000e+00
9.488495575221238543e-01,4.410000000000000031e-01,0.000000000000000000e+00
9.513539823008849705e-01,4.410000000000000031e-01,0.000000000000000000e+00
9.538584070796460868e-01,4.410000000000000031e-01,0.000000000000000000e+00
9.563628318584072030e-01,4.410000000000000031e-01,0.000000000000000000e+00
9.588672566371680972e-01,4.410000000000000031e-01,0.000000000000000000e+00
9.613716814159292134e-01,4.410000000000000031e-01,0.000000000000000000e+00
9.638761061946903297e-01,4.410000000000000031e-01,0.000000000000000000e+00
9.663805309734514459e-01,4.410000000000000031e-01,0.000000000000000000e+00
9.688849557522123401e-01,4.410000000000000031e-01,0.000000000000000000e+00
9.713893805309734564e-01,4.410000000000000031e-01,0.000000000000000000e+00
9.738938053097345726e-01,4.410000000000000031e-01,0.000000000000000000e+00
9.763982300884956889e-01,4.410000000000000031e-01,0.000000000000000000e+00
9.789026548672565831e-01,4.410000000000000031e-01,0.000000000000000000e+00
9.814070796460176993e-01,4.410000000000000031e-01,0.000000000000000000e+00
9.839115044247788155e-01,4.410000000000000031e-01,0.000000000000000000e+00
9.864159292035399318e-01,4.410000000000000031e-01,0.000000000000000000e+00
9.889203539823008260e-01,4.410000000000000031e-01,0.000000000000000000e+00
9.914247787610619422e-01,4.410000000000000031e-01,0.000000000000000000e+00
9.939292035398230585e-01,4.410000000000000031e-01,0.000000000000000000e+00
9.964336283185841747e-01,4.410000000000000031e-01,0.000000000000000000e+00
9.989380530973450689e-01,4.410000000000000031e-01,0.000000000000000000e+00
1.001442477876106185e+00,4.410000000000000031e-01,0.000000000000000000e+00
1.003946902654867301e+00,4.410000000000000031e-01,0.000000000000000000e+00
1.006451327433628418e+00,4.410000000000000031e-01,0.000000000000000000e+00
1.008955752212389312e+00,4.410000000000000031e-01,0.000000000000000000e+00
1.011460176991150428e+00,4.410000000000000031e-01,0.000000000000000000e+00
1.013964601769911544e+00,4.410000000000000031e-01,0.000000000000000000e+00
1.016469026548672661e+00,4.410000000000000031e-01,0.000000000000000000e+00
1.018973451327433555e+00,4.410000000000000031e-01,0.000000000000000000e+00
1.021477876106194671e+00,4.410000000000000031e-01,0.000000000000000000e+00
1.023982300884955787e+00,4.410000000000000031e-01,0.000000000000000000e+00
1.026486725663716904e+00,4.410000000000000031e-01,0.000000000000000000e+00
1.028991150442477798e+00,4.410000000000000031e-01,0.000000000000000000e+00
1.031495575221238914e+00,4.410000000000000031e-01,0.000000000000000000e+00
1.034000000000000030e+00,4.410000000000000031e-01,0.000000000000000000e+00
1.036504424778761146e+00,4.410000000000000031e-01,0.000000000000000000e+00
1.039008849557522041e+00,4.410000000000000031e-01,0.000000000000000000e+00
1.041513274336283157e+00,4.410000000000000031e-01,0.000000000000000000e+00
1.044017699115044273e+00,4.410000000000000031e-01,0.000000000000000000e+00
1.046522123893805389e+00,4.410000000000000031e-01,0.000000000000000000e+00
1.049026548672566506e+00,4.410000000000000031e-01,0.000000000000000000e+00
1.051530973451327400e+00,4.410000000000000031e-01,0.000000000000000000e+00
1.054035398230088516e+00,4.410000000000000031e-01,0.000000000000000000e+00
1.056539823008849632e+00,4.410000000000000031e-01,0.000000000000000000e+00
1.059044247787610749e+00,4.410000000000000031e-01,0.000000000000000000e+00
1.061548672566371643e+00,4.410000000000000031e-01,0.000000000000000000e+00
1.064053097345132759e+00,4.410000000000000031e-01,0.000000000000000000e+00
1.066557522123893875e+00,4.410000000000000031e-01,0.000000000000000000e+00
1.069061946902654991e+00,4.410000000000000031e-01,0.000000000000000000e+00
1.071566371681415886e+00,4.410000000000000031e-01,0.000000000000000000e+00
1.074070796460177002e+00,4.410000000000000031e-01,0.000000000000000000e+00
1.076575221238938118e+00,4.410000000000000031e-01,0.000000000000000000e+00
1.079079646017699234e+00,4.410000000000000031e-01,0.000000000000000000e+00
1.081584070796460129e+00,4.410000000000000031e-01,0.000000000000000000e+00
1.084088495575221245e+00,4.410000000000000031e-01,0.000000000000000000e+00
1.086592920353982361e+00,4.410000000000000031e-01,0.000000000000000000e+00
1.089097345132743477e+00,4.410000000000000031e-01,0.000000000000000000e+00
1.091601769911504372e+00,4.410000000000000031e-01,0.000000000000000000e+00
1.094106194690265488e+00,4.410000000000000031e-01,0.000000000000000000e+00
1.096610619469026604e+00,4.410000000000000031e-01,0.000000000000000000e+00
1.099115044247787720e+00,4.410000000000000031e-01,0.000000000000000000e+00
1.101619469026548614e+00,4.410000000000000031e-01,0.000000000000000000e+00
1.104123893805309731e+00,4.410000000000000031e-01,0.000000000000000000e+00
1.106628318584070847e+00,4.410000000000000031e-01,0.000000000000000000e+00
1.109132743362831963e+00,4.410000000000000031e-01,0.000000000000000000e+00
1.111637168141592857e+00,4.410000000000000031e-01,0.000000000000000000e+00
1.114141592920353974e+00,4.410000000000000031e-01,0.000000000000000000e+00
1.116646017699115090e+00,4.410000000000000031e-01,0.000000000000000000e+00
1.119150442477876206e+00,4.410000000000000031e-01,0.000000000000000000e+00
1.121654867256637100e+00,4.410000000000000031e-01,0.000000000000000000e+00
1.124159292035398217e+00,4.410000000000000031e-01,0.000000000000000000e+00
1.126663716814159333e+00,4.410000000000000031e-01,0.000000000000000000e+00
1.129168141592920449e+00,4.410000000000000031e-01,0.000000000000000000e+00
1.131672566371681343e+00,4.410000000000000031e-01,0.000000000000000000e+00
1.134176991150442459e+00,4.410000000000000031e-01,0.000000000000000000e+00
1.136681415929203576e+00,4.410000000000000031e-01,0.000000000000000000e+00
1.139185840707964692e+00,4.410000000000000031e-01,0.000000000000000000e+00
1.141690265486725586e+00,4.410000000000000031e-01,0.000000000000000000e+00
1.144194690265486702e+00,4.410000000000000031e-01,0.000000000000000000e+00
1.146699115044247819e+00,4.410000000000000031e-01,0.000000000000000000e+00
1.149203539823008935e+00,4.410000000000000031e-01,0.000000000000000000e+00
1.151707964601770051e+00,4.410000000000000031e-01,0.000000000000000000e+00
1.154212389380530945e+00,4.410000000000000031e-01,0.000000000000000000e+00
1.156716814159292062e+00,4.410000000000000031e-01,0.000000000000000000e+00
1.159221238938053178e+00,4.410000000000000031e-01,0.000000000000000000e+00
1.161725663716814294e+00,4.410000000000000031e-01,0.000000000000000000e+00
1.164230088495575188e+00,4.410000000000000031e-01,0.000000000000000000e+00
1.166734513274336305e+00,4.410000000000000031e-01,0.000000000000000000e+00
1.169238938053097421e+00,4.410000000000000031e-01,0.000000000000000000e+00
1.171743362831858537e+00,4.410000000000000031e-01,0.000000000000000000e+00
1.174247787610619431e+00,4.410000000000000031e-01,0.000000000000000000e+00
1.176752212389380547e+00,4.410000000000000031e-01,0.000000000000000000e+00
1.179256637168141664e+00,4.410000000000000031e-01,0.000000000000000000e+00
1.181761061946902780e+00,4.410000000000000031e-01,0.000000000000000000e+00
1.184265486725663674e+00,4.410000000000000031e-01,0.000000000000000000e+00
1.186769911504424790e+00,4.410000000000000031e-01,0.000000000000000000e+00
1.189274336283185907e+00,4.410000000000000031e-01,0.000000000000000000e+00
1.191778761061947023e+00,4.410000000000000031e-01,0.000000000000000000e+00
1.194283185840708139e+00,4.410000000000000031e-01,0.000000000000000000e+00
1.196787610619469033e+00,4.410000000000000031e-01,0.000000000000000000e+00
1.199292035398230150e+00,4.410000000000000031e-01,0.000000000000000000e+00
1.201796460176991266e+00,4.410000000000000031e-01,0.000000000000000000e+00
1.204300884955752382e+00,4.410000000000000031e-01,0.000000000000000000e+00
1.206805309734513276e+00,4.410000000000000031e-01,0.000000000000000000e+00
1.209309734513274392e+00,4.410000000000000031e-01,0.000000000000000000e+00
1.211814159292035509e+00,4.410000000000000031e-01,0.000000000000000000e+00
1.214318584070796625e+00,4.410000000000000031e-01,0.000000000000000000e+00
1.216823008849557519e+00,4.410000000000000031e-01,0.000000000000000000e+00
1.219327433628318635e+00,4.410000000000000031e-01,0.000000000000000000e+00
1.221831858407079752e+00,4.410000000000000031e-01,0.000000000000000000e+00
1.224336283185840868e+00,4.410000000000000031e-01,0.000000000000000000e+00
1.226840707964601762e+00,4.410000000000000031e-01,0.000000000000000000e+00
1.229345132743362878e+00,4.410000000000000031e-01,0.000000000000000000e+00
1.231849557522123995e+00,4.410000000000000031e-01,0.000000000000000000e+00
1.234353982300885111e+00,4.410000000000000031e-01,0.000000000000000000e+00
1.236858407079646005e+00,4.410000000000000031e-01,0.000000000000000000e+00
1.239362831858407121e+00,4.410000000000000031e-01,0.000000000000000000e+00
1.241867256637168238e+00,4.410000000000000031e-01,0.000000000000000000e+00
1.244371681415929354e+00,4.410000000000000031e-01,0.000000000000000000e+00
1.246876106194690248e+00,4.410000000000000031e-01,0.000000000000000000e+00
1.249380530973451364e+00,4.410000000000000031e-01,0.000000000000000000e+00
1.251884955752212480e+00,4.410000000000000031e-01,0.000000000000000000e+00
1.254389380530973597e+00,4.410000000000000031e-01,0.000000000000000000e+00
1.256893805309734713e+00,4.410000000000000031e-01,0.000000000000000000e+00
1.259398230088495607e+00,4.410000000000000031e-01,0.000000000000000000e+00
1.261902654867256723e+00,4.410000000000000031e-01,0.000000000000000000e+00
1.264407079646017840e+00,4.410000000000000031e-01,0.000000000000000000e+00
1.266911504424778956e+00,4.410000000000000031e-01,0.000000000000000000e+00
1.269415929203539850e+00,4.410000000000000031e-01,0.000000000000000000e+00
1.271920353982300966e+00,4.410000000000000031e-01,0.000000000000000000e+00
1.274424778761062083e+00,4.410000000000000031e-01,0.000000000000000000e+00
1.276929203539823199e+00,4.410000000000000031e-01,0.000000000000000000e+00
1.279433628318584093e+00,4.410000000000000031e-01,0.000000000000000000e+00
1.281938053097345209e+00,4.410000000000000031e-01,0.000000000000000000e+00
1.284442477876106325e+00,4.410000000000000031e-01,0.000000000000000000e+00
1.286946902654867442e+00,4.410000000000000031e-01,0.000000000000000000e+00
1.289451327433628336e+00,4.410000000000000031e-01,0.000000000000000000e+00
1.291955752212389452e+00,4.410000000000000031e-01,0.000000000000000000e+00
1.294460176991150568e+00,4.410000000000000031e-01,0.000000000000000000e+00
1.296964601769911685e+00,4.410000000000000031e-01,0.000000000000000000e+00
1.299469026548672579e+00,4.410000000000000031e-01,0.000000000000000000e+00
1.301973451327433695e+00,4.410000000000000031e-01,0.000000000000000000e+00
1.304477876106194811e+00,4.410000000000000031e-01,0.000000000000000000e+00
1.306982300884955928e+00,4.410000000000000031e-01,0.000000000000000000e+00
1.309486725663716822e+00,4.410000000000000031e-01,0.000000000000000000e+00
1.311991150442477938e+00,4.410000000000000031e-01,0.000000000000000000e+00
1.314495575221239054e+00,4.410000000000000031e-01,0.000000000000000000e+00
1.317000000000000171e+00,4.410000000000000031e-01,0.000000000000000000e+00
1.319504424778761065e+00,4.410000000000000031e-01,0.000000000000000000e+00
1.322008849557522181e+00,4.410000000000000031e-01,0.000000000000000000e+00
1.324513274336283297e+00,4.410000000000000031e-01,0.000000000000000000e+00
1.327017699115044413e+00,4.410000000000000031e-01,0.000000000000000000e+00
1.329522123893805308e+00,4.410000000000000031e-01,0.000000000000000000e+00
1.332026548672566424e+00,4.410000000000000031e-01,0.000000000000000000e+00
1.334530973451327540e+00,4.410000000000000031e-01,0.000000000000000000e+00
1.337035398230088656e+00,4.410000000000000031e-01,0.000000000000000000e+00
1.339539823008849551e+00,4.410000000000000031e-01,0.000000000000000000e+00
1.342044247787610667e+00,4.410000000000000031e-01,0.000000000000000000e+00
1.344548672566371783e+00,4.410000000000000031e-01,0.000000000000000000e+00
1.347053097345132899e+00,4.410000000000000031e-01,0.000000000000000000e+00
1.349557522123893794e+00,4.410000000000000031e-01,0.000000000000000000e+00
1.352061946902654910e+00,4.410000000000000031e-01,0.000000000000000000e+00
1.354566371681416026e+00,4.410000000000000031e-01,0.000000000000000000e+00
1.357070796460177142e+00,4.410000000000000031e-01,0.000000000000000000e+00
1.359575221238938036e+00,4.410000000000000031e-01,0.000000000000000000e+00
1.362079646017699153e+00,4.410000000000000031e-01,0.000000000000000000e+00
1.364584070796460269e+00,4.410000000000000031e-01,0.000000000000000000e+00
1.367088495575221385e+00,4.410000000000000031e-01,0.000000000000000000e+00
1.369592920353982501e+00,4.410000000000000031e-01,0.000000000000000000e+00
1.372097345132743396e+00,4.410000000000000031e-01,0.000000000000000000e+00
1.374601769911504512e+00,4.410000000000000031e-01,0.000000000000000000e+00
1.377106194690265628e+00,4.410000000000000031e-01,0.000000000000000000e+00
1.379610619469026744e+00,4.410000000000000031e-01,0.000000000000000000e+00
1.382115044247787639e+00,4.410000000000000031e-01,0.000000000000000000e+00
1.384619469026548755e+00,4.410000000000000031e-01,0.000000000000000000e+00
1.387123893805309871e+00,4.410000000000000031e-01,0.000000000000000000e+00
1.389628318584070987e+00,4.410000000000000031e-01,0.000000000000000000e+00
1.392132743362831881e+00,4.410000000000000031e-01,0.000000000000000000e+00
1.394637168141592998e+00,4.410000000000000031e-01,0.000000000000000000e+00
1.397141592920354114e+00,4.410000000000000031e-01,0.000000000000000000e+00
1.399646017699115230e+00,4.410000000000000031e-01,0.000000000000000000e+00
1.402150442477876124e+00,4.410000000000000031e-01,0.000000000000000000e+00
1.404654867256637241e+00,4.410000000000000031e-01,0.000000000000000000e+00
1.407159292035398357e+00,4.410000000000000031e-01,0.000000000000000000e+00
1.409663716814159473e+00,4.410000000000000031e-01,0.000000000000000000e+00
1.412168141592920367e+00,4.410000000000000031e-01,0.000000000000000000e+00
1.414672566371681484e+00,4.410000000000000031e-01,0.000000000000000000e+00
1.417176991150442600e+00,4.410000000000000031e-01,0.000000000000000000e+00
1.419681415929203716e+00,4.410000000000000031e-01,0.000000000000000000e+00
1.422185840707964610e+00,4.410000000000000031e-01,0.000000000000000000e+00
1.424690265486725727e+00,4.410000000000000031e-01,0.000000000000000000e+00
1.427194690265486843e+00,4.410000000000000031e-01,0.000000000000000000e+00
1.429699115044247959e+00,4.410000000000000031e-01,0.000000000000000000e+00
1.432203539823008853e+00,4.410000000000000031e-01,0.000000000000000000e+00
1.434707964601769969e+00,4.410000000000000031e-01,0.000000000000000000e+00
1.437212389380531086e+00,4.410000000000000031e-01,0.000000000000000000e+00
1.439716814159292202e+00,4.410000000000000031e-01,0.000000000000000000e+00
1.442221238938053096e+00,4.410000000000000031e-01,0.000000000000000000e+00
1.444725663716814212e+00,4.410000000000000031e-01,0.000000000000000000e+00
1.447230088495575329e+00,4.410000000000000031e-01,0.000000000000000000e+00
1.449734513274336445e+00,4.410000000000000031e-01,0.000000000000000000e+00
1.452238938053097339e+00,4.410000000000000031e-01,0.000000000000000000e+00
1.454743362831858455e+00,4.410000000000000031e-01,0.000000000000000000e+00
1.457247787610619572e+00,4.410000000000000031e-01,0.000000000000000000e+00
1.459752212389380688e+00,4.410000000000000031e-01,0.000000000000000000e+00
1.462256637168141582e+00,4.410000000000000031e-01,0.000000000000000000e+00
1.464761061946902698e+00,4.410000000000000031e-01,0.000000000000000000e+00
1.467265486725663814e+00,4.410000000000000031e-01,0.000000000000000000e+00
1.469769911504424931e+00,4.410000000000000031e-01,0.000000000000000000e+00
1.472274336283186047e+00,4.410000000000000031e-01,0.000000000000000000e+00
1.474778761061946941e+00,4.410000000000000031e-01,0.000000000000000000e+00
1.477283185840708057e+00,4.410000000000000031e-01,0.000000000000000000e+00
1.479787610619469174e+00,4.410000000000000031e-01,0.000000000000000000e+00
1.482292035398230290e+00,4.410000000000000031e-01,0.000000000000000000e+00
1.484796460176991184e+00,4.410000000000000031e-01,0.000000000000000000e+00
1.487300884955752300e+00,4.410000000000000031e-01,0.000000000000000000e+00
1.489805309734513417e+00,4.410000000000000031e-01,0.000000000000000000e+00
1.492309734513274533e+00,4.410000000000000031e-01,0.000000000000000000e+00
1.494814159292035427e+00,4.410000000000000031e-01,0.000000000000000000e+00
1.497318584070796543e+00,4.410000000000000031e-01,0.000000000000000000e+00
1.499823008849557660e+00,4.410000000000000031e-01,0.000000000000000000e+00
1.502327433628318776e+00,4.410000000000000031e-01,0.000000000000000000e+00
1.504831858407079670e+00,4.410000000000000031e-01,0.000000000000000000e+00
1.507336283185840786e+00,4.410000000000000031e-01,0.000000000000000000e+00
1.509840707964601902e+00,4.410000000000000031e-01,0.000000000000000000e+00
1.512345132743363019e+00,4.410000000000000031e-01,0.000000000000000000e+00
1.514849557522123913e+00,4.410000000000000031e-01,0.000000000000000000e+00
1.517353982300885029e+00,4.410000000000000031e-01,0.000000000000000000e+00
1.519858407079646145e+00,4.410000000000000031e-01,0.000000000000000000e+00
1.522362831858407262e+00,4.410000000000000031e-01,0.000000000000000000e+00
1.524867256637168156e+00,4.410000000000000031e-01,0.000000000000000000e+00
1.527371681415929272e+00,4.410000000000000031e-01,0.000000000000000000e+00
1.529876106194690388e+00,4.410000000000000031e-01,0.000000000000000000e+00
1.532380530973451505e+00,4.410000000000000031e-01,0.000000000000000000e+00
1.534884955752212399e+00,4.410000000000000031e-01,0.000000000000000000e+00
1.537389380530973515e+00,4.410000000000000031e-01,0.000000000000000000e+00
1.539893805309734631e+00,4.410000000000000031e-01,0.000000000000000000e+00
1.542398230088495747e+00,4.410000000000000031e-01,0.000000000000000000e+00
1.544902654867256642e+00,4.410000000000000031e-01,0.000000000000000000e+00
1.547407079646017758e+00,4.410000000000000031e-01,0.000000000000000000e+00
1.549911504424778874e+00,4.410000000000000031e-01,0.000000000000000000e+00
1.552415929203539990e+00,4.410000000000000031e-01,0.000000000000000000e+00
1.554920353982300885e+00,4.410000000000000031e-01,0.000000000000000000e+00
1.557424778761062001e+00,4.410000000000000031e-01,0.000000000000000000e+00
1.559929203539823117e+00,4.410000000000000031e-01,0.000000000000000000e+00
1.562433628318584233e+00,4.410000000000000031e-01,0.000000000000000000e+00
1.564938053097345128e+00,4.410000000000000031e-01,0.000000000000000000e+00
1.567442477876106244e+00,4.410000000000000031e-01,0.000000000000000000e+00
1.569946902654867360e+00,4.410000000000000031e-01,0.000000000000000000e+00
1.572451327433628476e+00,4.410000000000000031e-01,0.000000000000000000e+00
1.574955752212389593e+00,4.410000000000000031e-01,0.000000000000000000e+00
1.577460176991150487e+00,4.410000000000000031e-01,0.000000000000000000e+00
1.579964601769911603e+00,4.410000000000000031e-01,0.000000000000000000e+00
1.582469026548672719e+00,4.410000000000000031e-01,0.000000000000000000e+00
1.584973451327433835e+00,4.410000000000000031e-01,0.000000000000000000e+00
1.587477876106194730e+00,4.410000000000000031e-01,0.000000000000000000e+00
1.589982300884955846e+00,4.410000000000000031e-01,0.000000000000000000e+00
1.592486725663716962e+00,4.410000000000000031e-01,0.000000000000000000e+00
1.594991150442478078e+00,4.410000000000000031e-01,0.000000000000000000e+00
1.597495575221238973e+00,4.410000000000000031e-01,0.000000000000000000e+00
