-1.600000000000000089e+00,2.969999999999999862e-01,0.000000000000000000e+00
-1.597496621621621760e+00,2.969999999999999862e-01,0.000000000000000000e+00
-1.594993243243243430e+00,2.969999999999999862e-01,0.000000000000000000e+00
-1.592489864864864879e+00,2.969999999999999862e-01,0.000000000000000000e+00
-1.589986486486486550e+00,2.969999999999999862e-01,0.000000000000000000e+00
-1.587483108108108221e+00,2.969999999999999862e-01,0.000000000000000000e+00
-1.584979729729729891e+00,2.969999999999999862e-01,0.000000000000000000e+00
-1.582476351351351340e+00,2.969999999999999862e-01,0.000000000000000000e+00
-1.579972972972973011e+00,2.969999999999999862e-01,0.000000000000000000e+00
-1.577469594594594682e+00,2.969999999999999862e-01,0.000000000000000000e+00
-1.574966216216216353e+00,2.969999999999999862e-01,0.000000000000000000e+00
-1.572462837837838023e+00,2.969999999999999862e-01,0.000000000000000000e+00
-1.569959459459459472e+00,2.969999999999999862e-01,0.000000000000000000e+00
-1.567456081081081143e+00,2.969999999999999862e-01,0.000000000000000000e+00
-1.564952702702702814e+00,2.969999999999999862e-01,0.000000000000000000e+00
-1.562449324324324484e+00,2.969999999999999862e-01,0.000000000000000000e+00
-1.559945945945945933e+00,2.969999999999999862e-01,0.000000000000000000e+00
-1.557442567567567604e+00,2.969999999999999862e-01,0.000000000000000000e+00
-1.554939189189189275e+00,2.969999999999999862e-01,0.000000000000000000e+00
-1.552435810810810946e+00,2.969999999999999862e-01,0.000000000000000000e+00
-1.549932432432432616e+00,2.969999999999999862e-01,0.000000000000000000e+00
-1.547429054054054065e+00,2.969999999999999862e-01,0.000000000000000000e+00
-1.544925675675675736e+00,2.969999999999999862e-01,0.000000000000000000e+00
-1.542422297297297407e+00,2.969999999999999862e-01,0.000000000000000000e+00
-1.539918918918919077e+00,2.969999999999999862e-01,0.000000000000000000e+00
-1.537415540540540526e+00,2.969999999999999862e-01,0.000000000000000000e+00
-1.534912162162162197e+00,2.969999999999999862e-01,0.000000000000000000e+00
-1.532408783783783868e+00,2.969999999999999862e-01,0.000000000000000000e+00
-1.529905405405405538e+00,2.969999999999999862e-01,0.000000000000000000e+00
-1.527402027027027209e+00,2.969999999999999862e-01,0.000000000000000000e+00
-1.524898648648648658e+00,2.969999999999999862e-01,0.000000000000000000e+00
-1.522395270270270329e+00,2.969999999999999862e-01,0.000000000000000000e+00
-1.519891891891892000e+00,2.969999999999999862e-01,0.000000000000000000e+00
-1.517388513513513670e+00,2.969999999999999862e-01,0.000000000000000000e+00
-1.514885135135135119e+00,2.969999999999999862e-01,0.000000000000000000e+00
-1.512381756756756790e+00,2.969999999999999862e-01,0.000000000000000000e+00
-1.509878378378378461e+00,2.969999999999999862e-01,0.000000000000000000e+00
-1.507375000000000131e+00,2.969999999999999862e-01,0.000000000000000000e+00
-1.504871621621621802e+00,2.969999999999999862e-01,0.000000000000000000e+00
-1.502368243243243251e+00,2.969999999999999862e-01,0.000000000000000000e+00
-1.499864864864864922e+00,2.969999999999999862e-01,0.000000000000000000e+00
-1.497361486486486593e+00,2.969999999999999862e-01,0.000000000000000000e+00
-1.494858108108108263e+00,2.969999999999999862e-01,0.000000000000000000e+00
-1.492354729729729712e+00,2.969999999999999862e-01,0.000000000000000000e+00
-1.489851351351351383e+00,2.969999999999999862e-01,0.000000000000000000e+00
-1.487347972972973054e+00,2.969999999999999862e-01,0.000000000000000000e+00
-1.484844594594594724e+00,2.969999999999999862e-01,0.000000000000000000e+00
-1.482341216216216395e+00,2.969999999999999862e-01,0.000000000000000000e+00
-1.479837837837837844e+00,2.969999999999999862e-01,0.000000000000000000e+00
-1.477334459459459515e+00,2.969999999999999862e-01,0.000000000000000000e+00
-1.474831081081081186e+00,2.969999999999999862e-01,0.000000000000000000e+00
-1.472327702702702856e+00,2.969999999999999862e-01,0.000000000000000000e+00
-1.469824324324324305e+00,2.969999999999999862e-01,0.000000000000000000e+00
-1.467320945945945976e+00,2.969999999999999862e-01,0.000000000000000000e+00
-1.464817567567567647e+00,2.969999999999999862e-01,0.000000000000000000e+00
-1.462314189189189317e+00,2.969999999999999862e-01,0.000000000000000000e+00
-1.459810810810810988e+00,2.969999999999999862e-01,0.000000000000000000e+00
-1.457307432432432437e+00,2.969999999999999862e-01,0.000000000000000000e+00
-1.454804054054054108e+00,2.969999999999999862e-01,0.000000000000000000e+00
-1.452300675675675778e+00,2.969999999999999862e-01,0.000000000000000000e+00
-1.449797297297297449e+00,2.969999999999999862e-01,0.000000000000000000e+00
-1.447293918918918898e+00,2.969999999999999862e-01,0.000000000000000000e+00
-1.444790540540540569e+00,2.969999999999999862e-01,0.000000000000000000e+00
-1.442287162162162240e+00,2.969999999999999862e-01,0.000000000000000000e+00
-1.439783783783783910e+00,2.969999999999999862e-01,0.000000000000000000e+00
-1.437280405405405581e+00,2.969999999999999862e-01,0.000000000000000000e+00
-1.434777027027027030e+00,2.969999999999999862e-01,0.000000000000000000e+00
-1.432273648648648701e+00,2.969999999999999862e-01,0.000000000000000000e+00
-1.429770270270270371e+00,2.969999999999999862e-01,0.000000000000000000e+00
-1.427266891891892042e+00,2.969999999999999862e-01,0.000000000000000000e+00
-1.424763513513513491e+00,2.969999999999999862e-01,0.000000000000000000e+00
-1.422260135135135162e+00,2.969999999999999862e-01,0.000000000000000000e+00
-1.419756756756756833e+00,2.969999999999999862e-01,0.000000000000000000e+00
-1.417253378378378503e+00,2.969999999999999862e-01,0.000000000000000000e+00
-1.414750000000000174e+00,2.969999999999999862e-01,0.000000000000000000e+00
-1.412246621621621623e+00,2.969999999999999862e-01,0.000000000000000000e+00
-1.409743243243243294e+00,2.969999999999999862e-01,0.000000000000000000e+00
-1.407239864864864964e+00,2.969999999999999862e-01,0.000000000000000000e+00
-1.404736486486486635e+00,2.969999999999999862e-01,0.000000000000000000e+00
-1.402233108108108084e+00,2.969999999999999862e-01,0.000000000000000000e+00
-1.399729729729729755e+00,2.969999999999999862e-01,0.000000000000000000e+00
-1.397226351351351425e+00,2.969999999999999862e-01,0.000000000000000000e+00
-1.394722972972973096e+00,2.969999999999999862e-01,0.000000000000000000e+00
-1.392219594594594767e+00,2.969999999999999862e-01,0.000000000000000000e+00
-1.389716216216216216e+00,2.969999999999999862e-01,0.000000000000000000e+00
-1.387212837837837887e+00,2.969999999999999862e-01,0.000000000000000000e+00
-1.384709459459459557e+00,2.969999999999999862e-01,0.000000000000000000e+00
-1.382206081081081228e+00,2.969999999999999862e-01,0.000000000000000000e+00
-1.379702702702702677e+00,2.969999999999999862e-01,0.000000000000000000e+00
-1.377199324324324348e+00,2.969999999999999862e-01,0.000000000000000000e+00
-1.374695945945946018e+00,2.969999999999999862e-01,0.000000000000000000e+00
-1.372192567567567689e+00,2.969999999999999862e-01,0.000000000000000000e+00
-1.369689189189189360e+00,2.969999999999999862e-01,0.000000000000000000e+00
-1.367185810810810809e+00,2.969999999999999862e-01,0.000000000000000000e+00
-1.364682432432432480e+00,2.969999999999999862e-01,0.000000000000000000e+00
-1.362179054054054150e+00,2.969999999999999862e-01,0.000000000000000000e+00
-1.359675675675675821e+00,2.969999999999999862e-01,0.000000000000000000e+00
-1.357172297297297270e+00,2.969999999999999862e-01,0.000000000000000000e+00
-1.354668918918918941e+00,2.969999999999999862e-01,0.000000000000000000e+00
-1.352165540540540611e+00,2.969999999999999862e-01,0.000000000000000000e+00
-1.349662162162162282e+00,2.969999999999999862e-01,0.000000000000000000e+00
-1.347158783783783953e+00,2.969999999999999862e-01,0.000000000000000000e+00
-1.344655405405405402e+00,2.969999999999999862e-01,0.000000000000000000e+00
-1.342152027027027072e+00,2.969999999999999862e-01,0.000000000000000000e+00
-1.339648648648648743e+00,2.969999999999999862e-01,0.000000000000000000e+00
-1.337145270270270192e+00,2.969999999999999862e-01,0.000000000000000000e+00
-1.334641891891891863e+00,2.969999999999999862e-01,0.000000000000000000e+00
-1.332138513513513534e+00,2.969999999999999862e-01,0.000000000000000000e+00
-1.329635135135135204e+00,2.969999999999999862e-01,0.000000000000000000e+00
-1.327131756756756875e+00,2.969999999999999862e-01,0.000000000000000000e+00
-1.324628378378378546e+00,2.969999999999999862e-01,0.000000000000000000e+00
-1.322124999999999995e+00,2.969999999999999862e-01,0.000000000000000000e+00
-1.319621621621621665e+00,2.969999999999999862e-01,0.000000000000000000e+00
-1.317118243243243336e+00,2.969999999999999862e-01,0.000000000000000000e+00
-1.314614864864864785e+00,2.969999999999999862e-01,0.000000000000000000e+00
-1.312111486486486456e+00,2.969999999999999862e-01,0.000000000000000000e+00
-1.309608108108108127e+00,2.969999999999999862e-01,0.000000000000000000e+00
-1.307104729729729797e+00,2.969999999999999862e-01,0.000000000000000000e+00
-1.304601351351351468e+00,2.969999999999999862e-01,0.000000000000000000e+00
-1.302097972972973139e+00,2.969999999999999862e-01,0.000000000000000000e+00
-1.299594594594594588e+00,2.969999999999999862e-01,0.000000000000000000e+00
-1.297091216216216258e+00,2.969999999999999862e-01,0.000000000000000000e+00
-1.294587837837837929e+00,2.969999999999999862e-01,0.000000000000000000e+00
-1.292084459459459378e+00,2.969999999999999862e-01,0.000000000000000000e+00
-1.289581081081081049e+00,2.969999999999999862e-01,0.000000000000000000e+00
-1.287077702702702720e+00,2.969999999999999862e-01,0.000000000000000000e+00
-1.284574324324324390e+00,2.969999999999999862e-01,0.000000000000000000e+00
-1.282070945945946061e+00,2.969999999999999862e-01,0.000000000000000000e+00
-1.279567567567567732e+00,2.969999999999999862e-01,0.000000000000000000e+00
-1.277064189189189181e+00,2.969999999999999862e-01,0.000000000000000000e+00
-1.274560810810810851e+00,2.969999999999999862e-01,0.000000000000000000e+00
-1.272057432432432522e+00,2.969999999999999862e-01,0.000000000000000000e+00
-1.269554054054053971e+00,2.969999999999999862e-01,0.000000000000000000e+00
-1.267050675675675642e+00,2.969999999999999862e-01,0.000000000000000000e+00
-1.264547297297297312e+00,2.969999999999999862e-01,0.000000000000000000e+00
-1.262043918918918983e+00,2.969999999999999862e-01,0.000000000000000000e+00
-1.259540540540540654e+00,2.969999999999999862e-01,0.000000000000000000e+00
-1.257037162162162325e+00,2.969999999999999862e-01,0.000000000000000000e+00
-1.254533783783783774e+00,2.969999999999999862e-01,0.000000000000000000e+00
-1.252030405405405444e+00,2.969999999999999862e-01,0.000000000000000000e+00
-1.249527027027027115e+00,2.969999999999999862e-01,0.000000000000000000e+00
-1.247023648648648564e+00,2.969999999999999862e-01,0.000000000000000000e+00
-1.244520270270270235e+00,2.969999999999999862e-01,0.000000000000000000e+00
-1.242016891891891905e+00,2.969999999999999862e-01,0.000000000000000000e+00
-1.239513513513513576e+00,2.969999999999999862e-01,0.000000000000000000e+00
-1.237010135135135247e+00,2.969999999999999862e-01,0.000000000000000000e+00
-1.234506756756756918e+00,2.969999999999999862e-01,0.000000000000000000e+00
-1.232003378378378367e+00,2.969999999999999862e-01,0.000000000000000000e+00
-1.229500000000000037e+00,2.969999999999999862e-01,0.000000000000000000e+00
-1.226996621621621708e+00,2.969999999999999862e-01,0.000000000000000000e+00
-1.224493243243243157e+00,2.969999999999999862e-01,0.000000000000000000e+00
-1.221989864864864828e+00,2.969999999999999862e-01,0.000000000000000000e+00
-1.219486486486486498e+00,2.969999999999999862e-01,0.000000000000000000e+00
-1.216983108108108169e+00,2.969999999999999862e-01,0.000000000000000000e+00
-1.214479729729729840e+00,2.969999999999999862e-01,0.000000000000000000e+00
-1.211976351351351511e+00,2.969999999999999862e-01,0.000000000000000000e+00
-1.209472972972972959e+00,2.969999999999999862e-01,0.000000000000000000e+00
-1.206969594594594630e+00,2.969999999999999862e-01,0.000000000000000000e+00
-1.204466216216216301e+00,2.969999999999999862e-01,0.000000000000000000e+00
-1.201962837837837750e+00,2.969999999999999862e-01,0.000000000000000000e+00
-1.199459459459459421e+00,2.969999999999999862e-01,0.000000000000000000e+00
-1.196956081081081091e+00,2.969999999999999862e-01,0.000000000000000000e+00
-1.194452702702702762e+00,2.969999999999999862e-01,0.000000000000000000e+00
-1.191949324324324433e+00,2.969999999999999862e-01,0.000000000000000000e+00
-1.189445945945946104e+00,2.969999999999999862e-01,0.000000000000000000e+00
-1.186942567567567552e+00,2.969999999999999862e-01,0.000000000000000000e+00
-1.184439189189189223e+00,2.969999999999999862e-01,0.000000000000000000e+00
-1.181935810810810894e+00,2.969999999999999862e-01,0.000000000000000000e+00
-1.179432432432432343e+00,2.969999999999999862e-01,0.000000000000000000e+00
-1.176929054054054014e+00,2.969999999999999862e-01,0.000000000000000000e+00
-1.174425675675675684e+00,2.969999999999999862e-01,0.000000000000000000e+00
-1.171922297297297355e+00,2.969999999999999862e-01,0.000000000000000000e+00
-1.169418918918919026e+00,2.969999999999999862e-01,0.000000000000000000e+00
-1.166915540540540697e+00,2.969999999999999862e-01,0.000000000000000000e+00
-1.164412162162162145e+00,2.969999999999999862e-01,0.000000000000000000e+00
-1.161908783783783816e+00,2.969999999999999862e-01,0.000000000000000000e+00
-1.159405405405405487e+00,2.969999999999999862e-01,0.000000000000000000e+00
-1.156902027027026936e+00,2.969999999999999862e-01,0.000000000000000000e+00
-1.154398648648648606e+00,2.969999999999999862e-01,0.000000000000000000e+00
-1.151895270270270277e+00,2.969999999999999862e-01,0.000000000000000000e+00
-1.149391891891891948e+00,2.969999999999999862e-01,0.000000000000000000e+00
-1.146888513513513619e+00,2.969999999999999862e-01,0.000000000000000000e+00
-1.144385135135135290e+00,2.969999999999999862e-01,0.000000000000000000e+00
-1.141881756756756738e+00,2.969999999999999862e-01,0.000000000000000000e+00
-1.139378378378378409e+00,2.969999999999999862e-01,0.000000000000000000e+00
-1.136875000000000080e+00,2.969999999999999862e-01,0.000000000000000000e+00
-1.134371621621621529e+00,2.969999999999999862e-01,0.000000000000000000e+00
-1.131868243243243199e+00,2.969999999999999862e-01,0.000000000000000000e+00
-1.129364864864864870e+00,2.969999999999999862e-01,0.000000000000000000e+00
-1.126861486486486541e+00,2.969999999999999862e-01,0.000000000000000000e+00
-1.124358108108108212e+00,2.969999999999999862e-01,0.000000000000000000e+00
-1.121854729729729883e+00,2.969999999999999862e-01,0.000000000000000000e+00
-1.119351351351351331e+00,2.969999999999999862e-01,0.000000000000000000e+00
-1.116847972972973002e+00,2.969999999999999862e-01,0.000000000000000000e+00
-1.114344594594594673e+00,2.969999999999999862e-01,0.000000000000000000e+00
-1.111841216216216122e+00,2.969999999999999862e-01,0.000000000000000000e+00
-1.109337837837837792e+00,2.969999999999999862e-01,0.000000000000000000e+00
-1.106834459459459463e+00,2.969999999999999862e-01,0.000000000000000000e+00
-1.104331081081081134e+00,2.969999999999999862e-01,0.000000000000000000e+00
-1.101827702702702805e+00,2.969999999999999862e-01,0.000000000000000000e+00
-1.099324324324324476e+00,2.969999999999999862e-01,0.000000000000000000e+00
-1.096820945945945924e+00,2.969999999999999862e-01,0.000000000000000000e+00
-1.094317567567567595e+00,2.969999999999999862e-01,0.000000000000000000e+00
-1.091814189189189266e+00,2.969999999999999862e-01,0.000000000000000000e+00
-1.089310810810810715e+00,2.969999999999999862e-01,0.000000000000000000e+00
-1.086807432432432385e+00,2.969999999999999862e-01,0.000000000000000000e+00
-1.084304054054054056e+00,2.969999999999999862e-01,0.000000000000000000e+00
-1.081800675675675727e+00,2.969999999999999862e-01,0.000000000000000000e+00
-1.079297297297297398e+00,2.969999999999999862e-01,0.000000000000000000e+00
-1.076793918918919069e+00,2.969999999999999862e-01,0.000000000000000000e+00
-1.074290540540540517e+00,2.969999999999999862e-01,0.000000000000000000e+00
-1.071787162162162188e+00,2.969999999999999862e-01,0.000000000000000000e+00
-1.069283783783783859e+00,2.969999999999999862e-01,0.000000000000000000e+00
-1.066780405405405308e+00,2.969999999999999862e-01,0.000000000000000000e+00
-1.064277027027026978e+00,2.969999999999999862e-01,0.000000000000000000e+00
-1.061773648648648649e+00,2.969999999999999862e-01,0.000000000000000000e+00
-1.059270270270270320e+00,2.969999999999999862e-01,0.000000000000000000e+00
-1.056766891891891991e+00,2.969999999999999862e-01,0.000000000000000000e+00
-1.054263513513513661e+00,2.969999999999999862e-01,0.000000000000000000e+00
-1.051760135135135110e+00,2.969999999999999862e-01,0.000000000000000000e+00
-1.049256756756756781e+00,2.969999999999999862e-01,0.000000000000000000e+00
-1.046753378378378452e+00,2.969999999999999862e-01,0.000000000000000000e+00
-1.044249999999999901e+00,2.969999999999999862e-01,0.000000000000000000e+00
-1.041746621621621571e+00,2.969999999999999862e-01,0.000000000000000000e+00
-1.039243243243243242e+00,2.969999999999999862e-01,0.000000000000000000e+00
-1.036739864864864913e+00,2.969999999999999862e-01,0.000000000000000000e+00
-1.034236486486486584e+00,2.969999999999999862e-01,0.000000000000000000e+00
-1.031733108108108254e+00,2.969999999999999862e-01,0.000000000000000000e+00
-1.029229729729729703e+00,2.969999999999999862e-01,0.000000000000000000e+00
-1.026726351351351374e+00,2.969999999999999862e-01,0.000000000000000000e+00
-1.024222972972973045e+00,2.969999999999999862e-01,0.000000000000000000e+00
-1.021719594594594493e+00,2.969999999999999862e-01,0.000000000000000000e+00
-1.019216216216216164e+00,2.969999999999999862e-01,0.000000000000000000e+00
-1.016712837837837835e+00,2.969999999999999862e-01,0.000000000000000000e+00
-1.014209459459459506e+00,2.969999999999999862e-01,0.000000000000000000e+00
-1.011706081081081177e+00,2.969999999999999862e-01,0.000000000000000000e+00
-1.009202702702702847e+00,2.969999999999999862e-01,0.000000000000000000e+00
-1.006699324324324296e+00,2.969999999999999862e-01,0.000000000000000000e+00
-1.004195945945945967e+00,2.969999999999999862e-01,0.000000000000000000e+00
-1.001692567567567638e+00,2.969999999999999862e-01,0.000000000000000000e+00
-9.991891891891891975e-01,2.969999999999999862e-01,0.000000000000000000e+00
-9.966858108108108683e-01,2.969999999999999862e-01,0.000000000000000000e+00
-9.941824324324324280e-01,2.969999999999999862e-01,0.000000000000000000e+00
-9.916790540540540988e-01,2.969999999999999862e-01,0.000000000000000000e+00
-9.891756756756756586e-01,2.969999999999999862e-01,0.000000000000000000e+00
-9.866722972972973293e-01,2.969999999999999862e-01,0.000000000000000000e+00
-9.841689189189188891e-01,2.969999999999999862e-01,0.000000000000000000e+00
-9.816655405405405599e-01,2.969999999999999862e-01,0.000000000000000000e+00
-9.791621621621622307e-01,2.969999999999999862e-01,0.000000000000000000e+00
-9.766587837837837904e-01,2.969999999999999862e-01,0.000000000000000000e+00
-9.741554054054054612e-01,2.969999999999999862e-01,0.000000000000000000e+00
-9.716520270270270210e-01,2.969999999999999862e-01,0.000000000000000000e+00
-9.691486486486486918e-01,2.969999999999999862e-01,0.000000000000000000e+00
-9.666452702702702515e-01,2.969999999999999862e-01,0.000000000000000000e+00
-9.641418918918919223e-01,2.969999999999999862e-01,0.000000000000000000e+00
-9.616385135135134821e-01,2.969999999999999862e-01,0.000000000000000000e+00
-9.591351351351351529e-01,2.969999999999999862e-01,0.000000000000000000e+00
-9.566317567567568236e-01,2.969999999999999862e-01,0.000000000000000000e+00
-9.541283783783783834e-01,2.969999999999999862e-01,0.000000000000000000e+00
-9.516250000000000542e-01,2.969999999999999862e-01,0.000000000000000000e+00
-9.491216216216216139e-01,2.969999999999999862e-01,0.000000000000000000e+00
-9.466182432432432847e-01,2.969999999999999862e-01,0.000000000000000000e+00
-9.441148648648648445e-01,2.969999999999999862e-01,0.000000000000000000e+00
-9.416114864864865153e-01,2.969999999999999862e-01,0.000000000000000000e+00
-9.391081081081080750e-01,2.969999999999999862e-01,0.000000000000000000e+00
-9.366047297297297458e-01,2.969999999999999862e-01,0.000000000000000000e+00
-9.341013513513514166e-01,2.969999999999999862e-01,0.000000000000000000e+00
-9.315979729729729764e-01,2.969999999999999862e-01,0.000000000000000000e+00
-9.290945945945946471e-01,2.969999999999999862e-01,0.000000000000000000e+00
-9.265912162162162069e-01,2.969999999999999862e-01,0.000000000000000000e+00
-9.240878378378378777e-01,2.969999999999999862e-01,0.000000000000000000e+00
-9.215844594594594374e-01,2.969999999999999862e-01,0.000000000000000000e+00
-9.190810810810811082e-01,2.969999999999999862e-01,0.000000000000000000e+00
-9.165777027027026680e-01,2.969999999999999862e-01,0.000000000000000000e+00
-9.140743243243243388e-01,2.969999999999999862e-01,0.000000000000000000e+00
-9.115709459459460096e-01,2.969999999999999862e-01,0.000000000000000000e+00
-9.090675675675675693e-01,2.969999999999999862e-01,0.000000000000000000e+00
-9.065641891891892401e-01,2.969999999999999862e-01,0.000000000000000000e+00
-9.040608108108107999e-01,2.969999999999999862e-01,0.000000000000000000e+00
-9.015574324324324706e-01,2.969999999999999862e-01,0.000000000000000000e+00
-8.990540540540540304e-01,2.969999999999999862e-01,0.000000000000000000e+00
-8.965506756756757012e-01,2.969999999999999862e-01,0.000000000000000000e+00
-8.940472972972972610e-01,2.969999999999999862e-01,0.000000000000000000e+00
-8.915439189189189317e-01,2.969999999999999862e-01,0.000000000000000000e+00
-8.890405405405406025e-01,2.969999999999999862e-01,0.000000000000000000e+00
-8.865371621621621623e-01,2.969999999999999862e-01,0.000000000000000000e+00
-8.840337837837838331e-01,2.969999999999999862e-01,0.000000000000000000e+00
-8.815304054054053928e-01,2.969999999999999862e-01,0.000000000000000000e+00
-8.790270270270270636e-01,2.969999999999999862e-01,0.000000000000000000e+00
-8.765236486486486234e-01,2.969999999999999862e-01,0.000000000000000000e+00
-8.740202702702702942e-01,2.969999999999999862e-01,0.000000000000000000e+00
-8.715168918918918539e-01,2.969999999999999862e-01,0.000000000000000000e+00
-8.690135135135135247e-01,2.969999999999999862e-01,0.000000000000000000e+00
-8.665101351351351955e-01,2.969999999999999862e-01,0.000000000000000000e+00
-8.640067567567567552e-01,2.969999999999999862e-01,0.000000000000000000e+00
-8.615033783783784260e-01,2.969999999999999862e-01,0.000000000000000000e+00
-8.589999999999999858e-01,2.969999999999999862e-01,0.000000000000000000e+00
-8.564966216216216566e-01,2.969999999999999862e-01,0.000000000000000000e+00
-8.539932432432432163e-01,2.969999999999999862e-01,0.000000000000000000e+00
-8.514898648648648871e-01,2.969999999999999862e-01,0.000000000000000000e+00
-8.489864864864864469e-01,2.969999999999999862e-01,0.000000000000000000e+00
-8.464831081081081177e-01,2.969999999999999862e-01,0.000000000000000000e+00
-8.439797297297297884e-01,2.969999999999999862e-01,0.000000000000000000e+00
-8.414763513513513482e-01,2.969999999999999862e-01,0.000000000000000000e+00
-8.389729729729730190e-01,2.969999999999999862e-01,0.000000000000000000e+00
-8.364695945945945788e-01,2.969999999999999862e-01,0.000000000000000000e+00
-8.339662162162162495e-01,2.969999999999999862e-01,0.000000000000000000e+00
-8.314628378378378093e-01,2.969999999999999862e-01,0.000000000000000000e+00
-8.289594594594594801e-01,2.969999999999999862e-01,0.000000000000000000e+00
-8.264560810810810398e-01,2.969999999999999862e-01,0.000000000000000000e+00
-8.239527027027027106e-01,2.969999999999999862e-01,0.000000000000000000e+00
-8.214493243243243814e-01,2.969999999999999862e-01,0.000000000000000000e+00
-8.189459459459459412e-01,2.969999999999999862e-01,0.000000000000000000e+00
-8.164425675675676120e-01,2.969999999999999862e-01,0.000000000000000000e+00
-8.139391891891891717e-01,2.969999999999999862e-01,0.000000000000000000e+00
-8.114358108108108425e-01,2.969999999999999862e-01,0.000000000000000000e+00
-8.089324324324324023e-01,2.969999999999999862e-01,0.000000000000000000e+00
-8.064290540540540730e-01,2.969999999999999862e-01,0.000000000000000000e+00
-8.039256756756756328e-01,2.969999999999999862e-01,0.000000000000000000e+00
-8.014222972972973036e-01,2.969999999999999862e-01,0.000000000000000000e+00
-7.989189189189189744e-01,2.969999999999999862e-01,0.000000000000000000e+00
-7.964155405405405341e-01,2.969999999999999862e-01,0.000000000000000000e+00
-7.939121621621622049e-01,2.969999999999999862e-01,0.000000000000000000e+00
-7.914087837837837647e-01,2.969999999999999862e-01,0.000000000000000000e+00
-7.889054054054054355e-01,2.969999999999999862e-01,0.000000000000000000e+00
-7.864020270270269952e-01,2.969999999999999862e-01,0.000000000000000000e+00
-7.838986486486486660e-01,2.969999999999999862e-01,0.000000000000000000e+00
-7.813952702702702258e-01,2.969999999999999862e-01,0.000000000000000000e+00
-7.788918918918918965e-01,2.969999999999999862e-01,0.000000000000000000e+00
-7.763885135135134563e-01,2.969999999999999862e-01,0.000000000000000000e+00
-7.738851351351351271e-01,2.969999999999999862e-01,0.000000000000000000e+00
-7.713817567567567979e-01,2.969999999999999862e-01,0.000000000000000000e+00
-7.688783783783783576e-01,2.969999999999999862e-01,0.000000000000000000e+00
-7.663750000000000284e-01,2.969999999999999862e-01,0.000000000000000000e+00
-7.638716216216215882e-01,2.969999999999999862e-01,0.000000000000000000e+00
-7.613682432432432590e-01,2.969999999999999862e-01,0.000000000000000000e+00
-7.588648648648648187e-01,2.969999999999999862e-01,0.000000000000000000e+00
-7.563614864864864895e-01,2.969999999999999862e-01,0.000000000000000000e+00
-7.538581081081080493e-01,2.969999999999999862e-01,0.000000000000000000e+00
-7.513547297297297201e-01,2.969999999999999862e-01,0.000000000000000000e+00
-7.488513513513513908e-01,2.969999999999999862e-01,0.000000000000000000e+00
-7.463479729729729506e-01,2.969999999999999862e-01,0.000000000000000000e+00
-7.438445945945946214e-01,2.969999999999999862e-01,0.000000000000000000e+00
-7.413412162162161811e-01,2.969999999999999862e-01,0.000000000000000000e+00
-7.388378378378378519e-01,2.969999999999999862e-01,0.000000000000000000e+00
-7.363344594594594117e-01,2.969999999999999862e-01,0.000000000000000000e+00
-7.338310810810810825e-01,2.969999999999999862e-01,0.000000000000000000e+00
-7.313277027027026422e-01,2.969999999999999862e-01,0.000000000000000000e+00
-7.288243243243243130e-01,2.969999999999999862e-01,0.000000000000000000e+00
-7.263209459459459838e-01,2.969999999999999862e-01,0.000000000000000000e+00
-7.238175675675675436e-01,2.969999999999999862e-01,0.000000000000000000e+00
-7.213141891891892143e-01,2.969999999999999862e-01,0.000000000000000000e+00
-7.188108108108107741e-01,2.969999999999999862e-01,0.000000000000000000e+00
-7.163074324324324449e-01,2.969999999999999862e-01,0.000000000000000000e+00
-7.138040540540540047e-01,2.969999999999999862e-01,0.000000000000000000e+00
-7.113006756756756754e-01,2.969999999999999862e-01,0.000000000000000000e+00
-7.087972972972972352e-01,2.969999999999999862e-01,0.000000000000000000e+00
-7.062939189189189060e-01,2.969999999999999862e-01,0.000000000000000000e+00
-7.037905405405405768e-01,2.969999999999999862e-01,0.000000000000000000e+00
-7.012871621621621365e-01,2.969999999999999862e-01,0.000000000000000000e+00
-6.987837837837838073e-01,2.969999999999999862e-01,0.000000000000000000e+00
-6.962804054054053671e-01,2.969999999999999862e-01,0.000000000000000000e+00
-6.937770270270270379e-01,2.969999999999999862e-01,0.000000000000000000e+00
-6.912736486486485976e-01,2.969999999999999862e-01,0.000000000000000000e+00
-6.887702702702702684e-01,2.969999999999999862e-01,0.000000000000000000e+00
-6.862668918918918282e-01,2.969999999999999862e-01,0.000000000000000000e+00
-6.837635135135134989e-01,2.969999999999999862e-01,0.000000000000000000e+00
-6.812601351351351697e-01,2.969999999999999862e-01,0.000000000000000000e+00
-6.787567567567567295e-01,2.969999999999999862e-01,0.000000000000000000e+00
-6.762533783783784003e-01,2.969999999999999862e-01,0.000000000000000000e+00
-6.737499999999999600e-01,2.969999999999999862e-01,0.000000000000000000e+00
-6.712466216216216308e-01,2.969999999999999862e-01,0.000000000000000000e+00
-6.687432432432431906e-01,2.969999999999999862e-01,0.000000000000000000e+00
-6.662398648648648614e-01,2.969999999999999862e-01,0.000000000000000000e+00
-6.637364864864864211e-01,2.969999999999999862e-01,0.000000000000000000e+00
-6.612331081081080919e-01,2.969999999999999862e-01,0.000000000000000000e+00
-6.587297297297297627e-01,2.969999999999999862e-01,0.000000000000000000e+00
-6.562263513513513224e-01,2.969999999999999862e-01,0.000000000000000000e+00
-6.537229729729729932e-01,2.969999999999999862e-01,0.000000000000000000e+00
-6.512195945945945530e-01,2.969999999999999862e-01,0.000000000000000000e+00
-6.487162162162162238e-01,2.969999999999999862e-01,0.000000000000000000e+00
-6.462128378378377835e-01,2.969999999999999862e-01,0.000000000000000000e+00
-6.437094594594594543e-01,2.969999999999999862e-01,0.000000000000000000e+00
-6.412060810810810141e-01,2.969999999999999862e-01,0.000000000000000000e+00
-6.387027027027026849e-01,2.969999999999999862e-01,0.000000000000000000e+00
-6.361993243243243557e-01,2.969999999999999862e-01,0.000000000000000000e+00
-6.336959459459459154e-01,2.969999999999999862e-01,0.000000000000000000e+00
-6.311925675675675862e-01,2.969999999999999862e-01,0.000000000000000000e+00
-6.286891891891891460e-01,2.969999999999999862e-01,0.000000000000000000e+00
-6.261858108108108167e-01,2.969999999999999862e-01,0.000000000000000000e+00
-6.236824324324323765e-01,2.969999999999999862e-01,0.000000000000000000e+00
-6.211790540540540473e-01,2.969999999999999862e-01,0.000000000000000000e+00
-6.186756756756756070e-01,2.969999999999999862e-01,0.000000000000000000e+00
-6.161722972972972778e-01,2.969999999999999862e-01,0.000000000000000000e+00
-6.136689189189189486e-01,2.969999999999999862e-01,0.000000000000000000e+00
-6.111655405405405084e-01,2.969999999999999862e-01,0.000000000000000000e+00
-6.086621621621621792e-01,2.969999999999999862e-01,0.000000000000000000e+00
-6.061587837837837389e-01,2.969999999999999862e-01,0.000000000000000000e+00
-6.036554054054054097e-01,2.969999999999999862e-01,0.000000000000000000e+00
-6.011520270270269695e-01,2.969999999999999862e-01,0.000000000000000000e+00
-5.986486486486486402e-01,2.969999999999999862e-01,0.000000000000000000e+00
-5.961452702702703110e-01,2.969999999999999862e-01,0.000000000000000000e+00
-5.936418918918917598e-01,2.969999999999999862e-01,0.000000000000000000e+00
-5.911385135135134306e-01,2.969999999999999862e-01,0.000000000000000000e+00
-5.886351351351351013e-01,2.969999999999999862e-01,0.000000000000000000e+00
-5.861317567567567721e-01,2.969999999999999862e-01,0.000000000000000000e+00
-5.836283783783784429e-01,2.969999999999999862e-01,0.000000000000000000e+00
-5.811249999999998916e-01,2.969999999999999862e-01,0.000000000000000000e+00
-5.786216216216215624e-01,2.969999999999999862e-01,0.000000000000000000e+00
-5.761182432432432332e-01,2.969999999999999862e-01,0.000000000000000000e+00
-5.736148648648649040e-01,2.969999999999999862e-01,0.000000000000000000e+00
-5.711114864864863527e-01,2.969999999999999862e-01,0.000000000000000000e+00
-5.686081081081080235e-01,2.969999999999999862e-01,0.000000000000000000e+00
-5.661047297297296943e-01,2.969999999999999862e-01,0.000000000000000000e+00
-5.636013513513513651e-01,2.969999999999999862e-01,0.000000000000000000e+00
-5.610979729729730359e-01,2.969999999999999862e-01,0.000000000000000000e+00
-5.585945945945944846e-01,2.969999999999999862e-01,0.000000000000000000e+00
-5.560912162162161554e-01,2.969999999999999862e-01,0.000000000000000000e+00
-5.535878378378378262e-01,2.969999999999999862e-01,0.000000000000000000e+00
-5.510844594594594970e-01,2.969999999999999862e-01,0.000000000000000000e+00
-5.485810810810809457e-01,2.969999999999999862e-01,0.000000000000000000e+00
-5.460777027027026165e-01,2.969999999999999862e-01,0.000000000000000000e+00
-5.435743243243242873e-01,2.969999999999999862e-01,0.000000000000000000e+00
-5.410709459459459580e-01,2.969999999999999862e-01,0.000000000000000000e+00
-5.385675675675676288e-01,2.969999999999999862e-01,0.000000000000000000e+00
-5.360641891891890776e-01,2.969999999999999862e-01,0.000000000000000000e+00
-5.335608108108107484e-01,2.969999999999999862e-01,0.000000000000000000e+00
-5.310574324324324191e-01,2.969999999999999862e-01,0.000000000000000000e+00
-5.285540540540540899e-01,2.969999999999999862e-01,0.000000000000000000e+00
-5.260506756756755387e-01,2.969999999999999862e-01,0.000000000000000000e+00
-5.235472972972972094e-01,2.969999999999999862e-01,0.000000000000000000e+00
-5.210439189189188802e-01,2.969999999999999862e-01,0.000000000000000000e+00
-5.185405405405405510e-01,2.969999999999999862e-01,0.000000000000000000e+00
-5.160371621621622218e-01,2.969999999999999862e-01,0.000000000000000000e+00
-5.135337837837836705e-01,2.969999999999999862e-01,0.000000000000000000e+00
-5.110304054054053413e-01,2.969999999999999862e-01,0.000000000000000000e+00
-5.085270270270270121e-01,2.969999999999999862e-01,0.000000000000000000e+00
-5.060236486486486829e-01,2.969999999999999862e-01,0.000000000000000000e+00
-5.035202702702701316e-01,2.969999999999999862e-01,0.000000000000000000e+00
-5.010168918918918024e-01,2.969999999999999862e-01,0.000000000000000000e+00
-4.985135135135134732e-01,2.969999999999999862e-01,0.000000000000000000e+00
-4.960101351351351440e-01,2.969999999999999862e-01,0.000000000000000000e+00
-4.935067567567568148e-01,2.969999999999999862e-01,0.000000000000000000e+00
-4.910033783783782635e-01,2.969999999999999862e-01,0.000000000000000000e+00
-4.884999999999999343e-01,2.969999999999999862e-01,0.000000000000000000e+00
-4.859966216216216051e-01,2.969999999999999862e-01,0.000000000000000000e+00
-4.834932432432432758e-01,2.969999999999999862e-01,0.000000000000000000e+00
-4.809898648648647246e-01,2.969999999999999862e-01,0.000000000000000000e+00
-4.784864864864863954e-01,2.969999999999999862e-01,0.000000000000000000e+00
-4.759831081081080661e-01,2.969999999999999862e-01,0.000000000000000000e+00
-4.734797297297297369e-01,2.969999999999999862e-01,0.000000000000000000e+00
-4.709763513513514077e-01,2.969999999999999862e-01,0.000000000000000000e+00
-4.684729729729728565e-01,2.969999999999999862e-01,0.000000000000000000e+00
-4.659695945945945272e-01,2.969999999999999862e-01,0.000000000000000000e+00
-4.634662162162161980e-01,2.969999999999999862e-01,0.000000000000000000e+00
-4.609628378378378688e-01,2.969999999999999862e-01,0.000000000000000000e+00
-4.584594594594593175e-01,2.969999999999999862e-01,0.000000000000000000e+00
-4.559560810810809883e-01,2.969999999999999862e-01,0.000000000000000000e+00
-4.534527027027026591e-01,2.969999999999999862e-01,0.000000000000000000e+00
-4.509493243243243299e-01,2.969999999999999862e-01,0.000000000000000000e+00
-4.484459459459460007e-01,2.969999999999999862e-01,0.000000000000000000e+00
-4.459425675675674494e-01,2.969999999999999862e-01,0.000000000000000000e+00
-4.434391891891891202e-01,2.969999999999999862e-01,0.000000000000000000e+00
-4.409358108108107910e-01,2.969999999999999862e-01,0.000000000000000000e+00
-4.384324324324324618e-01,2.969999999999999862e-01,0.000000000000000000e+00
-4.359290540540539105e-01,2.969999999999999862e-01,0.000000000000000000e+00
-4.334256756756755813e-01,2.969999999999999862e-01,0.000000000000000000e+00
-4.309222972972972521e-01,2.969999999999999862e-01,0.000000000000000000e+00
-4.284189189189189229e-01,2.969999999999999862e-01,0.000000000000000000e+00
-4.259155405405405936e-01,2.969999999999999862e-01,0.000000000000000000e+00
-4.234121621621620424e-01,2.969999999999999862e-01,0.000000000000000000e+00
-4.209087837837837132e-01,2.969999999999999862e-01,0.000000000000000000e+00
-4.184054054054053839e-01,2.969999999999999862e-01,0.000000000000000000e+00
-4.159020270270270547e-01,2.969999999999999862e-01,0.000000000000000000e+00
-4.133986486486485035e-01,2.969999999999999862e-01,0.000000000000000000e+00
-4.108952702702701743e-01,2.969999999999999862e-01,0.000000000000000000e+00
-4.083918918918918450e-01,2.969999999999999862e-01,0.000000000000000000e+00
-4.058885135135135158e-01,2.969999999999999862e-01,0.000000000000000000e+00
-4.033851351351351866e-01,2.969999999999999862e-01,0.000000000000000000e+00
-4.008817567567566353e-01,2.969999999999999862e-01,0.000000000000000000e+00
-3.983783783783783061e-01,2.969999999999999862e-01,0.000000000000000000e+00
-3.958749999999999769e-01,2.969999999999999862e-01,0.000000000000000000e+00
-3.933716216216216477e-01,2.969999999999999862e-01,0.000000000000000000e+00
-3.908682432432430964e-01,2.969999999999999862e-01,0.000000000000000000e+00
-3.883648648648647672e-01,2.969999999999999862e-01,0.000000000000000000e+00
-3.858614864864864380e-01,2.969999999999999862e-01,0.000000000000000000e+00
-3.833581081081081088e-01,2.969999999999999862e-01,0.000000000000000000e+00
-3.808547297297297796e-01,2.969999999999999862e-01,0.000000000000000000e+00
-3.783513513513512283e-01,2.969999999999999862e-01,0.000000000000000000e+00
-3.758479729729728991e-01,2.969999999999999862e-01,0.000000000000000000e+00
-3.733445945945945699e-01,2.969999999999999862e-01,0.000000000000000000e+00
-3.708412162162162407e-01,2.969999999999999862e-01,0.000000000000000000e+00
-3.683378378378376894e-01,2.969999999999999862e-01,0.000000000000000000e+00
-3.658344594594593602e-01,2.969999999999999862e-01,0.000000000000000000e+00
-3.633310810810810310e-01,2.969999999999999862e-01,0.000000000000000000e+00
-3.608277027027027017e-01,2.969999999999999862e-01,0.000000000000000000e+00
-3.583243243243243725e-01,2.969999999999999862e-01,0.000000000000000000e+00
-3.558209459459458213e-01,2.969999999999999862e-01,0.000000000000000000e+00
-3.533175675675674920e-01,2.969999999999999862e-01,0.000000000000000000e+00
-3.508141891891891628e-01,2.969999999999999862e-01,0.000000000000000000e+00
-3.483108108108108336e-01,2.969999999999999862e-01,0.000000000000000000e+00
-3.458074324324322824e-01,2.969999999999999862e-01,0.000000000000000000e+00
-3.433040540540539531e-01,2.969999999999999862e-01,0.000000000000000000e+00
-3.408006756756756239e-01,2.969999999999999862e-01,0.000000000000000000e+00
-3.382972972972972947e-01,2.969999999999999862e-01,0.000000000000000000e+00
-3.357939189189189655e-01,2.969999999999999862e-01,0.000000000000000000e+00
-3.332905405405404142e-01,2.969999999999999862e-01,0.000000000000000000e+00
-3.307871621621620850e-01,2.969999999999999862e-01,0.000000000000000000e+00
-3.282837837837837558e-01,2.969999999999999862e-01,0.000000000000000000e+00
-3.257804054054054266e-01,2.969999999999999862e-01,0.000000000000000000e+00
-3.232770270270268753e-01,2.969999999999999862e-01,0.000000000000000000e+00
-3.207736486486485461e-01,2.969999999999999862e-01,0.000000000000000000e+00
-3.182702702702702169e-01,2.969999999999999862e-01,0.000000000000000000e+00
-3.157668918918918877e-01,2.969999999999999862e-01,0.000000000000000000e+00
-3.132635135135135585e-01,2.969999999999999862e-01,0.000000000000000000e+00
-3.107601351351350072e-01,2.969999999999999862e-01,0.000000000000000000e+00
-3.082567567567566780e-01,2.969999999999999862e-01,0.000000000000000000e+00
-3.057533783783783488e-01,2.969999999999999862e-01,0.000000000000000000e+00
-3.032500000000000195e-01,2.969999999999999862e-01,0.000000000000000000e+00
-3.007466216216214683e-01,2.969999999999999862e-01,0.000000000000000000e+00
-2.982432432432431391e-01,2.969999999999999862e-01,0.000000000000000000e+00
-2.957398648648648098e-01,2.969999999999999862e-01,0.000000000000000000e+00
-2.932364864864864806e-01,2.969999999999999862e-01,0.000000000000000000e+00
-2.907331081081081514e-01,2.969999999999999862e-01,0.000000000000000000e+00
-2.882297297297296002e-01,2.969999999999999862e-01,0.000000000000000000e+00
-2.857263513513512709e-01,2.969999999999999862e-01,0.000000000000000000e+00
-2.832229729729729417e-01,2.969999999999999862e-01,0.000000000000000000e+00
-2.807195945945946125e-01,2.969999999999999862e-01,0.000000000000000000e+00
-2.782162162162160612e-01,2.969999999999999862e-01,0.000000000000000000e+00
-2.757128378378377320e-01,2.969999999999999862e-01,0.000000000000000000e+00
-2.732094594594594028e-01,2.969999999999999862e-01,0.000000000000000000e+00
-2.707060810810810736e-01,2.969999999999999862e-01,0.000000000000000000e+00
-2.682027027027027444e-01,2.969999999999999862e-01,0.000000000000000000e+00
-2.656993243243241931e-01,2.969999999999999862e-01,0.000000000000000000e+00
-2.631959459459458639e-01,2.969999999999999862e-01,0.000000000000000000e+00
-2.606925675675675347e-01,2.969999999999999862e-01,0.000000000000000000e+00
-2.581891891891892055e-01,2.969999999999999862e-01,0.000000000000000000e+00
-2.556858108108106542e-01,2.969999999999999862e-01,0.000000000000000000e+00
-2.531824324324323250e-01,2.969999999999999862e-01,0.000000000000000000e+00
-2.506790540540539958e-01,2.969999999999999862e-01,0.000000000000000000e+00
-2.481756756756756666e-01,2.969999999999999862e-01,0.000000000000000000e+00
-2.456722972972973373e-01,2.969999999999999862e-01,0.000000000000000000e+00
-2.431689189189187861e-01,2.969999999999999862e-01,0.000000000000000000e+00
-2.406655405405404569e-01,2.969999999999999862e-01,0.000000000000000000e+00
-2.381621621621621276e-01,2.969999999999999862e-01,0.000000000000000000e+00
-2.356587837837837984e-01,2.969999999999999862e-01,0.000000000000000000e+00
-2.331554054054052472e-01,2.969999999999999862e-01,0.000000000000000000e+00
-2.306520270270269179e-01,2.969999999999999862e-01,0.000000000000000000e+00
-2.281486486486485887e-01,2.969999999999999862e-01,0.000000000000000000e+00
-2.256452702702702595e-01,2.969999999999999862e-01,0.000000000000000000e+00
-2.231418918918919303e-01,2.969999999999999862e-01,0.000000000000000000e+00
-2.206385135135133790e-01,2.969999999999999862e-01,0.000000000000000000e+00
-2.181351351351350498e-01,2.969999999999999862e-01,0.000000000000000000e+00
-2.156317567567567206e-01,2.969999999999999862e-01,0.000000000000000000e+00
-2.131283783783783914e-01,2.969999999999999862e-01,0.000000000000000000e+00
-2.106249999999998401e-01,2.969999999999999862e-01,0.000000000000000000e+00
-2.081216216216215109e-01,2.969999999999999862e-01,0.000000000000000000e+00
-2.056182432432431817e-01,2.969999999999999862e-01,0.000000000000000000e+00
-2.031148648648648525e-01,2.969999999999999862e-01,0.000000000000000000e+00
-2.006114864864865233e-01,2.969999999999999862e-01,0.000000000000000000e+00
-1.981081081081079720e-01,2.969999999999999862e-01,0.000000000000000000e+00
-1.956047297297296428e-01,2.969999999999999862e-01,0.000000000000000000e+00
-1.931013513513513136e-01,2.969999999999999862e-01,0.000000000000000000e+00
-1.905979729729729844e-01,2.969999999999999862e-01,0.000000000000000000e+00
-1.880945945945944331e-01,2.969999999999999862e-01,0.000000000000000000e+00
-1.855912162162161039e-01,2.969999999999999862e-01,0.000000000000000000e+00
-1.830878378378377747e-01,2.969999999999999862e-01,0.000000000000000000e+00
-1.805844594594594454e-01,2.969999999999999862e-01,0.000000000000000000e+00
-1.780810810810811162e-01,2.969999999999999862e-01,0.000000000000000000e+00
-1.755777027027025650e-01,2.969999999999999862e-01,0.000000000000000000e+00
-1.730743243243242357e-01,2.969999999999999862e-01,0.000000000000000000e+00
-1.705709459459459065e-01,2.969999999999999862e-01,0.000000000000000000e+00
-1.680675675675675773e-01,2.969999999999999862e-01,0.000000000000000000e+00
-1.655641891891890261e-01,2.969999999999999862e-01,0.000000000000000000e+00
-1.630608108108106968e-01,2.969999999999999862e-01,0.000000000000000000e+00
-1.605574324324323676e-01,2.969999999999999862e-01,0.000000000000000000e+00
-1.580540540540540384e-01,2.969999999999999862e-01,0.000000000000000000e+00
-1.555506756756757092e-01,2.969999999999999862e-01,0.000000000000000000e+00
-1.530472972972971579e-01,2.969999999999999862e-01,0.000000000000000000e+00
-1.505439189189188287e-01,2.969999999999999862e-01,0.000000000000000000e+00
-1.480405405405404995e-01,2.969999999999999862e-01,0.000000000000000000e+00
-1.455371621621621703e-01,2.969999999999999862e-01,0.000000000000000000e+00
-1.430337837837836190e-01,2.969999999999999862e-01,0.000000000000000000e+00
-1.405304054054052898e-01,2.969999999999999862e-01,0.000000000000000000e+00
-1.380270270270269606e-01,2.969999999999999862e-01,0.000000000000000000e+00
-1.355236486486486314e-01,2.969999999999999862e-01,0.000000000000000000e+00
-1.330202702702703021e-01,2.969999999999999862e-01,0.000000000000000000e+00
-1.305168918918917509e-01,2.969999999999999862e-01,0.000000000000000000e+00
-1.280135135135134217e-01,2.969999999999999862e-01,0.000000000000000000e+00
-1.255101351351350925e-01,2.969999999999999862e-01,0.000000000000000000e+00
-1.230067567567567632e-01,2.969999999999999862e-01,0.000000000000000000e+00
-1.205033783783782120e-01,2.969999999999999862e-01,0.000000000000000000e+00
-1.179999999999999938e-01,2.969999999999999862e-01,0.000000000000000000e+00
-1.179999999999999938e-01,2.969999999999999862e-01,2.514533448977489094e+00
-1.153793103448275820e-01,2.969999999999999862e-01,2.111828059777915545e+00
-1.127586206896551702e-01,2.969999999999999862e-01,1.744588164541974740e+00
-1.101379310344827583e-01,2.969999999999999862e-01,1.412813763269630929e+00
-1.075172413793103465e-01,2.969999999999999862e-01,1.116504855960925635e+00
-1.048965517241379208e-01,2.969999999999999862e-01,8.556614426158153375e-01
-1.022758620689655229e-01,2.969999999999999862e-01,6.302835232343340088e-01
-9.965517241379309721e-02,2.969999999999999862e-01,4.403710978164741552e-01
-9.703448275862068539e-02,2.969999999999999862e-01,2.859241663622159035e-01
-9.441379310344827358e-02,2.969999999999999862e-01,1.669427288715837066e-01
-9.179310344827586177e-02,2.969999999999999862e-01,8.342678534457764750e-02
-8.917241379310344995e-02,2.969999999999999862e-01,3.537633578117123367e-02
-8.655172413793103814e-02,2.969999999999999862e-01,2.279138018138828978e-02
-8.393103448275862632e-02,2.969999999999999862e-01,4.567191854522857641e-02
-8.131034482758620063e-02,2.969999999999999862e-01,1.024721951147914561e-01
-7.868965517241380270e-02,2.969999999999999862e-01,1.576398274585578962e-01
-7.606896551724137701e-02,2.969999999999999862e-01,1.756224331450570719e-01
-7.344827586206897907e-02,2.969999999999999862e-01,1.548742564163618773e-01
-7.082758620689655338e-02,2.969999999999999862e-01,9.539529727249164426e-02
-6.820689655172414156e-02,2.969999999999999862e-01,-2.814444286562326532e-03
-6.558620689655172975e-02,2.969999999999999862e-01,-1.397549682607885924e-01
-6.296551724137931794e-02,2.969999999999999862e-01,-3.154262746502030645e-01
-6.034482758620690612e-02,2.969999999999999862e-01,-5.298283634548057730e-01
-5.772413793103449431e-02,2.969999999999999862e-01,-7.829612346745675744e-01
-5.510344827586208249e-02,2.969999999999999862e-01,-1.074824888309522830e+00
-5.248275862068967068e-02,2.969999999999999862e-01,-1.405419324359663547e+00
-4.986206896551725887e-02,2.969999999999999862e-01,-1.774744542824972626e+00
-4.724137931034483318e-02,2.969999999999999862e-01,-2.182800543705472940e+00
-4.462068965517242136e-02,2.969999999999999862e-01,-2.629587327001147390e+00
-4.200000000000000261e-02,2.969999999999999862e-01,0.000000000000000000e+00
-4.200000000000000261e-02,2.969999999999999862e-01,0.000000000000000000e+00
-3.933333333333333820e-02,2.969999999999999862e-01,0.000000000000000000e+00
-3.666666666666666685e-02,2.969999999999999862e-01,0.000000000000000000e+00
-3.400000000000000244e-02,2.969999999999999862e-01,0.000000000000000000e+00
-3.133333333333333803e-02,2.969999999999999862e-01,0.000000000000000000e+00
-2.866666666666667015e-02,2.969999999999999862e-01,0.000000000000000000e+00
-2.600000000000000228e-02,2.969999999999999862e-01,0.000000000000000000e+00
-2.333333333333333787e-02,2.969999999999999862e-01,0.000000000000000000e+00
-2.066666666666666999e-02,2.969999999999999862e-01,0.000000000000000000e+00
-1.800000000000000211e-02,2.969999999999999862e-01,0.000000000000000000e+00
-1.533333333333333770e-02,2.969999999999999862e-01,0.000000000000000000e+00
-1.266666666666666982e-02,2.969999999999999862e-01,0.000000000000000000e+00
-1.000000000000000194e-02,2.969999999999999862e-01,0.000000000000000000e+00
-7.333333333333337534e-03,2.969999999999999862e-01,0.000000000000000000e+00
-4.666666666666673124e-03,2.969999999999999862e-01,0.000000000000000000e+00
-2.000000000000001776e-03,-2.000000000000001776e-03,0.000000000000000000e+00
6.666666666666626329e-04,2.969999999999999862e-01,0.000000000000000000e+00
3.333333333333327042e-03,2.969999999999999862e-01,0.000000000000000000e+00
5.999999999999998390e-03,2.969999999999999862e-01,0.000000000000000000e+00
8.666666666666662799e-03,2.969999999999999862e-01,0.000000000000000000e+00
1.133333333333332721e-02,2.969999999999999862e-01,0.000000000000000000e+00
1.400000000000000029e-02,2.969999999999999862e-01,0.000000000000000000e+00
1.400000000000000029e-02,2.969999999999999862e-01,-7.387131961705884819e+00
1.700000000000000122e-02,2.969999999999999862e-01,1.562410191281703398e+01
2.000000000000000042e-02,2.969999999999999862e-01,2.198920416339764206e+00
2.299999999999999961e-02,2.969999999999999862e-01,8.925149093466544503e-01
2.600000000000000228e-02,2.969999999999999862e-01,2.559946900076074172e+00
2.900000000000000494e-02,2.969999999999999862e-01,-1.019991272301449259e+00
3.200000000000000067e-02,2.969999999999999862e-01,0.000000000000000000e+00
3.425000000000000266e-02,2.969999999999999862e-01,0.000000000000000000e+00
3.650000000000000466e-02,2.969999999999999862e-01,0.000000000000000000e+00
3.874999999999999972e-02,2.969999999999999862e-01,8.914440919475357106e-01
4.100000000000000172e-02,2.969999999999999862e-01,1.386200586442520311e-01
4.357142857142857345e-02,2.969999999999999862e-01,1.314648652100665061e-01
4.614285714285714518e-02,2.969999999999999862e-01,1.087022318069419402e-01
4.871428571428571691e-02,2.969999999999999862e-01,7.033215843487027052e-02
5.128571428571428864e-02,2.969999999999999862e-01,1.635464509387035345e-02
5.385714285714286037e-02,2.969999999999999862e-01,-5.323030821608761010e-02
5.642857142857142516e-02,2.969999999999999862e-01,-1.315117632769150779e-01
5.899999999999999689e-02,2.969999999999999862e-01,-1.636051845025547347e-01
6.157142857142856862e-02,2.969999999999999862e-01,-1.233411623241053440e-01
6.414285714285714035e-02,2.969999999999999862e-01,-3.456626008213421752e-02
6.671428571428571208e-02,2.969999999999999862e-01,2.138735433787773699e-02
6.928571428571428381e-02,2.969999999999999862e-01,2.731325020684045868e-02
7.185714285714285554e-02,2.969999999999999862e-01,-2.379271775369338690e-02
7.442857142857142727e-02,2.969999999999999862e-01,-2.576689655831788106e-01
7.699999999999999900e-02,2.969999999999999862e-01,-7.792090681029975041e-01
7.957142857142857073e-02,2.969999999999999862e-01,-9.641286240972738453e-01
8.214285714285714246e-02,2.969999999999999862e-01,2.663114585171869608e-01
8.471428571428571419e-02,2.969999999999999862e-01,-1.496493841692709559e+01
8.728571428571428592e-02,2.969999999999999862e-01,4.333333752769042313e+00
8.985714285714285765e-02,2.969999999999999862e-01,-1.061675881306585190e+01
9.242857142857142938e-02,2.969999999999999862e-01,6.990542596152648613e+00
9.500000000000000111e-02,2.969999999999999862e-01,0.000000000000000000e+00
9.500000000000000111e-02,2.969999999999999862e-01,0.000000000000000000e+00
9.761538461538461775e-02,2.969999999999999862e-01,0.000000000000000000e+00
1.002307692307692344e-01,2.969999999999999862e-01,0.000000000000000000e+00
1.028461538461538510e-01,2.969999999999999862e-01,0.000000000000000000e+00
1.054615384615384677e-01,2.969999999999999862e-01,0.000000000000000000e+00
1.080769230769230843e-01,2.969999999999999862e-01,0.000000000000000000e+00
1.106923076923077010e-01,2.969999999999999862e-01,0.000000000000000000e+00
1.133076923076923037e-01,2.969999999999999862e-01,0.000000000000000000e+00
1.159230769230769342e-01,2.969999999999999862e-01,0.000000000000000000e+00
1.185384615384615370e-01,2.969999999999999862e-01,0.000000000000000000e+00
1.211538461538461675e-01,2.969999999999999862e-01,0.000000000000000000e+00
1.237692307692307703e-01,2.969999999999999862e-01,0.000000000000000000e+00
1.263846153846153730e-01,2.969999999999999862e-01,3.395742747357287872e+00
1.290000000000000036e-01,2.969999999999999862e-01,0.000000000000000000e+00
1.290000000000000036e-01,2.969999999999999862e-01,4.677230016747541796e+00
1.315517241379310365e-01,2.969999999999999862e-01,1.129800103798118682e+00
1.341034482758620694e-01,2.969999999999999862e-01,1.060723405536984076e+00
1.366551724137931023e-01,2.969999999999999862e-01,9.895400998286938421e-01
1.392068965517241352e-01,2.969999999999999862e-01,9.162501866732412070e-01
1.417586206896551682e-01,2.969999999999999862e-01,8.408536660706195098e-01
1.443103448275862011e-01,2.969999999999999862e-01,7.633505380208475133e-01
1.468620689655172340e-01,2.969999999999999862e-01,6.837408025239037901e-01
1.494137931034482669e-01,2.969999999999999862e-01,6.020244595798152076e-01
1.519655172413792998e-01,2.969999999999999862e-01,5.182015091885464608e-01
1.545172413793103605e-01,2.969999999999999862e-01,4.322719513501225852e-01
1.570689655172413934e-01,2.969999999999999862e-01,3.442357860645428591e-01
1.596206896551724264e-01,2.969999999999999862e-01,2.540930133317939599e-01
1.621724137931034593e-01,2.969999999999999862e-01,1.618436331518895155e-01
1.647241379310344922e-01,2.969999999999999862e-01,6.748764552482131029e-02
1.672758620689655251e-01,2.969999999999999862e-01,-2.897494954940789402e-02
1.698275862068965580e-01,2.969999999999999862e-01,-1.275441520708008314e-01
1.723793103448275910e-01,2.969999999999999862e-01,-2.282199620393520756e-01
1.749310344827586239e-01,2.969999999999999862e-01,-3.310023794550670528e-01
1.774827586206896568e-01,2.969999999999999862e-01,-4.358914043179376030e-01
1.800344827586206897e-01,2.969999999999999862e-01,-5.428870366279745507e-01
1.825862068965517226e-01,2.969999999999999862e-01,-6.519892763851791173e-01
1.851379310344827833e-01,2.969999999999999862e-01,-7.631981235895344273e-01
1.876896551724138162e-01,2.969999999999999862e-01,-8.765135782410516940e-01
1.902413793103448492e-01,2.969999999999999862e-01,-9.919356403397409094e-01
1.927931034482758821e-01,2.969999999999999862e-01,-1.109464309885582978e+00
1.953448275862069150e-01,2.969999999999999862e-01,-1.229099586878586114e+00
1.978965517241379479e-01,2.969999999999999862e-01,-1.350841471318751541e+00
2.004482758620689808e-01,2.969999999999999862e-01,-1.474689963206080812e+00
2.030000000000000138e-01,2.969999999999999862e-01,0.000000000000000000e+00
2.030000000000000138e-01,2.969999999999999862e-01,0.000000000000000000e+00
2.055035842293906900e-01,2.969999999999999862e-01,0.000000000000000000e+00
2.080071684587813663e-01,2.969999999999999862e-01,0.000000000000000000e+00
2.105107526881720426e-01,2.969999999999999862e-01,0.000000000000000000e+00
2.130143369175627466e-01,2.969999999999999862e-01,0.000000000000000000e+00
2.155179211469534228e-01,2.969999999999999862e-01,0.000000000000000000e+00
2.180215053763440991e-01,2.969999999999999862e-01,0.000000000000000000e+00
2.205250896057347754e-01,2.969999999999999862e-01,0.000000000000000000e+00
2.230286738351254516e-01,2.969999999999999862e-01,0.000000000000000000e+00
2.255322580645161556e-01,2.969999999999999862e-01,0.000000000000000000e+00
2.280358422939068319e-01,2.969999999999999862e-01,0.000000000000000000e+00
2.305394265232975082e-01,2.969999999999999862e-01,0.000000000000000000e+00
2.330430107526881844e-01,2.969999999999999862e-01,0.000000000000000000e+00
2.355465949820788607e-01,2.969999999999999862e-01,0.000000000000000000e+00
2.380501792114695370e-01,2.969999999999999862e-01,0.000000000000000000e+00
2.405537634408602132e-01,2.969999999999999862e-01,0.000000000000000000e+00
2.430573476702509172e-01,2.969999999999999862e-01,0.000000000000000000e+00
2.455609318996415935e-01,2.969999999999999862e-01,0.000000000000000000e+00
2.480645161290322698e-01,2.969999999999999862e-01,0.000000000000000000e+00
2.505681003584229738e-01,2.969999999999999862e-01,0.000000000000000000e+00
2.530716845878136501e-01,2.969999999999999862e-01,0.000000000000000000e+00
2.555752688172043263e-01,2.969999999999999862e-01,0.000000000000000000e+00
2.580788530465950026e-01,2.969999999999999862e-01,0.000000000000000000e+00
2.605824372759856788e-01,2.969999999999999862e-01,0.000000000000000000e+00
2.630860215053763551e-01,2.969999999999999862e-01,0.000000000000000000e+00
2.655896057347670314e-01,2.969999999999999862e-01,0.000000000000000000e+00
2.680931899641577076e-01,2.969999999999999862e-01,0.000000000000000000e+00
2.705967741935483839e-01,2.969999999999999862e-01,0.000000000000000000e+00
2.731003584229391157e-01,2.969999999999999862e-01,0.000000000000000000e+00
2.756039426523297919e-01,2.969999999999999862e-01,0.000000000000000000e+00
2.781075268817204682e-01,2.969999999999999862e-01,0.000000000000000000e+00
2.806111111111111445e-01,2.969999999999999862e-01,0.000000000000000000e+00
2.831146953405018207e-01,2.969999999999999862e-01,0.000000000000000000e+00
2.856182795698924970e-01,2.969999999999999862e-01,0.000000000000000000e+00
2.881218637992831733e-01,2.969999999999999862e-01,0.000000000000000000e+00
2.906254480286738495e-01,2.969999999999999862e-01,0.000000000000000000e+00
2.931290322580645258e-01,2.969999999999999862e-01,0.000000000000000000e+00
2.956326164874552020e-01,2.969999999999999862e-01,0.000000000000000000e+00
2.981362007168458783e-01,2.969999999999999862e-01,0.000000000000000000e+00
3.006397849462365546e-01,2.969999999999999862e-01,0.000000000000000000e+00
3.031433691756272308e-01,2.969999999999999862e-01,0.000000000000000000e+00
3.056469534050179071e-01,2.969999999999999862e-01,0.000000000000000000e+00
3.081505376344085834e-01,2.969999999999999862e-01,0.000000000000000000e+00
3.106541218637993151e-01,2.969999999999999862e-01,0.000000000000000000e+00
3.131577060931899914e-01,2.969999999999999862e-01,0.000000000000000000e+00
3.156612903225806677e-01,2.969999999999999862e-01,0.000000000000000000e+00
3.181648745519713439e-01,2.969999999999999862e-01,0.000000000000000000e+00
3.206684587813620202e-01,2.969999999999999862e-01,0.000000000000000000e+00
3.231720430107526965e-01,2.969999999999999862e-01,0.000000000000000000e+00
3.256756272401433727e-01,2.969999999999999862e-01,0.000000000000000000e+00
3.281792114695341045e-01,2.969999999999999862e-01,0.000000000000000000e+00
3.306827956989247808e-01,2.969999999999999862e-01,0.000000000000000000e+00
3.331863799283154570e-01,2.969999999999999862e-01,0.000000000000000000e+00
3.356899641577061333e-01,2.969999999999999862e-01,0.000000000000000000e+00
3.381935483870968095e-01,2.969999999999999862e-01,0.000000000000000000e+00
3.406971326164874858e-01,2.969999999999999862e-01,0.000000000000000000e+00
3.432007168458781621e-01,2.969999999999999862e-01,0.000000000000000000e+00
3.457043010752688383e-01,2.969999999999999862e-01,0.000000000000000000e+00
3.482078853046595146e-01,2.969999999999999862e-01,0.000000000000000000e+00
3.507114695340501909e-01,2.969999999999999862e-01,0.000000000000000000e+00
3.532150537634408671e-01,2.969999999999999862e-01,0.000000000000000000e+00
3.557186379928315434e-01,2.969999999999999862e-01,0.000000000000000000e+00
3.582222222222222197e-01,2.969999999999999862e-01,0.000000000000000000e+00
3.607258064516128959e-01,2.969999999999999862e-01,0.000000000000000000e+00
3.632293906810035722e-01,2.969999999999999862e-01,0.000000000000000000e+00
3.657329749103942484e-01,2.969999999999999862e-01,0.000000000000000000e+00
3.682365591397849247e-01,2.969999999999999862e-01,0.000000000000000000e+00
3.707401433691756565e-01,2.969999999999999862e-01,0.000000000000000000e+00
3.732437275985663327e-01,2.969999999999999862e-01,0.000000000000000000e+00
3.757473118279570090e-01,2.969999999999999862e-01,0.000000000000000000e+00
3.782508960573476853e-01,2.969999999999999862e-01,0.000000000000000000e+00
3.807544802867383615e-01,2.969999999999999862e-01,0.000000000000000000e+00
3.832580645161290378e-01,2.969999999999999862e-01,0.000000000000000000e+00
3.857616487455197696e-01,2.969999999999999862e-01,0.000000000000000000e+00
3.882652329749104458e-01,2.969999999999999862e-01,0.000000000000000000e+00
3.907688172043011221e-01,2.969999999999999862e-01,0.000000000000000000e+00
3.932724014336917984e-01,2.969999999999999862e-01,0.000000000000000000e+00
3.957759856630824746e-01,2.969999999999999862e-01,0.000000000000000000e+00
3.982795698924731509e-01,2.969999999999999862e-01,0.000000000000000000e+00
4.007831541218638272e-01,2.969999999999999862e-01,0.000000000000000000e+00
4.032867383512545034e-01,2.969999999999999862e-01,0.000000000000000000e+00
4.057903225806451797e-01,2.969999999999999862e-01,0.000000000000000000e+00
4.082939068100358559e-01,2.969999999999999862e-01,0.000000000000000000e+00
4.107974910394265322e-01,2.969999999999999862e-01,0.000000000000000000e+00
4.133010752688172085e-01,2.969999999999999862e-01,0.000000000000000000e+00
4.158046594982078847e-01,2.969999999999999862e-01,0.000000000000000000e+00
4.183082437275985610e-01,2.969999999999999862e-01,0.000000000000000000e+00
4.208118279569892373e-01,2.969999999999999862e-01,0.000000000000000000e+00
4.233154121863799135e-01,2.969999999999999862e-01,0.000000000000000000e+00
4.258189964157705898e-01,2.969999999999999862e-01,0.000000000000000000e+00
4.283225806451612661e-01,2.969999999999999862e-01,0.000000000000000000e+00
4.308261648745519978e-01,2.969999999999999862e-01,0.000000000000000000e+00
4.333297491039426741e-01,2.969999999999999862e-01,0.000000000000000000e+00
4.358333333333333504e-01,2.969999999999999862e-01,0.000000000000000000e+00
4.383369175627240266e-01,2.969999999999999862e-01,0.000000000000000000e+00
4.408405017921147029e-01,2.969999999999999862e-01,0.000000000000000000e+00
4.433440860215053791e-01,2.969999999999999862e-01,0.000000000000000000e+00
4.458476702508961109e-01,2.969999999999999862e-01,0.000000000000000000e+00
4.483512544802867872e-01,2.969999999999999862e-01,0.000000000000000000e+00
4.508548387096774634e-01,2.969999999999999862e-01,0.000000000000000000e+00
4.533584229390681397e-01,2.969999999999999862e-01,0.000000000000000000e+00
4.558620071684588160e-01,2.969999999999999862e-01,0.000000000000000000e+00
4.583655913978494922e-01,2.969999999999999862e-01,0.000000000000000000e+00
4.608691756272401685e-01,2.969999999999999862e-01,0.000000000000000000e+00
4.633727598566308448e-01,2.969999999999999862e-01,0.000000000000000000e+00
4.658763440860215210e-01,2.969999999999999862e-01,0.000000000000000000e+00
4.683799283154121973e-01,2.969999999999999862e-01,0.000000000000000000e+00
4.708835125448028736e-01,2.969999999999999862e-01,0.000000000000000000e+00
4.733870967741935498e-01,2.969999999999999862e-01,0.000000000000000000e+00
4.758906810035842261e-01,2.969999999999999862e-01,0.000000000000000000e+00
4.783942652329749023e-01,2.969999999999999862e-01,0.000000000000000000e+00
4.808978494623656341e-01,2.969999999999999862e-01,0.000000000000000000e+00
4.834014336917563104e-01,2.969999999999999862e-01,0.000000000000000000e+00
4.859050179211469866e-01,2.969999999999999862e-01,0.000000000000000000e+00
4.884086021505376629e-01,2.969999999999999862e-01,0.000000000000000000e+00
4.909121863799283392e-01,2.969999999999999862e-01,0.000000000000000000e+00
4.934157706093190154e-01,2.969999999999999862e-01,0.000000000000000000e+00
4.959193548387096917e-01,2.969999999999999862e-01,0.000000000000000000e+00
4.984229390681003680e-01,2.969999999999999862e-01,0.000000000000000000e+00
5.009265232974910997e-01,2.969999999999999862e-01,0.000000000000000000e+00
5.034301075268816650e-01,2.969999999999999862e-01,0.000000000000000000e+00
5.059336917562724523e-01,2.969999999999999862e-01,0.000000000000000000e+00
5.084372759856630175e-01,2.969999999999999862e-01,0.000000000000000000e+00
5.109408602150538048e-01,2.969999999999999862e-01,0.000000000000000000e+00
5.134444444444444811e-01,2.969999999999999862e-01,0.000000000000000000e+00
5.159480286738351573e-01,2.969999999999999862e-01,0.000000000000000000e+00
5.184516129032258336e-01,2.969999999999999862e-01,0.000000000000000000e+00
5.209551971326165098e-01,2.969999999999999862e-01,0.000000000000000000e+00
5.234587813620071861e-01,2.969999999999999862e-01,0.000000000000000000e+00
5.259623655913978624e-01,2.969999999999999862e-01,0.000000000000000000e+00
5.284659498207885386e-01,2.969999999999999862e-01,0.000000000000000000e+00
5.309695340501792149e-01,2.969999999999999862e-01,0.000000000000000000e+00
5.334731182795698912e-01,2.969999999999999862e-01,0.000000000000000000e+00
5.359767025089605674e-01,2.969999999999999862e-01,0.000000000000000000e+00
5.384802867383513547e-01,2.969999999999999862e-01,0.000000000000000000e+00
5.409838709677419200e-01,2.969999999999999862e-01,0.000000000000000000e+00
5.434874551971327072e-01,2.969999999999999862e-01,0.000000000000000000e+00
5.459910394265232725e-01,2.969999999999999862e-01,0.000000000000000000e+00
5.484946236559140598e-01,2.969999999999999862e-01,0.000000000000000000e+00
5.509982078853046250e-01,2.969999999999999862e-01,0.000000000000000000e+00
5.535017921146954123e-01,2.969999999999999862e-01,0.000000000000000000e+00
5.560053763440859775e-01,2.969999999999999862e-01,0.000000000000000000e+00
5.585089605734767648e-01,2.969999999999999862e-01,0.000000000000000000e+00
5.610125448028673301e-01,2.969999999999999862e-01,0.000000000000000000e+00
5.635161290322581173e-01,2.969999999999999862e-01,0.000000000000000000e+00
5.660197132616486826e-01,2.969999999999999862e-01,0.000000000000000000e+00
5.685232974910394699e-01,2.969999999999999862e-01,0.000000000000000000e+00
5.710268817204301461e-01,2.969999999999999862e-01,0.000000000000000000e+00
5.735304659498208224e-01,2.969999999999999862e-01,0.000000000000000000e+00
5.760340501792114987e-01,2.969999999999999862e-01,0.000000000000000000e+00
5.785376344086021749e-01,2.969999999999999862e-01,0.000000000000000000e+00
5.810412186379928512e-01,2.969999999999999862e-01,0.000000000000000000e+00
5.835448028673835275e-01,2.969999999999999862e-01,0.000000000000000000e+00
5.860483870967742037e-01,2.969999999999999862e-01,0.000000000000000000e+00
5.885519713261648800e-01,2.969999999999999862e-01,0.000000000000000000e+00
5.910555555555555562e-01,2.969999999999999862e-01,0.000000000000000000e+00
5.935591397849462325e-01,2.969999999999999862e-01,0.000000000000000000e+00
5.960627240143369088e-01,2.969999999999999862e-01,0.000000000000000000e+00
5.985663082437275850e-01,2.969999999999999862e-01,0.000000000000000000e+00
6.010698924731183723e-01,2.969999999999999862e-01,0.000000000000000000e+00
6.035734767025089376e-01,2.969999999999999862e-01,0.000000000000000000e+00
6.060770609318997248e-01,2.969999999999999862e-01,0.000000000000000000e+00
6.085806451612902901e-01,2.969999999999999862e-01,0.000000000000000000e+00
6.110842293906810774e-01,2.969999999999999862e-01,0.000000000000000000e+00
6.135878136200716426e-01,2.969999999999999862e-01,0.000000000000000000e+00
6.160913978494624299e-01,2.969999999999999862e-01,0.000000000000000000e+00
6.185949820788529951e-01,2.969999999999999862e-01,0.000000000000000000e+00
6.210985663082437824e-01,2.969999999999999862e-01,0.000000000000000000e+00
6.236021505376343477e-01,2.969999999999999862e-01,0.000000000000000000e+00
6.261057347670251350e-01,2.969999999999999862e-01,0.000000000000000000e+00
6.286093189964158112e-01,2.969999999999999862e-01,0.000000000000000000e+00
6.311129032258064875e-01,2.969999999999999862e-01,0.000000000000000000e+00
6.336164874551971637e-01,2.969999999999999862e-01,0.000000000000000000e+00
6.361200716845878400e-01,2.969999999999999862e-01,0.000000000000000000e+00
6.386236559139785163e-01,2.969999999999999862e-01,0.000000000000000000e+00
6.411272401433691925e-01,2.969999999999999862e-01,0.000000000000000000e+00
6.436308243727598688e-01,2.969999999999999862e-01,0.000000000000000000e+00
6.461344086021505451e-01,2.969999999999999862e-01,0.000000000000000000e+00
6.486379928315412213e-01,2.969999999999999862e-01,0.000000000000000000e+00
6.511415770609318976e-01,2.969999999999999862e-01,0.000000000000000000e+00
6.536451612903225739e-01,2.969999999999999862e-01,0.000000000000000000e+00
6.561487455197132501e-01,2.969999999999999862e-01,0.000000000000000000e+00
6.586523297491040374e-01,2.969999999999999862e-01,0.000000000000000000e+00
6.611559139784946026e-01,2.969999999999999862e-01,0.000000000000000000e+00
6.636594982078853899e-01,2.969999999999999862e-01,0.000000000000000000e+00
6.661630824372759552e-01,2.969999999999999862e-01,0.000000000000000000e+00
6.686666666666667425e-01,2.969999999999999862e-01,0.000000000000000000e+00
6.711702508960573077e-01,2.969999999999999862e-01,0.000000000000000000e+00
6.736738351254480950e-01,2.969999999999999862e-01,0.000000000000000000e+00
6.761774193548386602e-01,2.969999999999999862e-01,0.000000000000000000e+00
6.786810035842294475e-01,2.969999999999999862e-01,0.000000000000000000e+00
6.811845878136200128e-01,2.969999999999999862e-01,0.000000000000000000e+00
6.836881720430108000e-01,2.969999999999999862e-01,0.000000000000000000e+00
6.861917562724014763e-01,2.969999999999999862e-01,0.000000000000000000e+00
6.886953405017921526e-01,2.969999999999999862e-01,0.000000000000000000e+00
6.911989247311828288e-01,2.969999999999999862e-01,0.000000000000000000e+00
6.937025089605735051e-01,2.969999999999999862e-01,0.000000000000000000e+00
6.962060931899641814e-01,2.969999999999999862e-01,0.000000000000000000e+00
6.987096774193548576e-01,2.969999999999999862e-01,0.000000000000000000e+00
7.012132616487455339e-01,2.969999999999999862e-01,0.000000000000000000e+00
7.037168458781362101e-01,2.969999999999999862e-01,0.000000000000000000e+00
7.062204301075269974e-01,2.969999999999999862e-01,0.000000000000000000e+00
7.087240143369175627e-01,2.969999999999999862e-01,0.000000000000000000e+00
7.112275985663083500e-01,2.969999999999999862e-01,0.000000000000000000e+00
7.137311827956989152e-01,2.969999999999999862e-01,0.000000000000000000e+00
7.162347670250897025e-01,2.969999999999999862e-01,0.000000000000000000e+00
7.187383512544802677e-01,2.969999999999999862e-01,0.000000000000000000e+00
7.212419354838710550e-01,2.969999999999999862e-01,0.000000000000000000e+00
7.237455197132616203e-01,2.969999999999999862e-01,0.000000000000000000e+00
7.262491039426524075e-01,2.969999999999999862e-01,0.000000000000000000e+00
7.287526881720429728e-01,2.969999999999999862e-01,0.000000000000000000e+00
7.312562724014337601e-01,2.969999999999999862e-01,0.000000000000000000e+00
7.337598566308243253e-01,2.969999999999999862e-01,0.000000000000000000e+00
7.362634408602151126e-01,2.969999999999999862e-01,0.000000000000000000e+00
7.387670250896056778e-01,2.969999999999999862e-01,0.000000000000000000e+00
7.412706093189964651e-01,2.969999999999999862e-01,0.000000000000000000e+00
7.437741935483870304e-01,2.969999999999999862e-01,0.000000000000000000e+00
7.462777777777778176e-01,2.969999999999999862e-01,0.000000000000000000e+00
7.487813620071683829e-01,2.969999999999999862e-01,0.000000000000000000e+00
7.512849462365591702e-01,2.969999999999999862e-01,0.000000000000000000e+00
7.537885304659497354e-01,2.969999999999999862e-01,0.000000000000000000e+00
7.562921146953405227e-01,2.969999999999999862e-01,0.000000000000000000e+00
7.587956989247313100e-01,2.969999999999999862e-01,0.000000000000000000e+00
7.612992831541218752e-01,2.969999999999999862e-01,0.000000000000000000e+00
7.638028673835126625e-01,2.969999999999999862e-01,0.000000000000000000e+00
7.663064516129032278e-01,2.969999999999999862e-01,0.000000000000000000e+00
7.688100358422940150e-01,2.969999999999999862e-01,0.000000000000000000e+00
7.713136200716845803e-01,2.969999999999999862e-01,0.000000000000000000e+00
7.738172043010753676e-01,2.969999999999999862e-01,0.000000000000000000e+00
7.763207885304659328e-01,2.969999999999999862e-01,0.000000000000000000e+00
7.788243727598567201e-01,2.969999999999999862e-01,0.000000000000000000e+00
7.813279569892472853e-01,2.969999999999999862e-01,0.000000000000000000e+00
7.838315412186380726e-01,2.969999999999999862e-01,0.000000000000000000e+00
7.863351254480286379e-01,2.969999999999999862e-01,0.000000000000000000e+00
7.888387096774194251e-01,2.969999999999999862e-01,0.000000000000000000e+00
7.913422939068099904e-01,2.969999999999999862e-01,0.000000000000000000e+00
7.938458781362007777e-01,2.969999999999999862e-01,0.000000000000000000e+00
7.963494623655913429e-01,2.969999999999999862e-01,0.000000000000000000e+00
7.988530465949821302e-01,2.969999999999999862e-01,0.000000000000000000e+00
8.013566308243726954e-01,2.969999999999999862e-01,0.000000000000000000e+00
8.038602150537634827e-01,2.969999999999999862e-01,0.000000000000000000e+00
8.063637992831540480e-01,2.969999999999999862e-01,0.000000000000000000e+00
8.088673835125448353e-01,2.969999999999999862e-01,0.000000000000000000e+00
8.113709677419354005e-01,2.969999999999999862e-01,0.000000000000000000e+00
8.138745519713261878e-01,2.969999999999999862e-01,0.000000000000000000e+00
8.163781362007169751e-01,2.969999999999999862e-01,0.000000000000000000e+00
8.188817204301075403e-01,2.969999999999999862e-01,0.000000000000000000e+00
8.213853046594983276e-01,2.969999999999999862e-01,0.000000000000000000e+00
8.238888888888888928e-01,2.969999999999999862e-01,0.000000000000000000e+00
8.263924731182796801e-01,2.969999999999999862e-01,0.000000000000000000e+00
8.288960573476702454e-01,2.969999999999999862e-01,0.000000000000000000e+00
8.313996415770610326e-01,2.969999999999999862e-01,0.000000000000000000e+00
8.339032258064515979e-01,2.969999999999999862e-01,0.000000000000000000e+00
8.364068100358423852e-01,2.969999999999999862e-01,0.000000000000000000e+00
8.389103942652329504e-01,2.969999999999999862e-01,0.000000000000000000e+00
8.414139784946237377e-01,2.969999999999999862e-01,0.000000000000000000e+00
8.439175627240143029e-01,2.969999999999999862e-01,0.000000000000000000e+00
8.464211469534050902e-01,2.969999999999999862e-01,0.000000000000000000e+00
8.489247311827956555e-01,2.969999999999999862e-01,0.000000000000000000e+00
8.514283154121864428e-01,2.969999999999999862e-01,0.000000000000000000e+00
8.539318996415770080e-01,2.969999999999999862e-01,0.000000000000000000e+00
8.564354838709677953e-01,2.969999999999999862e-01,0.000000000000000000e+00
8.589390681003583605e-01,2.969999999999999862e-01,0.000000000000000000e+00
8.614426523297491478e-01,2.969999999999999862e-01,0.000000000000000000e+00
8.639462365591397131e-01,2.969999999999999862e-01,0.000000000000000000e+00
8.664498207885305003e-01,2.969999999999999862e-01,0.000000000000000000e+00
8.689534050179210656e-01,2.969999999999999862e-01,0.000000000000000000e+00
8.714569892473118529e-01,2.969999999999999862e-01,0.000000000000000000e+00
8.739605734767026401e-01,2.969999999999999862e-01,0.000000000000000000e+00
8.764641577060932054e-01,2.969999999999999862e-01,0.000000000000000000e+00
8.789677419354839927e-01,2.969999999999999862e-01,0.000000000000000000e+00
8.814713261648745579e-01,2.969999999999999862e-01,0.000000000000000000e+00
8.839749103942653452e-01,2.969999999999999862e-01,0.000000000000000000e+00
8.864784946236559104e-01,2.969999999999999862e-01,0.000000000000000000e+00
8.889820788530466977e-01,2.969999999999999862e-01,0.000000000000000000e+00
8.914856630824372630e-01,2.969999999999999862e-01,0.000000000000000000e+00
8.939892473118280503e-01,2.969999999999999862e-01,0.000000000000000000e+00
8.964928315412186155e-01,2.969999999999999862e-01,0.000000000000000000e+00
8.989964157706094028e-01,2.969999999999999862e-01,0.000000000000000000e+00
9.014999999999999680e-01,2.969999999999999862e-01,0.000000000000000000e+00
9.040035842293907553e-01,2.969999999999999862e-01,0.000000000000000000e+00
9.065071684587813206e-01,2.969999999999999862e-01,0.000000000000000000e+00
9.090107526881721078e-01,2.969999999999999862e-01,0.000000000000000000e+00
9.115143369175626731e-01,2.969999999999999862e-01,0.000000000000000000e+00
9.140179211469534604e-01,2.969999999999999862e-01,0.000000000000000000e+00
9.165215053763440256e-01,2.969999999999999862e-01,0.000000000000000000e+00
9.190250896057348129e-01,2.969999999999999862e-01,0.000000000000000000e+00
9.215286738351253781e-01,2.969999999999999862e-01,0.000000000000000000e+00
9.240322580645161654e-01,2.969999999999999862e-01,0.000000000000000000e+00
9.265358422939067307e-01,2.969999999999999862e-01,0.000000000000000000e+00
9.290394265232975179e-01,2.969999999999999862e-01,0.000000000000000000e+00
9.315430107526883052e-01,2.969999999999999862e-01,0.000000000000000000e+00
9.340465949820788705e-01,2.969999999999999862e-01,0.000000000000000000e+00
9.365501792114696578e-01,2.969999999999999862e-01,0.000000000000000000e+00
9.390537634408602230e-01,2.969999999999999862e-01,0.000000000000000000e+00
9.415573476702510103e-01,2.969999999999999862e-01,0.000000000000000000e+00
9.440609318996415755e-01,2.969999999999999862e-01,0.000000000000000000e+00
9.465645161290323628e-01,2.969999999999999862e-01,0.000000000000000000e+00
9.490681003584229281e-01,2.969999999999999862e-01,0.000000000000000000e+00
9.515716845878137153e-01,2.969999999999999862e-01,0.000000000000000000e+00
9.540752688172042806e-01,2.969999999999999862e-01,0.000000000000000000e+00
9.565788530465950679e-01,2.969999999999999862e-01,0.000000000000000000e+00
9.590824372759856331e-01,2.969999999999999862e-01,0.000000000000000000e+00
9.615860215053764204e-01,2.969999999999999862e-01,0.000000000000000000e+00
9.640896057347669856e-01,2.969999999999999862e-01,0.000000000000000000e+00
9.665931899641577729e-01,2.969999999999999862e-01,0.000000000000000000e+00
9.690967741935483382e-01,2.969999999999999862e-01,0.000000000000000000e+00
9.716003584229391254e-01,2.969999999999999862e-01,0.000000000000000000e+00
9.741039426523296907e-01,2.969999999999999862e-01,0.000000000000000000e+00
9.766075268817204780e-01,2.969999999999999862e-01,0.000000000000000000e+00
9.791111111111110432e-01,2.969999999999999862e-01,0.000000000000000000e+00
9.816146953405018305e-01,2.969999999999999862e-01,0.000000000000000000e+00
9.841182795698923957e-01,2.969999999999999862e-01,0.000000000000000000e+00
9.866218637992831830e-01,2.969999999999999862e-01,0.000000000000000000e+00
9.891254480286737483e-01,2.969999999999999862e-01,0.000000000000000000e+00
9.916290322580645356e-01,2.969999999999999862e-01,0.000000000000000000e+00
9.941326164874553228e-01,2.969999999999999862e-01,0.000000000000000000e+00
9.966362007168458881e-01,2.969999999999999862e-01,0.000000000000000000e+00
9.991397849462366754e-01,2.969999999999999862e-01,0.000000000000000000e+00
1.001643369175627241e+00,2.969999999999999862e-01,0.000000000000000000e+00
1.004146953405018028e+00,2.969999999999999862e-01,0.000000000000000000e+00
1.006650537634408593e+00,2.969999999999999862e-01,0.000000000000000000e+00
1.009154121863799380e+00,2.969999999999999862e-01,0.000000000000000000e+00
1.011657706093189946e+00,2.969999999999999862e-01,0.000000000000000000e+00
1.014161290322580733e+00,2.969999999999999862e-01,0.000000000000000000e+00
1.016664874551971298e+00,2.969999999999999862e-01,0.000000000000000000e+00
1.019168458781362085e+00,2.969999999999999862e-01,0.000000000000000000e+00
1.021672043010752651e+00,2.969999999999999862e-01,0.000000000000000000e+00
1.024175627240143438e+00,2.969999999999999862e-01,0.000000000000000000e+00
1.026679211469534003e+00,2.969999999999999862e-01,0.000000000000000000e+00
1.029182795698924791e+00,2.969999999999999862e-01,0.000000000000000000e+00
1.031686379928315356e+00,2.969999999999999862e-01,0.000000000000000000e+00
1.034189964157706143e+00,2.969999999999999862e-01,0.000000000000000000e+00
1.036693548387096708e+00,2.969999999999999862e-01,0.000000000000000000e+00
1.039197132616487496e+00,2.969999999999999862e-01,0.000000000000000000e+00
1.041700716845878061e+00,2.969999999999999862e-01,0.000000000000000000e+00
1.044204301075268848e+00,2.969999999999999862e-01,0.000000000000000000e+00
1.046707885304659413e+00,2.969999999999999862e-01,0.000000000000000000e+00
1.049211469534050201e+00,2.969999999999999862e-01,0.000000000000000000e+00
1.051715053763440988e+00,2.969999999999999862e-01,0.000000000000000000e+00
1.054218637992831553e+00,2.969999999999999862e-01,0.000000000000000000e+00
1.056722222222222340e+00,2.969999999999999862e-01,0.000000000000000000e+00
1.059225806451612906e+00,2.969999999999999862e-01,0.000000000000000000e+00
1.061729390681003693e+00,2.969999999999999862e-01,0.000000000000000000e+00
1.064232974910394258e+00,2.969999999999999862e-01,0.000000000000000000e+00
1.066736559139785046e+00,2.969999999999999862e-01,0.000000000000000000e+00
1.069240143369175611e+00,2.969999999999999862e-01,0.000000000000000000e+00
1.071743727598566398e+00,2.969999999999999862e-01,0.000000000000000000e+00
1.074247311827956963e+00,2.969999999999999862e-01,0.000000000000000000e+00
1.076750896057347751e+00,2.969999999999999862e-01,0.000000000000000000e+00
1.079254480286738316e+00,2.969999999999999862e-01,0.000000000000000000e+00
1.081758064516129103e+00,2.969999999999999862e-01,0.000000000000000000e+00
1.084261648745519668e+00,2.969999999999999862e-01,0.000000000000000000e+00
1.086765232974910456e+00,2.969999999999999862e-01,0.000000000000000000e+00
1.089268817204301021e+00,2.969999999999999862e-01,0.000000000000000000e+00
1.091772401433691808e+00,2.969999999999999862e-01,0.000000000000000000e+00
1.094275985663082373e+00,2.969999999999999862e-01,0.000000000000000000e+00
1.096779569892473161e+00,2.969999999999999862e-01,0.000000000000000000e+00
1.099283154121863726e+00,2.969999999999999862e-01,0.000000000000000000e+00
1.101786738351254513e+00,2.969999999999999862e-01,0.000000000000000000e+00
1.104290322580645078e+00,2.969999999999999862e-01,0.000000000000000000e+00
1.106793906810035866e+00,2.969999999999999862e-01,0.000000000000000000e+00
1.109297491039426653e+00,2.969999999999999862e-01,0.000000000000000000e+00
1.111801075268817218e+00,2.969999999999999862e-01,0.000000000000000000e+00
1.114304659498208006e+00,2.969999999999999862e-01,0.000000000000000000e+00
1.116808243727598571e+00,2.969999999999999862e-01,0.000000000000000000e+00
1.119311827956989358e+00,2.969999999999999862e-01,0.000000000000000000e+00
1.121815412186379923e+00,2.969999999999999862e-01,0.000000000000000000e+00
1.124318996415770711e+00,2.969999999999999862e-01,0.000000000000000000e+00
1.126822580645161276e+00,2.969999999999999862e-01,0.000000000000000000e+00
1.129326164874552063e+00,2.969999999999999862e-01,0.000000000000000000e+00
1.131829749103942628e+00,2.969999999999999862e-01,0.000000000000000000e+00
1.134333333333333416e+00,2.969999999999999862e-01,0.000000000000000000e+00
1.136836917562723981e+00,2.969999999999999862e-01,0.000000000000000000e+00
1.139340501792114768e+00,2.969999999999999862e-01,0.000000000000000000e+00
1.141844086021505333e+00,2.969999999999999862e-01,0.000000000000000000e+00
1.144347670250896121e+00,2.969999999999999862e-01,0.000000000000000000e+00
1.146851254480286686e+00,2.969999999999999862e-01,0.000000000000000000e+00
1.149354838709677473e+00,2.969999999999999862e-01,0.000000000000000000e+00
1.151858422939068038e+00,2.969999999999999862e-01,0.000000000000000000e+00
1.154362007168458826e+00,2.969999999999999862e-01,0.000000000000000000e+00
1.156865591397849391e+00,2.969999999999999862e-01,0.000000000000000000e+00
1.159369175627240178e+00,2.969999999999999862e-01,0.000000000000000000e+00
1.161872759856630744e+00,2.969999999999999862e-01,0.000000000000000000e+00
1.164376344086021531e+00,2.969999999999999862e-01,0.000000000000000000e+00
1.166879928315412318e+00,2.969999999999999862e-01,0.000000000000000000e+00
1.169383512544802883e+00,2.969999999999999862e-01,0.000000000000000000e+00
1.171887096774193671e+00,2.969999999999999862e-01,0.000000000000000000e+00
1.174390681003584236e+00,2.969999999999999862e-01,0.000000000000000000e+00
1.176894265232975023e+00,2.969999999999999862e-01,0.000000000000000000e+00
1.179397849462365588e+00,2.969999999999999862e-01,0.000000000000000000e+00
1.181901433691756376e+00,2.969999999999999862e-01,0.000000000000000000e+00
1.184405017921146941e+00,2.969999999999999862e-01,0.000000000000000000e+00
1.186908602150537728e+00,2.969999999999999862e-01,0.000000000000000000e+00
1.189412186379928293e+00,2.969999999999999862e-01,0.000000000000000000e+00
1.191915770609319081e+00,2.969999999999999862e-01,0.000000000000000000e+00
1.194419354838709646e+00,2.969999999999999862e-01,0.000000000000000000e+00
1.196922939068100433e+00,2.969999999999999862e-01,0.000000000000000000e+00
1.199426523297490998e+00,2.969999999999999862e-01,0.000000000000000000e+00
1.201930107526881786e+00,2.969999999999999862e-01,0.000000000000000000e+00
1.204433691756272573e+00,2.969999999999999862e-01,0.000000000000000000e+00
1.206937275985663138e+00,2.969999999999999862e-01,0.000000000000000000e+00
1.209440860215053926e+00,2.969999999999999862e-01,0.000000000000000000e+00
1.211944444444444491e+00,2.969999999999999862e-01,0.000000000000000000e+00
1.214448028673835278e+00,2.969999999999999862e-01,0.000000000000000000e+00
1.216951612903225843e+00,2.969999999999999862e-01,0.000000000000000000e+00
1.219455197132616631e+00,2.969999999999999862e-01,0.000000000000000000e+00
1.221958781362007196e+00,2.969999999999999862e-01,0.000000000000000000e+00
1.224462365591397983e+00,2.969999999999999862e-01,0.000000000000000000e+00
1.226965949820788548e+00,2.969999999999999862e-01,0.000000000000000000e+00
1.229469534050179336e+00,2.969999999999999862e-01,0.000000000000000000e+00
1.231973118279569901e+00,2.969999999999999862e-01,0.000000000000000000e+00
1.234476702508960688e+00,2.969999999999999862e-01,0.000000000000000000e+00
1.236980286738351253e+00,2.969999999999999862e-01,0.000000000000000000e+00
1.239483870967742041e+00,2.969999999999999862e-01,0.000000000000000000e+00
1.241987455197132606e+00,2.969999999999999862e-01,0.000000000000000000e+00
1.244491039426523393e+00,2.969999999999999862e-01,0.000000000000000000e+00
1.246994623655913959e+00,2.969999999999999862e-01,0.000000000000000000e+00
1.249498207885304746e+00,2.969999999999999862e-01,0.000000000000000000e+00
1.252001792114695533e+00,2.969999999999999862e-01,0.000000000000000000e+00
1.254505376344086098e+00,2.969999999999999862e-01,0.000000000000000000e+00
1.257008960573476886e+00,2.969999999999999862e-01,0.000000000000000000e+00
1.259512544802867451e+00,2.969999999999999862e-01,0.000000000000000000e+00
1.262016129032258238e+00,2.969999999999999862e-01,0.000000000000000000e+00
1.264519713261648803e+00,2.969999999999999862e-01,0.000000000000000000e+00
1.267023297491039591e+00,2.969999999999999862e-01,0.000000000000000000e+00
1.269526881720430156e+00,2.969999999999999862e-01,0.000000000000000000e+00
1.272030465949820943e+00,2.969999999999999862e-01,0.000000000000000000e+00
1.274534050179211508e+00,2.969999999999999862e-01,0.000000000000000000e+00
1.277037634408602296e+00,2.969999999999999862e-01,0.000000000000000000e+00
1.279541218637992861e+00,2.969999999999999862e-01,0.000000000000000000e+00
1.282044802867383648e+00,2.969999999999999862e-01,0.000000000000000000e+00
1.284548387096774213e+00,2.969999999999999862e-01,0.000000000000000000e+00
1.287051971326165001e+00,2.969999999999999862e-01,0.000000000000000000e+00
1.289555555555555566e+00,2.969999999999999862e-01,0.000000000000000000e+00
1.292059139784946353e+00,2.969999999999999862e-01,0.000000000000000000e+00
1.294562724014336919e+00,2.969999999999999862e-01,0.000000000000000000e+00
1.297066308243727706e+00,2.969999999999999862e-01,0.000000000000000000e+00
1.299569892473118271e+00,2.969999999999999862e-01,0.000000000000000000e+00
1.302073476702509058e+00,2.969999999999999862e-01,0.000000000000000000e+00
1.304577060931899624e+00,2.969999999999999862e-01,0.000000000000000000e+00
1.307080645161290411e+00,2.969999999999999862e-01,0.000000000000000000e+00
1.309584229390680976e+00,2.969999999999999862e-01,0.000000000000000000e+00
1.312087813620071763e+00,2.969999999999999862e-01,0.000000000000000000e+00
1.314591397849462551e+00,2.969999999999999862e-01,0.000000000000000000e+00
1.317094982078853116e+00,2.969999999999999862e-01,0.000000000000000000e+00
1.319598566308243903e+00,2.969999999999999862e-01,0.000000000000000000e+00
1.322102150537634468e+00,2.969999999999999862e-01,0.000000000000000000e+00
1.324605734767025256e+00,2.969999999999999862e-01,0.000000000000000000e+00
1.327109318996415821e+00,2.969999999999999862e-01,0.000000000000000000e+00
1.329612903225806608e+00,2.969999999999999862e-01,0.000000000000000000e+00
1.332116487455197174e+00,2.969999999999999862e-01,0.000000000000000000e+00
1.334620071684587961e+00,2.969999999999999862e-01,0.000000000000000000e+00
1.337123655913978526e+00,2.969999999999999862e-01,0.000000000000000000e+00
1.339627240143369313e+00,2.969999999999999862e-01,0.000000000000000000e+00
1.342130824372759879e+00,2.969999999999999862e-01,0.000000000000000000e+00
1.344634408602150666e+00,2.969999999999999862e-01,0.000000000000000000e+00
1.347137992831541231e+00,2.969999999999999862e-01,0.000000000000000000e+00
1.349641577060932018e+00,2.969999999999999862e-01,0.000000000000000000e+00
1.352145161290322584e+00,2.969999999999999862e-01,0.000000000000000000e+00
1.354648745519713371e+00,2.969999999999999862e-01,0.000000000000000000e+00
1.357152329749103936e+00,2.969999999999999862e-01,0.000000000000000000e+00
1.359655913978494723e+00,2.969999999999999862e-01,0.000000000000000000e+00
1.362159498207885289e+00,2.969999999999999862e-01,0.000000000000000000e+00
1.364663082437276076e+00,2.969999999999999862e-01,0.000000000000000000e+00
1.367166666666666641e+00,2.969999999999999862e-01,0.000000000000000000e+00
1.369670250896057428e+00,2.969999999999999862e-01,0.000000000000000000e+00
1.372173835125448216e+00,2.969999999999999862e-01,0.000000000000000000e+00
1.374677419354838781e+00,2.969999999999999862e-01,0.000000000000000000e+00
1.377181003584229568e+00,2.969999999999999862e-01,0.000000000000000000e+00
1.379684587813620134e+00,2.969999999999999862e-01,0.000000000000000000e+00
1.382188172043010921e+00,2.969999999999999862e-01,0.000000000000000000e+00
1.384691756272401486e+00,2.969999999999999862e-01,0.000000000000000000e+00
1.387195340501792273e+00,2.969999999999999862e-01,0.000000000000000000e+00
1.389698924731182839e+00,2.969999999999999862e-01,0.000000000000000000e+00
1.392202508960573626e+00,2.969999999999999862e-01,0.000000000000000000e+00
1.394706093189964191e+00,2.969999999999999862e-01,0.000000000000000000e+00
1.397209677419354978e+00,2.969999999999999862e-01,0.000000000000000000e+00
1.399713261648745544e+00,2.969999999999999862e-01,0.000000000000000000e+00
1.402216845878136331e+00,2.969999999999999862e-01,0.000000000000000000e+00
1.404720430107526896e+00,2.969999999999999862e-01,0.000000000000000000e+00
1.407224014336917683e+00,2.969999999999999862e-01,0.000000000000000000e+00
1.409727598566308249e+00,2.969999999999999862e-01,0.000000000000000000e+00
1.412231182795699036e+00,2.969999999999999862e-01,0.000000000000000000e+00
1.414734767025089601e+00,2.969999999999999862e-01,0.000000000000000000e+00
1.417238351254480389e+00,2.969999999999999862e-01,0.000000000000000000e+00
1.419741935483870954e+00,2.969999999999999862e-01,0.000000000000000000e+00
1.422245519713261741e+00,2.969999999999999862e-01,0.000000000000000000e+00
1.424749103942652306e+00,2.969999999999999862e-01,0.000000000000000000e+00
1.427252688172043094e+00,2.969999999999999862e-01,0.000000000000000000e+00
1.429756272401433881e+00,2.969999999999999862e-01,0.000000000000000000e+00
1.432259856630824446e+00,2.969999999999999862e-01,0.000000000000000000e+00
1.434763440860215233e+00,2.969999999999999862e-01,0.000000000000000000e+00
1.437267025089605799e+00,2.969999999999999862e-01,0.000000000000000000e+00
1.439770609318996586e+00,2.969999999999999862e-01,0.000000000000000000e+00
1.442274193548387151e+00,2.969999999999999862e-01,0.000000000000000000e+00
1.444777777777777938e+00,2.969999999999999862e-01,0.000000000000000000e+00
1.447281362007168504e+00,2.969999999999999862e-01,0.000000000000000000e+00
1.449784946236559291e+00,2.969999999999999862e-01,0.000000000000000000e+00
1.452288530465949856e+00,2.969999999999999862e-01,0.000000000000000000e+00
1.454792114695340643e+00,2.969999999999999862e-01,0.000000000000000000e+00
1.457295698924731209e+00,2.969999999999999862e-01,0.000000000000000000e+00
1.459799283154121996e+00,2.969999999999999862e-01,0.000000000000000000e+00
1.462302867383512561e+00,2.969999999999999862e-01,0.000000000000000000e+00
1.464806451612903349e+00,2.969999999999999862e-01,0.000000000000000000e+00
1.467310035842293914e+00,2.969999999999999862e-01,0.000000000000000000e+00
1.469813620071684701e+00,2.969999999999999862e-01,0.000000000000000000e+00
1.472317204301075266e+00,2.969999999999999862e-01,0.000000000000000000e+00
1.474820788530466054e+00,2.969999999999999862e-01,0.000000000000000000e+00
1.477324372759856619e+00,2.969999999999999862e-01,0.000000000000000000e+00
1.479827956989247406e+00,2.969999999999999862e-01,0.000000000000000000e+00
1.482331541218637971e+00,2.969999999999999862e-01,0.000000000000000000e+00
1.484835125448028759e+00,2.969999999999999862e-01,0.000000000000000000e+00
1.487338709677419546e+00,2.969999999999999862e-01,0.000000000000000000e+00
1.489842293906810111e+00,2.969999999999999862e-01,0.000000000000000000e+00
1.492345878136200898e+00,2.969999999999999862e-01,0.000000000000000000e+00
1.494849462365591464e+00,2.969999999999999862e-01,0.000000000000000000e+00
1.497353046594982251e+00,2.969999999999999862e-01,0.000000000000000000e+00
1.499856630824372816e+00,2.969999999999999862e-01,0.000000000000000000e+00
1.502360215053763604e+00,2.969999999999999862e-01,0.000000000000000000e+00
1.504863799283154169e+00,2.969999999999999862e-01,0.000000000000000000e+00
1.507367383512544956e+00,2.969999999999999862e-01,0.000000000000000000e+00
1.509870967741935521e+00,2.969999999999999862e-01,0.000000000000000000e+00
1.512374551971326309e+00,2.969999999999999862e-01,0.000000000000000000e+00
1.514878136200716874e+00,2.969999999999999862e-01,0.000000000000000000e+00
1.517381720430107661e+00,2.969999999999999862e-01,0.000000000000000000e+00
1.519885304659498226e+00,2.969999999999999862e-01,0.000000000000000000e+00
1.522388888888889014e+00,2.969999999999999862e-01,0.000000000000000000e+00
1.524892473118279579e+00,2.969999999999999862e-01,0.000000000000000000e+00
1.527396057347670366e+00,2.969999999999999862e-01,0.000000000000000000e+00
1.529899641577060931e+00,2.969999999999999862e-01,0.000000000000000000e+00
1.532403225806451719e+00,2.969999999999999862e-01,0.000000000000000000e+00
1.534906810035842284e+00,2.969999999999999862e-01,0.000000000000000000e+00
1.537410394265233071e+00,2.969999999999999862e-01,0.000000000000000000e+00
1.539913978494623636e+00,2.969999999999999862e-01,0.000000000000000000e+00
1.542417562724014424e+00,2.969999999999999862e-01,0.000000000000000000e+00
1.544921146953405211e+00,2.969999999999999862e-01,0.000000000000000000e+00
1.547424731182795776e+00,2.969999999999999862e-01,0.000000000000000000e+00
1.549928315412186564e+00,2.969999999999999862e-01,0.000000000000000000e+00
1.552431899641577129e+00,2.969999999999999862e-01,0.000000000000000000e+00
1.554935483870967916e+00,2.969999999999999862e-01,0.000000000000000000e+00
1.557439068100358481e+00,2.969999999999999862e-01,0.000000000000000000e+00
1.559942652329749269e+00,2.969999999999999862e-01,0.000000000000000000e+00
1.562446236559139834e+00,2.969999999999999862e-01,0.000000000000000000e+00
1.564949820788530621e+00,2.969999999999999862e-01,0.000000000000000000e+00
1.567453405017921186e+00,2.969999999999999862e-01,0.000000000000000000e+00
1.569956989247311974e+00,2.969999999999999862e-01,0.000000000000000000e+00
1.572460573476702539e+00,2.969999999999999862e-01,0.000000000000000000e+00
1.574964157706093326e+00,2.969999999999999862e-01,0.000000000000000000e+00
1.577467741935483891e+00,2.969999999999999862e-01,0.000000000000000000e+00
1.579971326164874679e+00,2.969999999999999862e-01,0.000000000000000000e+00
1.582474910394265244e+00,2.969999999999999862e-01,0.000000000000000000e+00
1.584978494623656031e+00,2.969999999999999862e-01,0.000000000000000000e+00
1.587482078853046596e+00,2.969999999999999862e-01,0.000000000000000000e+00
1.589985663082437384e+00,2.969999999999999862e-01,0.000000000000000000e+00
1.592489247311827949e+00,2.969999999999999862e-01,0.000000000000000000e+00
1.594992831541218736e+00,2.969999999999999862e-01,0.000000000000000000e+00
1.597496415770609302e+00,2.969999999999999862e-01,0.000000000000000000e+00
