-1.600000000000000089e+00,8.999999999999999320e-03,0.000000000000000000e+00
-1.597494094488189020e+00,8.999999999999999320e-03,0.000000000000000000e+00
-1.594988188976377952e+00,8.999999999999999320e-03,0.000000000000000000e+00
-1.592482283464567105e+00,8.999999999999999320e-03,0.000000000000000000e+00
-1.589976377952756037e+00,8.999999999999999320e-03,0.000000000000000000e+00
-1.587470472440944969e+00,8.999999999999999320e-03,0.000000000000000000e+00
-1.584964566929133900e+00,8.999999999999999320e-03,0.000000000000000000e+00
-1.582458661417322832e+00,8.999999999999999320e-03,0.000000000000000000e+00
-1.579952755905511985e+00,8.999999999999999320e-03,0.000000000000000000e+00
-1.577446850393700917e+00,8.999999999999999320e-03,0.000000000000000000e+00
-1.574940944881889848e+00,8.999999999999999320e-03,0.000000000000000000e+00
-1.572435039370078780e+00,8.999999999999999320e-03,0.000000000000000000e+00
-1.569929133858267711e+00,8.999999999999999320e-03,0.000000000000000000e+00
-1.567423228346456865e+00,8.999999999999999320e-03,0.000000000000000000e+00
-1.564917322834645796e+00,8.999999999999999320e-03,0.000000000000000000e+00
-1.562411417322834728e+00,8.999999999999999320e-03,0.000000000000000000e+00
-1.559905511811023660e+00,8.999999999999999320e-03,0.000000000000000000e+00
-1.557399606299212591e+00,8.999999999999999320e-03,0.000000000000000000e+00
-1.554893700787401745e+00,8.999999999999999320e-03,0.000000000000000000e+00
-1.552387795275590676e+00,8.999999999999999320e-03,0.000000000000000000e+00
-1.549881889763779608e+00,8.999999999999999320e-03,0.000000000000000000e+00
-1.547375984251968539e+00,8.999999999999999320e-03,0.000000000000000000e+00
-1.544870078740157471e+00,8.999999999999999320e-03,0.000000000000000000e+00
-1.542364173228346624e+00,8.999999999999999320e-03,0.000000000000000000e+00
-1.539858267716535556e+00,8.999999999999999320e-03,0.000000000000000000e+00
-1.537352362204724487e+00,8.999999999999999320e-03,0.000000000000000000e+00
-1.534846456692913419e+00,8.999999999999999320e-03,0.000000000000000000e+00
-1.532340551181102350e+00,8.999999999999999320e-03,0.000000000000000000e+00
-1.529834645669291504e+00,8.999999999999999320e-03,0.000000000000000000e+00
-1.527328740157480436e+00,8.999999999999999320e-03,0.000000000000000000e+00
-1.524822834645669367e+00,8.999999999999999320e-03,0.000000000000000000e+00
-1.522316929133858299e+00,8.999999999999999320e-03,0.000000000000000000e+00
-1.519811023622047230e+00,8.999999999999999320e-03,0.000000000000000000e+00
-1.517305118110236384e+00,8.999999999999999320e-03,0.000000000000000000e+00
-1.514799212598425315e+00,8.999999999999999320e-03,0.000000000000000000e+00
-1.512293307086614247e+00,8.999999999999999320e-03,0.000000000000000000e+00
-1.509787401574803178e+00,8.999999999999999320e-03,0.000000000000000000e+00
-1.507281496062992110e+00,8.999999999999999320e-03,0.000000000000000000e+00
-1.504775590551181264e+00,8.999999999999999320e-03,0.000000000000000000e+00
-1.502269685039370195e+00,8.999999999999999320e-03,0.000000000000000000e+00
-1.499763779527559127e+00,8.999999999999999320e-03,0.000000000000000000e+00
-1.497257874015748058e+00,8.999999999999999320e-03,0.000000000000000000e+00
-1.494751968503936990e+00,8.999999999999999320e-03,0.000000000000000000e+00
-1.492246062992126143e+00,8.999999999999999320e-03,0.000000000000000000e+00
-1.489740157480315075e+00,8.999999999999999320e-03,0.000000000000000000e+00
-1.487234251968504006e+00,8.999999999999999320e-03,0.000000000000000000e+00
-1.484728346456692938e+00,8.999999999999999320e-03,0.000000000000000000e+00
-1.482222440944881869e+00,8.999999999999999320e-03,0.000000000000000000e+00
-1.479716535433071023e+00,8.999999999999999320e-03,0.000000000000000000e+00
-1.477210629921259955e+00,8.999999999999999320e-03,0.000000000000000000e+00
-1.474704724409448886e+00,8.999999999999999320e-03,0.000000000000000000e+00
-1.472198818897637818e+00,8.999999999999999320e-03,0.000000000000000000e+00
-1.469692913385826749e+00,8.999999999999999320e-03,0.000000000000000000e+00
-1.467187007874015903e+00,8.999999999999999320e-03,0.000000000000000000e+00
-1.464681102362204834e+00,8.999999999999999320e-03,0.000000000000000000e+00
-1.462175196850393766e+00,8.999999999999999320e-03,0.000000000000000000e+00
-1.459669291338582697e+00,8.999999999999999320e-03,0.000000000000000000e+00
-1.457163385826771851e+00,8.999999999999999320e-03,0.000000000000000000e+00
-1.454657480314960782e+00,8.999999999999999320e-03,0.000000000000000000e+00
-1.452151574803149714e+00,8.999999999999999320e-03,0.000000000000000000e+00
-1.449645669291338645e+00,8.999999999999999320e-03,0.000000000000000000e+00
-1.447139763779527577e+00,8.999999999999999320e-03,0.000000000000000000e+00
-1.444633858267716509e+00,8.999999999999999320e-03,0.000000000000000000e+00
-1.442127952755905662e+00,8.999999999999999320e-03,0.000000000000000000e+00
-1.439622047244094594e+00,8.999999999999999320e-03,0.000000000000000000e+00
-1.437116141732283525e+00,8.999999999999999320e-03,0.000000000000000000e+00
-1.434610236220472457e+00,8.999999999999999320e-03,0.000000000000000000e+00
-1.432104330708661610e+00,8.999999999999999320e-03,0.000000000000000000e+00
-1.429598425196850542e+00,8.999999999999999320e-03,0.000000000000000000e+00
-1.427092519685039473e+00,8.999999999999999320e-03,0.000000000000000000e+00
-1.424586614173228405e+00,8.999999999999999320e-03,0.000000000000000000e+00
-1.422080708661417336e+00,8.999999999999999320e-03,0.000000000000000000e+00
-1.419574803149606268e+00,8.999999999999999320e-03,0.000000000000000000e+00
-1.417068897637795422e+00,8.999999999999999320e-03,0.000000000000000000e+00
-1.414562992125984353e+00,8.999999999999999320e-03,0.000000000000000000e+00
-1.412057086614173285e+00,8.999999999999999320e-03,0.000000000000000000e+00
-1.409551181102362216e+00,8.999999999999999320e-03,0.000000000000000000e+00
-1.407045275590551370e+00,8.999999999999999320e-03,0.000000000000000000e+00
-1.404539370078740301e+00,8.999999999999999320e-03,0.000000000000000000e+00
-1.402033464566929233e+00,8.999999999999999320e-03,0.000000000000000000e+00
-1.399527559055118164e+00,8.999999999999999320e-03,0.000000000000000000e+00
-1.397021653543307096e+00,8.999999999999999320e-03,0.000000000000000000e+00
-1.394515748031496027e+00,8.999999999999999320e-03,0.000000000000000000e+00
-1.392009842519685181e+00,8.999999999999999320e-03,0.000000000000000000e+00
-1.389503937007874113e+00,8.999999999999999320e-03,0.000000000000000000e+00
-1.386998031496063044e+00,8.999999999999999320e-03,0.000000000000000000e+00
-1.384492125984251976e+00,8.999999999999999320e-03,0.000000000000000000e+00
-1.381986220472441129e+00,8.999999999999999320e-03,0.000000000000000000e+00
-1.379480314960630061e+00,8.999999999999999320e-03,0.000000000000000000e+00
-1.376974409448818992e+00,8.999999999999999320e-03,0.000000000000000000e+00
-1.374468503937007924e+00,8.999999999999999320e-03,0.000000000000000000e+00
-1.371962598425196855e+00,8.999999999999999320e-03,0.000000000000000000e+00
-1.369456692913385787e+00,8.999999999999999320e-03,0.000000000000000000e+00
-1.366950787401574940e+00,8.999999999999999320e-03,0.000000000000000000e+00
-1.364444881889763872e+00,8.999999999999999320e-03,0.000000000000000000e+00
-1.361938976377952804e+00,8.999999999999999320e-03,0.000000000000000000e+00
-1.359433070866141735e+00,8.999999999999999320e-03,0.000000000000000000e+00
-1.356927165354330889e+00,8.999999999999999320e-03,0.000000000000000000e+00
-1.354421259842519820e+00,8.999999999999999320e-03,0.000000000000000000e+00
-1.351915354330708752e+00,8.999999999999999320e-03,0.000000000000000000e+00
-1.349409448818897683e+00,8.999999999999999320e-03,0.000000000000000000e+00
-1.346903543307086615e+00,8.999999999999999320e-03,0.000000000000000000e+00
-1.344397637795275546e+00,8.999999999999999320e-03,0.000000000000000000e+00
-1.341891732283464700e+00,8.999999999999999320e-03,0.000000000000000000e+00
-1.339385826771653631e+00,8.999999999999999320e-03,0.000000000000000000e+00
-1.336879921259842563e+00,8.999999999999999320e-03,0.000000000000000000e+00
-1.334374015748031495e+00,8.999999999999999320e-03,0.000000000000000000e+00
-1.331868110236220648e+00,8.999999999999999320e-03,0.000000000000000000e+00
-1.329362204724409580e+00,8.999999999999999320e-03,0.000000000000000000e+00
-1.326856299212598511e+00,8.999999999999999320e-03,0.000000000000000000e+00
-1.324350393700787443e+00,8.999999999999999320e-03,0.000000000000000000e+00
-1.321844488188976374e+00,8.999999999999999320e-03,0.000000000000000000e+00
-1.319338582677165306e+00,8.999999999999999320e-03,0.000000000000000000e+00
-1.316832677165354459e+00,8.999999999999999320e-03,0.000000000000000000e+00
-1.314326771653543391e+00,8.999999999999999320e-03,0.000000000000000000e+00
-1.311820866141732322e+00,8.999999999999999320e-03,0.000000000000000000e+00
-1.309314960629921254e+00,8.999999999999999320e-03,0.000000000000000000e+00
-1.306809055118110408e+00,8.999999999999999320e-03,0.000000000000000000e+00
-1.304303149606299339e+00,8.999999999999999320e-03,0.000000000000000000e+00
-1.301797244094488271e+00,8.999999999999999320e-03,0.000000000000000000e+00
-1.299291338582677202e+00,8.999999999999999320e-03,0.000000000000000000e+00
-1.296785433070866134e+00,8.999999999999999320e-03,0.000000000000000000e+00
-1.294279527559055065e+00,8.999999999999999320e-03,0.000000000000000000e+00
-1.291773622047244219e+00,8.999999999999999320e-03,0.000000000000000000e+00
-1.289267716535433150e+00,8.999999999999999320e-03,0.000000000000000000e+00
-1.286761811023622082e+00,8.999999999999999320e-03,0.000000000000000000e+00
-1.284255905511811013e+00,8.999999999999999320e-03,0.000000000000000000e+00
-1.281750000000000167e+00,8.999999999999999320e-03,0.000000000000000000e+00
-1.279244094488189099e+00,8.999999999999999320e-03,0.000000000000000000e+00
-1.276738188976378030e+00,8.999999999999999320e-03,0.000000000000000000e+00
-1.274232283464566962e+00,8.999999999999999320e-03,0.000000000000000000e+00
-1.271726377952755893e+00,8.999999999999999320e-03,0.000000000000000000e+00
-1.269220472440944825e+00,8.999999999999999320e-03,0.000000000000000000e+00
-1.266714566929133978e+00,8.999999999999999320e-03,0.000000000000000000e+00
-1.264208661417322910e+00,8.999999999999999320e-03,0.000000000000000000e+00
-1.261702755905511841e+00,8.999999999999999320e-03,0.000000000000000000e+00
-1.259196850393700773e+00,8.999999999999999320e-03,0.000000000000000000e+00
-1.256690944881889926e+00,8.999999999999999320e-03,0.000000000000000000e+00
-1.254185039370078858e+00,8.999999999999999320e-03,0.000000000000000000e+00
-1.251679133858267789e+00,8.999999999999999320e-03,0.000000000000000000e+00
-1.249173228346456721e+00,8.999999999999999320e-03,0.000000000000000000e+00
-1.246667322834645653e+00,8.999999999999999320e-03,0.000000000000000000e+00
-1.244161417322834584e+00,8.999999999999999320e-03,0.000000000000000000e+00
-1.241655511811023738e+00,8.999999999999999320e-03,0.000000000000000000e+00
-1.239149606299212669e+00,8.999999999999999320e-03,0.000000000000000000e+00
-1.236643700787401601e+00,8.999999999999999320e-03,0.000000000000000000e+00
-1.234137795275590532e+00,8.999999999999999320e-03,0.000000000000000000e+00
-1.231631889763779686e+00,8.999999999999999320e-03,0.000000000000000000e+00
-1.229125984251968617e+00,8.999999999999999320e-03,0.000000000000000000e+00
-1.226620078740157549e+00,8.999999999999999320e-03,0.000000000000000000e+00
-1.224114173228346480e+00,8.999999999999999320e-03,0.000000000000000000e+00
-1.221608267716535412e+00,8.999999999999999320e-03,0.000000000000000000e+00
-1.219102362204724344e+00,8.999999999999999320e-03,0.000000000000000000e+00
-1.216596456692913497e+00,8.999999999999999320e-03,0.000000000000000000e+00
-1.214090551181102429e+00,8.999999999999999320e-03,0.000000000000000000e+00
-1.211584645669291360e+00,8.999999999999999320e-03,0.000000000000000000e+00
-1.209078740157480514e+00,8.999999999999999320e-03,0.000000000000000000e+00
-1.206572834645669445e+00,8.999999999999999320e-03,0.000000000000000000e+00
-1.204066929133858377e+00,8.999999999999999320e-03,0.000000000000000000e+00
-1.201561023622047308e+00,8.999999999999999320e-03,0.000000000000000000e+00
-1.199055118110236240e+00,8.999999999999999320e-03,0.000000000000000000e+00
-1.196549212598425171e+00,8.999999999999999320e-03,0.000000000000000000e+00
-1.194043307086614103e+00,8.999999999999999320e-03,0.000000000000000000e+00
-1.191537401574803257e+00,8.999999999999999320e-03,0.000000000000000000e+00
-1.189031496062992188e+00,8.999999999999999320e-03,0.000000000000000000e+00
-1.186525590551181120e+00,8.999999999999999320e-03,0.000000000000000000e+00
-1.184019685039370273e+00,8.999999999999999320e-03,0.000000000000000000e+00
-1.181513779527559205e+00,8.999999999999999320e-03,0.000000000000000000e+00
-1.179007874015748136e+00,8.999999999999999320e-03,0.000000000000000000e+00
-1.176501968503937068e+00,8.999999999999999320e-03,0.000000000000000000e+00
-1.173996062992125999e+00,8.999999999999999320e-03,0.000000000000000000e+00
-1.171490157480314931e+00,8.999999999999999320e-03,0.000000000000000000e+00
-1.168984251968503862e+00,8.999999999999999320e-03,0.000000000000000000e+00
-1.166478346456693016e+00,8.999999999999999320e-03,0.000000000000000000e+00
-1.163972440944881948e+00,8.999999999999999320e-03,0.000000000000000000e+00
-1.161466535433070879e+00,8.999999999999999320e-03,0.000000000000000000e+00
-1.158960629921260033e+00,8.999999999999999320e-03,0.000000000000000000e+00
-1.156454724409448964e+00,8.999999999999999320e-03,0.000000000000000000e+00
-1.153948818897637896e+00,8.999999999999999320e-03,0.000000000000000000e+00
-1.151442913385826827e+00,8.999999999999999320e-03,0.000000000000000000e+00
-1.148937007874015759e+00,8.999999999999999320e-03,0.000000000000000000e+00
-1.146431102362204690e+00,8.999999999999999320e-03,0.000000000000000000e+00
-1.143925196850393622e+00,8.999999999999999320e-03,0.000000000000000000e+00
-1.141419291338582775e+00,8.999999999999999320e-03,0.000000000000000000e+00
-1.138913385826771707e+00,8.999999999999999320e-03,0.000000000000000000e+00
-1.136407480314960639e+00,8.999999999999999320e-03,0.000000000000000000e+00
-1.133901574803149792e+00,8.999999999999999320e-03,0.000000000000000000e+00
-1.131395669291338724e+00,8.999999999999999320e-03,0.000000000000000000e+00
-1.128889763779527655e+00,8.999999999999999320e-03,0.000000000000000000e+00
-1.126383858267716587e+00,8.999999999999999320e-03,0.000000000000000000e+00
-1.123877952755905518e+00,8.999999999999999320e-03,0.000000000000000000e+00
-1.121372047244094450e+00,8.999999999999999320e-03,0.000000000000000000e+00
-1.118866141732283381e+00,8.999999999999999320e-03,0.000000000000000000e+00
-1.116360236220472535e+00,8.999999999999999320e-03,0.000000000000000000e+00
-1.113854330708661466e+00,8.999999999999999320e-03,0.000000000000000000e+00
-1.111348425196850398e+00,8.999999999999999320e-03,0.000000000000000000e+00
-1.108842519685039552e+00,8.999999999999999320e-03,0.000000000000000000e+00
-1.106336614173228483e+00,8.999999999999999320e-03,0.000000000000000000e+00
-1.103830708661417415e+00,8.999999999999999320e-03,0.000000000000000000e+00
-1.101324803149606346e+00,8.999999999999999320e-03,0.000000000000000000e+00
-1.098818897637795278e+00,8.999999999999999320e-03,0.000000000000000000e+00
-1.096312992125984209e+00,8.999999999999999320e-03,0.000000000000000000e+00
-1.093807086614173141e+00,8.999999999999999320e-03,0.000000000000000000e+00
-1.091301181102362294e+00,8.999999999999999320e-03,0.000000000000000000e+00
-1.088795275590551226e+00,8.999999999999999320e-03,0.000000000000000000e+00
-1.086289370078740157e+00,8.999999999999999320e-03,0.000000000000000000e+00
-1.083783464566929311e+00,8.999999999999999320e-03,0.000000000000000000e+00
-1.081277559055118243e+00,8.999999999999999320e-03,0.000000000000000000e+00
-1.078771653543307174e+00,8.999999999999999320e-03,0.000000000000000000e+00
-1.076265748031496106e+00,8.999999999999999320e-03,0.000000000000000000e+00
-1.073759842519685037e+00,8.999999999999999320e-03,0.000000000000000000e+00
-1.071253937007873969e+00,8.999999999999999320e-03,0.000000000000000000e+00
-1.068748031496062900e+00,8.999999999999999320e-03,0.000000000000000000e+00
-1.066242125984252054e+00,8.999999999999999320e-03,0.000000000000000000e+00
-1.063736220472440985e+00,8.999999999999999320e-03,0.000000000000000000e+00
-1.061230314960630139e+00,8.999999999999999320e-03,0.000000000000000000e+00
-1.058724409448819070e+00,8.999999999999999320e-03,0.000000000000000000e+00
-1.056218503937008002e+00,8.999999999999999320e-03,0.000000000000000000e+00
-1.053712598425196934e+00,8.999999999999999320e-03,0.000000000000000000e+00
-1.051206692913385865e+00,8.999999999999999320e-03,0.000000000000000000e+00
-1.048700787401574797e+00,8.999999999999999320e-03,0.000000000000000000e+00
-1.046194881889763728e+00,8.999999999999999320e-03,0.000000000000000000e+00
-1.043688976377952660e+00,8.999999999999999320e-03,0.000000000000000000e+00
-1.041183070866141813e+00,8.999999999999999320e-03,0.000000000000000000e+00
-1.038677165354330745e+00,8.999999999999999320e-03,0.000000000000000000e+00
-1.036171259842519898e+00,8.999999999999999320e-03,0.000000000000000000e+00
-1.033665354330708830e+00,8.999999999999999320e-03,0.000000000000000000e+00
-1.031159448818897761e+00,8.999999999999999320e-03,0.000000000000000000e+00
-1.028653543307086693e+00,8.999999999999999320e-03,0.000000000000000000e+00
-1.026147637795275624e+00,8.999999999999999320e-03,0.000000000000000000e+00
-1.023641732283464556e+00,8.999999999999999320e-03,0.000000000000000000e+00
-1.021135826771653488e+00,8.999999999999999320e-03,0.000000000000000000e+00
-1.018629921259842419e+00,8.999999999999999320e-03,0.000000000000000000e+00
-1.016124015748031573e+00,8.999999999999999320e-03,0.000000000000000000e+00
-1.013618110236220504e+00,8.999999999999999320e-03,0.000000000000000000e+00
-1.011112204724409658e+00,8.999999999999999320e-03,0.000000000000000000e+00
-1.008606299212598589e+00,8.999999999999999320e-03,0.000000000000000000e+00
-1.006100393700787521e+00,8.999999999999999320e-03,0.000000000000000000e+00
-1.003594488188976452e+00,8.999999999999999320e-03,0.000000000000000000e+00
-1.001088582677165384e+00,8.999999999999999320e-03,0.000000000000000000e+00
-9.985826771653544265e-01,8.999999999999999320e-03,0.000000000000000000e+00
-9.960767716535433580e-01,8.999999999999999320e-03,0.000000000000000000e+00
-9.935708661417322896e-01,8.999999999999999320e-03,0.000000000000000000e+00
-9.910649606299213321e-01,8.999999999999999320e-03,0.000000000000000000e+00
-9.885590551181102636e-01,8.999999999999999320e-03,0.000000000000000000e+00
-9.860531496062993062e-01,8.999999999999999320e-03,0.000000000000000000e+00
-9.835472440944882377e-01,8.999999999999999320e-03,0.000000000000000000e+00
-9.810413385826771693e-01,8.999999999999999320e-03,0.000000000000000000e+00
-9.785354330708662118e-01,8.999999999999999320e-03,0.000000000000000000e+00
-9.760295275590551434e-01,8.999999999999999320e-03,0.000000000000000000e+00
-9.735236220472441859e-01,8.999999999999999320e-03,0.000000000000000000e+00
-9.710177165354331175e-01,8.999999999999999320e-03,0.000000000000000000e+00
-9.685118110236220490e-01,8.999999999999999320e-03,0.000000000000000000e+00
-9.660059055118110916e-01,8.999999999999999320e-03,0.000000000000000000e+00
-9.635000000000000231e-01,8.999999999999999320e-03,0.000000000000000000e+00
-9.609940944881890657e-01,8.999999999999999320e-03,0.000000000000000000e+00
-9.584881889763779972e-01,8.999999999999999320e-03,0.000000000000000000e+00
-9.559822834645669287e-01,8.999999999999999320e-03,0.000000000000000000e+00
-9.534763779527559713e-01,8.999999999999999320e-03,0.000000000000000000e+00
-9.509704724409449028e-01,8.999999999999999320e-03,0.000000000000000000e+00
-9.484645669291339454e-01,8.999999999999999320e-03,0.000000000000000000e+00
-9.459586614173228769e-01,8.999999999999999320e-03,0.000000000000000000e+00
-9.434527559055118084e-01,8.999999999999999320e-03,0.000000000000000000e+00
-9.409468503937008510e-01,8.999999999999999320e-03,0.000000000000000000e+00
-9.384409448818897825e-01,8.999999999999999320e-03,0.000000000000000000e+00
-9.359350393700788251e-01,8.999999999999999320e-03,0.000000000000000000e+00
-9.334291338582677566e-01,8.999999999999999320e-03,0.000000000000000000e+00
-9.309232283464566882e-01,8.999999999999999320e-03,0.000000000000000000e+00
-9.284173228346457307e-01,8.999999999999999320e-03,0.000000000000000000e+00
-9.259114173228346623e-01,8.999999999999999320e-03,0.000000000000000000e+00
-9.234055118110237048e-01,8.999999999999999320e-03,0.000000000000000000e+00
-9.208996062992126364e-01,8.999999999999999320e-03,0.000000000000000000e+00
-9.183937007874015679e-01,8.999999999999999320e-03,0.000000000000000000e+00
-9.158877952755906104e-01,8.999999999999999320e-03,0.000000000000000000e+00
-9.133818897637795420e-01,8.999999999999999320e-03,0.000000000000000000e+00
-9.108759842519685845e-01,8.999999999999999320e-03,0.000000000000000000e+00
-9.083700787401575161e-01,8.999999999999999320e-03,0.000000000000000000e+00
-9.058641732283464476e-01,8.999999999999999320e-03,0.000000000000000000e+00
-9.033582677165354902e-01,8.999999999999999320e-03,0.000000000000000000e+00
-9.008523622047244217e-01,8.999999999999999320e-03,0.000000000000000000e+00
-8.983464566929134643e-01,8.999999999999999320e-03,0.000000000000000000e+00
-8.958405511811023958e-01,8.999999999999999320e-03,0.000000000000000000e+00
-8.933346456692913273e-01,8.999999999999999320e-03,0.000000000000000000e+00
-8.908287401574803699e-01,8.999999999999999320e-03,0.000000000000000000e+00
-8.883228346456693014e-01,8.999999999999999320e-03,0.000000000000000000e+00
-8.858169291338583440e-01,8.999999999999999320e-03,0.000000000000000000e+00
-8.833110236220472755e-01,8.999999999999999320e-03,0.000000000000000000e+00
-8.808051181102362071e-01,8.999999999999999320e-03,0.000000000000000000e+00
-8.782992125984252496e-01,8.999999999999999320e-03,0.000000000000000000e+00
-8.757933070866141811e-01,8.999999999999999320e-03,0.000000000000000000e+00
-8.732874015748032237e-01,8.999999999999999320e-03,0.000000000000000000e+00
-8.707814960629921552e-01,8.999999999999999320e-03,0.000000000000000000e+00
-8.682755905511810868e-01,8.999999999999999320e-03,0.000000000000000000e+00
-8.657696850393701293e-01,8.999999999999999320e-03,0.000000000000000000e+00
-8.632637795275590609e-01,8.999999999999999320e-03,0.000000000000000000e+00
-8.607578740157481034e-01,8.999999999999999320e-03,0.000000000000000000e+00
-8.582519685039370350e-01,8.999999999999999320e-03,0.000000000000000000e+00
-8.557460629921259665e-01,8.999999999999999320e-03,0.000000000000000000e+00
-8.532401574803150091e-01,8.999999999999999320e-03,0.000000000000000000e+00
-8.507342519685039406e-01,8.999999999999999320e-03,0.000000000000000000e+00
-8.482283464566929831e-01,8.999999999999999320e-03,0.000000000000000000e+00
-8.457224409448819147e-01,8.999999999999999320e-03,0.000000000000000000e+00
-8.432165354330709572e-01,8.999999999999999320e-03,0.000000000000000000e+00
-8.407106299212598888e-01,8.999999999999999320e-03,0.000000000000000000e+00
-8.382047244094488203e-01,8.999999999999999320e-03,0.000000000000000000e+00
-8.356988188976378629e-01,8.999999999999999320e-03,0.000000000000000000e+00
-8.331929133858267944e-01,8.999999999999999320e-03,0.000000000000000000e+00
-8.306870078740158370e-01,8.999999999999999320e-03,0.000000000000000000e+00
-8.281811023622047685e-01,8.999999999999999320e-03,0.000000000000000000e+00
-8.256751968503937000e-01,8.999999999999999320e-03,0.000000000000000000e+00
-8.231692913385827426e-01,8.999999999999999320e-03,0.000000000000000000e+00
-8.206633858267716741e-01,8.999999999999999320e-03,0.000000000000000000e+00
-8.181574803149607167e-01,8.999999999999999320e-03,0.000000000000000000e+00
-8.156515748031496482e-01,8.999999999999999320e-03,0.000000000000000000e+00
-8.131456692913385798e-01,8.999999999999999320e-03,0.000000000000000000e+00
-8.106397637795276223e-01,8.999999999999999320e-03,0.000000000000000000e+00
-8.081338582677165538e-01,8.999999999999999320e-03,0.000000000000000000e+00
-8.056279527559055964e-01,8.999999999999999320e-03,0.000000000000000000e+00
-8.031220472440945279e-01,8.999999999999999320e-03,0.000000000000000000e+00
-8.006161417322834595e-01,8.999999999999999320e-03,0.000000000000000000e+00
-7.981102362204725020e-01,8.999999999999999320e-03,0.000000000000000000e+00
-7.956043307086614336e-01,8.999999999999999320e-03,0.000000000000000000e+00
-7.930984251968504761e-01,8.999999999999999320e-03,0.000000000000000000e+00
-7.905925196850394077e-01,8.999999999999999320e-03,0.000000000000000000e+00
-7.880866141732283392e-01,8.999999999999999320e-03,0.000000000000000000e+00
-7.855807086614173818e-01,8.999999999999999320e-03,0.000000000000000000e+00
-7.830748031496063133e-01,8.999999999999999320e-03,0.000000000000000000e+00
-7.805688976377953558e-01,8.999999999999999320e-03,0.000000000000000000e+00
-7.780629921259842874e-01,8.999999999999999320e-03,0.000000000000000000e+00
-7.755570866141732189e-01,8.999999999999999320e-03,0.000000000000000000e+00
-7.730511811023622615e-01,8.999999999999999320e-03,0.000000000000000000e+00
-7.705452755905511930e-01,8.999999999999999320e-03,0.000000000000000000e+00
-7.680393700787402356e-01,8.999999999999999320e-03,0.000000000000000000e+00
-7.655334645669291671e-01,8.999999999999999320e-03,0.000000000000000000e+00
-7.630275590551180986e-01,8.999999999999999320e-03,0.000000000000000000e+00
-7.605216535433071412e-01,8.999999999999999320e-03,0.000000000000000000e+00
-7.580157480314960727e-01,8.999999999999999320e-03,0.000000000000000000e+00
-7.555098425196851153e-01,8.999999999999999320e-03,0.000000000000000000e+00
-7.530039370078740468e-01,8.999999999999999320e-03,0.000000000000000000e+00
-7.504980314960629784e-01,8.999999999999999320e-03,0.000000000000000000e+00
-7.479921259842520209e-01,8.999999999999999320e-03,0.000000000000000000e+00
-7.454862204724409525e-01,8.999999999999999320e-03,0.000000000000000000e+00
-7.429803149606299950e-01,8.999999999999999320e-03,0.000000000000000000e+00
-7.404744094488189265e-01,8.999999999999999320e-03,0.000000000000000000e+00
-7.379685039370078581e-01,8.999999999999999320e-03,0.000000000000000000e+00
-7.354625984251969006e-01,8.999999999999999320e-03,0.000000000000000000e+00
-7.329566929133858322e-01,8.999999999999999320e-03,0.000000000000000000e+00
-7.304507874015748747e-01,8.999999999999999320e-03,0.000000000000000000e+00
-7.279448818897638063e-01,8.999999999999999320e-03,0.000000000000000000e+00
-7.254389763779527378e-01,8.999999999999999320e-03,0.000000000000000000e+00
-7.229330708661417804e-01,8.999999999999999320e-03,0.000000000000000000e+00
-7.204271653543307119e-01,8.999999999999999320e-03,0.000000000000000000e+00
-7.179212598425197545e-01,8.999999999999999320e-03,0.000000000000000000e+00
-7.154153543307086860e-01,8.999999999999999320e-03,0.000000000000000000e+00
-7.129094488188976175e-01,8.999999999999999320e-03,0.000000000000000000e+00
-7.104035433070866601e-01,8.999999999999999320e-03,0.000000000000000000e+00
-7.078976377952755916e-01,8.999999999999999320e-03,0.000000000000000000e+00
-7.053917322834646342e-01,8.999999999999999320e-03,0.000000000000000000e+00
-7.028858267716535657e-01,8.999999999999999320e-03,0.000000000000000000e+00
-7.003799212598424972e-01,8.999999999999999320e-03,0.000000000000000000e+00
-6.978740157480315398e-01,8.999999999999999320e-03,0.000000000000000000e+00
-6.953681102362204713e-01,8.999999999999999320e-03,0.000000000000000000e+00
-6.928622047244095139e-01,8.999999999999999320e-03,0.000000000000000000e+00
-6.903562992125984454e-01,8.999999999999999320e-03,0.000000000000000000e+00
-6.878503937007873770e-01,8.999999999999999320e-03,0.000000000000000000e+00
-6.853444881889764195e-01,8.999999999999999320e-03,0.000000000000000000e+00
-6.828385826771653511e-01,8.999999999999999320e-03,0.000000000000000000e+00
-6.803326771653543936e-01,8.999999999999999320e-03,0.000000000000000000e+00
-6.778267716535433252e-01,8.999999999999999320e-03,0.000000000000000000e+00
-6.753208661417322567e-01,8.999999999999999320e-03,0.000000000000000000e+00
-6.728149606299212993e-01,8.999999999999999320e-03,0.000000000000000000e+00
-6.703090551181102308e-01,8.999999999999999320e-03,0.000000000000000000e+00
-6.678031496062992733e-01,8.999999999999999320e-03,0.000000000000000000e+00
-6.652972440944882049e-01,8.999999999999999320e-03,0.000000000000000000e+00
-6.627913385826771364e-01,8.999999999999999320e-03,0.000000000000000000e+00
-6.602854330708661790e-01,8.999999999999999320e-03,0.000000000000000000e+00
-6.577795275590551105e-01,8.999999999999999320e-03,0.000000000000000000e+00
-6.552736220472441531e-01,8.999999999999999320e-03,0.000000000000000000e+00
-6.527677165354330846e-01,8.999999999999999320e-03,0.000000000000000000e+00
-6.502618110236220161e-01,8.999999999999999320e-03,0.000000000000000000e+00
-6.477559055118110587e-01,8.999999999999999320e-03,0.000000000000000000e+00
-6.452499999999999902e-01,8.999999999999999320e-03,0.000000000000000000e+00
-6.427440944881890328e-01,8.999999999999999320e-03,0.000000000000000000e+00
-6.402381889763779643e-01,8.999999999999999320e-03,0.000000000000000000e+00
-6.377322834645668959e-01,8.999999999999999320e-03,0.000000000000000000e+00
-6.352263779527559384e-01,8.999999999999999320e-03,0.000000000000000000e+00
-6.327204724409448700e-01,8.999999999999999320e-03,0.000000000000000000e+00
-6.302145669291339125e-01,8.999999999999999320e-03,0.000000000000000000e+00
-6.277086614173228440e-01,8.999999999999999320e-03,0.000000000000000000e+00
-6.252027559055118866e-01,8.999999999999999320e-03,0.000000000000000000e+00
-6.226968503937008181e-01,8.999999999999999320e-03,0.000000000000000000e+00
-6.201909448818897497e-01,8.999999999999999320e-03,0.000000000000000000e+00
-6.176850393700787922e-01,8.999999999999999320e-03,0.000000000000000000e+00
-6.151791338582677238e-01,8.999999999999999320e-03,0.000000000000000000e+00
-6.126732283464567663e-01,8.999999999999999320e-03,0.000000000000000000e+00
-6.101673228346456979e-01,8.999999999999999320e-03,0.000000000000000000e+00
-6.076614173228346294e-01,8.999999999999999320e-03,0.000000000000000000e+00
-6.051555118110236720e-01,8.999999999999999320e-03,0.000000000000000000e+00
-6.026496062992126035e-01,8.999999999999999320e-03,0.000000000000000000e+00
-6.001437007874016460e-01,8.999999999999999320e-03,0.000000000000000000e+00
-5.976377952755904666e-01,8.999999999999999320e-03,0.000000000000000000e+00
-5.951318897637796201e-01,8.999999999999999320e-03,0.000000000000000000e+00
-5.926259842519685517e-01,8.999999999999999320e-03,0.000000000000000000e+00
-5.901200787401574832e-01,8.999999999999999320e-03,0.000000000000000000e+00
-5.876141732283464147e-01,8.999999999999999320e-03,0.000000000000000000e+00
-5.851082677165353463e-01,8.999999999999999320e-03,0.000000000000000000e+00
-5.826023622047244999e-01,8.999999999999999320e-03,0.000000000000000000e+00
-5.800964566929134314e-01,8.999999999999999320e-03,0.000000000000000000e+00
-5.775905511811023629e-01,8.999999999999999320e-03,0.000000000000000000e+00
-5.750846456692912945e-01,8.999999999999999320e-03,0.000000000000000000e+00
-5.725787401574802260e-01,8.999999999999999320e-03,0.000000000000000000e+00
-5.700728346456693796e-01,8.999999999999999320e-03,0.000000000000000000e+00
-5.675669291338583111e-01,8.999999999999999320e-03,0.000000000000000000e+00
-5.650610236220472427e-01,8.999999999999999320e-03,0.000000000000000000e+00
-5.625551181102361742e-01,8.999999999999999320e-03,0.000000000000000000e+00
-5.600492125984251057e-01,8.999999999999999320e-03,0.000000000000000000e+00
-5.575433070866142593e-01,8.999999999999999320e-03,0.000000000000000000e+00
-5.550374015748031908e-01,8.999999999999999320e-03,0.000000000000000000e+00
-5.525314960629921224e-01,8.999999999999999320e-03,0.000000000000000000e+00
-5.500255905511810539e-01,8.999999999999999320e-03,0.000000000000000000e+00
-5.475196850393699854e-01,8.999999999999999320e-03,0.000000000000000000e+00
-5.450137795275591390e-01,8.999999999999999320e-03,0.000000000000000000e+00
-5.425078740157480706e-01,8.999999999999999320e-03,0.000000000000000000e+00
-5.400019685039370021e-01,8.999999999999999320e-03,0.000000000000000000e+00
-5.374960629921259336e-01,8.999999999999999320e-03,0.000000000000000000e+00
-5.349901574803148652e-01,8.999999999999999320e-03,0.000000000000000000e+00
-5.324842519685040187e-01,8.999999999999999320e-03,0.000000000000000000e+00
-5.299783464566929503e-01,8.999999999999999320e-03,0.000000000000000000e+00
-5.274724409448818818e-01,8.999999999999999320e-03,0.000000000000000000e+00
-5.249665354330708134e-01,8.999999999999999320e-03,0.000000000000000000e+00
-5.224606299212599669e-01,8.999999999999999320e-03,0.000000000000000000e+00
-5.199547244094488985e-01,8.999999999999999320e-03,0.000000000000000000e+00
-5.174488188976378300e-01,8.999999999999999320e-03,0.000000000000000000e+00
-5.149429133858267615e-01,8.999999999999999320e-03,0.000000000000000000e+00
-5.124370078740156931e-01,8.999999999999999320e-03,0.000000000000000000e+00
-5.099311023622048467e-01,8.999999999999999320e-03,0.000000000000000000e+00
-5.074251968503937782e-01,8.999999999999999320e-03,0.000000000000000000e+00
-5.049192913385827097e-01,8.999999999999999320e-03,0.000000000000000000e+00
-5.024133858267716413e-01,8.999999999999999320e-03,0.000000000000000000e+00
-4.999074803149605728e-01,8.999999999999999320e-03,0.000000000000000000e+00
-4.974015748031497264e-01,8.999999999999999320e-03,0.000000000000000000e+00
-4.948956692913386579e-01,8.999999999999999320e-03,0.000000000000000000e+00
-4.923897637795275894e-01,8.999999999999999320e-03,0.000000000000000000e+00
-4.898838582677165210e-01,8.999999999999999320e-03,0.000000000000000000e+00
-4.873779527559054525e-01,8.999999999999999320e-03,0.000000000000000000e+00
-4.848720472440946061e-01,8.999999999999999320e-03,0.000000000000000000e+00
-4.823661417322835376e-01,8.999999999999999320e-03,0.000000000000000000e+00
-4.798602362204724692e-01,8.999999999999999320e-03,0.000000000000000000e+00
-4.773543307086614007e-01,8.999999999999999320e-03,0.000000000000000000e+00
-4.748484251968503322e-01,8.999999999999999320e-03,0.000000000000000000e+00
-4.723425196850394858e-01,8.999999999999999320e-03,0.000000000000000000e+00
-4.698366141732284174e-01,8.999999999999999320e-03,0.000000000000000000e+00
-4.673307086614173489e-01,8.999999999999999320e-03,0.000000000000000000e+00
-4.648248031496062804e-01,8.999999999999999320e-03,0.000000000000000000e+00
-4.623188976377952120e-01,8.999999999999999320e-03,0.000000000000000000e+00
-4.598129921259843655e-01,8.999999999999999320e-03,0.000000000000000000e+00
-4.573070866141732971e-01,8.999999999999999320e-03,0.000000000000000000e+00
-4.548011811023622286e-01,8.999999999999999320e-03,0.000000000000000000e+00
-4.522952755905511601e-01,8.999999999999999320e-03,0.000000000000000000e+00
-4.497893700787400917e-01,8.999999999999999320e-03,0.000000000000000000e+00
-4.472834645669292453e-01,8.999999999999999320e-03,0.000000000000000000e+00
-4.447775590551181768e-01,8.999999999999999320e-03,0.000000000000000000e+00
-4.422716535433071083e-01,8.999999999999999320e-03,0.000000000000000000e+00
-4.397657480314960399e-01,8.999999999999999320e-03,0.000000000000000000e+00
-4.372598425196849714e-01,8.999999999999999320e-03,0.000000000000000000e+00
-4.347539370078741250e-01,8.999999999999999320e-03,0.000000000000000000e+00
-4.322480314960630565e-01,8.999999999999999320e-03,0.000000000000000000e+00
-4.297421259842519881e-01,8.999999999999999320e-03,0.000000000000000000e+00
-4.272362204724409196e-01,8.999999999999999320e-03,0.000000000000000000e+00
-4.247303149606298511e-01,8.999999999999999320e-03,0.000000000000000000e+00
-4.222244094488190047e-01,8.999999999999999320e-03,0.000000000000000000e+00
-4.197185039370079362e-01,8.999999999999999320e-03,0.000000000000000000e+00
-4.172125984251968678e-01,8.999999999999999320e-03,0.000000000000000000e+00
-4.147066929133857993e-01,8.999999999999999320e-03,0.000000000000000000e+00
-4.122007874015747309e-01,8.999999999999999320e-03,0.000000000000000000e+00
-4.096948818897638844e-01,8.999999999999999320e-03,0.000000000000000000e+00
-4.071889763779528160e-01,8.999999999999999320e-03,0.000000000000000000e+00
-4.046830708661417475e-01,8.999999999999999320e-03,0.000000000000000000e+00
-4.021771653543306790e-01,8.999999999999999320e-03,0.000000000000000000e+00
-3.996712598425196106e-01,8.999999999999999320e-03,0.000000000000000000e+00
-3.971653543307087642e-01,8.999999999999999320e-03,0.000000000000000000e+00
-3.946594488188976957e-01,8.999999999999999320e-03,0.000000000000000000e+00
-3.921535433070866272e-01,8.999999999999999320e-03,0.000000000000000000e+00
-3.896476377952755588e-01,8.999999999999999320e-03,0.000000000000000000e+00
-3.871417322834644903e-01,8.999999999999999320e-03,0.000000000000000000e+00
-3.846358267716536439e-01,8.999999999999999320e-03,0.000000000000000000e+00
-3.821299212598425754e-01,8.999999999999999320e-03,0.000000000000000000e+00
-3.796240157480315069e-01,8.999999999999999320e-03,0.000000000000000000e+00
-3.771181102362204385e-01,8.999999999999999320e-03,0.000000000000000000e+00
-3.746122047244093700e-01,8.999999999999999320e-03,0.000000000000000000e+00
-3.721062992125985236e-01,8.999999999999999320e-03,0.000000000000000000e+00
-3.696003937007874551e-01,8.999999999999999320e-03,0.000000000000000000e+00
-3.670944881889763867e-01,8.999999999999999320e-03,0.000000000000000000e+00
-3.645885826771653182e-01,8.999999999999999320e-03,0.000000000000000000e+00
-3.620826771653542497e-01,8.999999999999999320e-03,0.000000000000000000e+00
-3.595767716535434033e-01,8.999999999999999320e-03,0.000000000000000000e+00
-3.570708661417323349e-01,8.999999999999999320e-03,0.000000000000000000e+00
-3.545649606299212664e-01,8.999999999999999320e-03,0.000000000000000000e+00
-3.520590551181101979e-01,8.999999999999999320e-03,0.000000000000000000e+00
-3.495531496062991295e-01,8.999999999999999320e-03,0.000000000000000000e+00
-3.470472440944882830e-01,8.999999999999999320e-03,0.000000000000000000e+00
-3.445413385826772146e-01,8.999999999999999320e-03,0.000000000000000000e+00
-3.420354330708661461e-01,8.999999999999999320e-03,0.000000000000000000e+00
-3.395295275590550776e-01,8.999999999999999320e-03,0.000000000000000000e+00
-3.370236220472440092e-01,8.999999999999999320e-03,0.000000000000000000e+00
-3.345177165354331628e-01,8.999999999999999320e-03,0.000000000000000000e+00
-3.320118110236220943e-01,8.999999999999999320e-03,0.000000000000000000e+00
-3.295059055118110258e-01,8.999999999999999320e-03,0.000000000000000000e+00
-3.270000000000000129e-01,8.999999999999999320e-03,0.000000000000000000e+00
-3.270000000000000129e-01,8.999999999999999320e-03,2.137227143430251840e-03
-3.244500000000000162e-01,8.999999999999999320e-03,3.629894318119791796e-02
-3.219000000000000195e-01,8.999999999999999320e-03,6.768618352545915928e-02
-3.193500000000000227e-01,8.999999999999999320e-03,9.629894817622894343e-02
-3.168000000000000260e-01,8.999999999999999320e-03,1.221372371335004564e-01
-3.142500000000000293e-01,8.999999999999999320e-03,1.452010503972750721e-01
-3.117000000000000326e-01,8.999999999999999320e-03,1.654903879675487244e-01
-3.091500000000000359e-01,8.999999999999999320e-03,1.830052498443323628e-01
-3.065999999999999837e-01,8.999999999999999320e-03,1.977456360276161618e-01
-3.040499999999999869e-01,8.999999999999999320e-03,2.097115465173990945e-01
-3.014999999999999902e-01,8.999999999999999320e-03,2.189029813136898761e-01
-2.989499999999999935e-01,8.999999999999999320e-03,2.253199404164797082e-01
-2.963999999999999968e-01,8.999999999999999320e-03,2.289624238257746414e-01
-2.938500000000000001e-01,8.999999999999999320e-03,2.298304315415713450e-01
-2.913000000000000034e-01,8.999999999999999320e-03,2.279239635638724837e-01
-2.887500000000000067e-01,8.999999999999999320e-03,2.232430198926773912e-01
-2.862000000000000099e-01,8.999999999999999320e-03,2.157876005279806553e-01
-2.836500000000000132e-01,8.999999999999999320e-03,2.055577054697911021e-01
-2.811000000000000165e-01,8.999999999999999320e-03,1.925533347181032917e-01
-2.785500000000000198e-01,8.999999999999999320e-03,1.767744882729171962e-01
-2.760000000000000231e-01,8.999999999999999320e-03,1.582211661342362574e-01
-2.734500000000000264e-01,8.999999999999999320e-03,1.368933683020557013e-01
-2.709000000000000297e-01,8.999999999999999320e-03,1.127910947763791777e-01
-2.683499999999999774e-01,8.999999999999999320e-03,8.591434555720640909e-02
-2.658000000000000362e-01,8.999999999999999320e-03,5.626312064453544565e-02
-2.632499999999999840e-01,8.999999999999999320e-03,2.383742003836697432e-02
-2.607000000000000428e-01,8.999999999999999320e-03,-1.136275626129700823e-02
-2.581499999999999906e-01,8.999999999999999320e-03,-4.933740825445923073e-02
-2.555999999999999939e-01,8.999999999999999320e-03,-9.008653594111810936e-02
-2.530499999999999972e-01,8.999999999999999320e-03,-1.336101393212738853e-01
-2.505000000000000004e-01,8.999999999999999320e-03,-1.799082183949279323e-01
-2.479500000000000037e-01,8.999999999999999320e-03,-2.289807731620781828e-01
-2.454000000000000070e-01,8.999999999999999320e-03,-2.808278036227260244e-01
-2.428500000000000103e-01,8.999999999999999320e-03,-3.354493097768687093e-01
-2.403000000000000136e-01,8.999999999999999320e-03,-3.928452916245103732e-01
-2.377500000000000169e-01,8.999999999999999320e-03,-4.530157491656502944e-01
-2.352000000000000202e-01,8.999999999999999320e-03,-5.159606824002856973e-01
-2.326500000000000234e-01,8.999999999999999320e-03,-5.816800913284185803e-01
-2.300999999999999990e-01,8.999999999999999320e-03,-6.501739759500493321e-01
-2.275500000000000023e-01,8.999999999999999320e-03,-7.214423362651748439e-01
-2.250000000000000056e-01,8.999999999999999320e-03,0.000000000000000000e+00
-2.250000000000000056e-01,8.999999999999999320e-03,0.000000000000000000e+00
-2.224565217391304417e-01,8.999999999999999320e-03,0.000000000000000000e+00
-2.199130434782608778e-01,8.999999999999999320e-03,0.000000000000000000e+00
-2.173695652173913140e-01,8.999999999999999320e-03,0.000000000000000000e+00
-2.148260869565217501e-01,8.999999999999999320e-03,0.000000000000000000e+00
-2.122826086956521863e-01,8.999999999999999320e-03,0.000000000000000000e+00
-2.097391304347826224e-01,8.999999999999999320e-03,0.000000000000000000e+00
-2.071956521739130586e-01,8.999999999999999320e-03,0.000000000000000000e+00
-2.046521739130434947e-01,8.999999999999999320e-03,0.000000000000000000e+00
-2.021086956521739308e-01,8.999999999999999320e-03,0.000000000000000000e+00
-1.995652173913043392e-01,8.999999999999999320e-03,0.000000000000000000e+00
-1.970217391304348031e-01,8.999999999999999320e-03,0.000000000000000000e+00
-1.944782608695652115e-01,8.999999999999999320e-03,0.000000000000000000e+00
-1.919347826086956754e-01,8.999999999999999320e-03,0.000000000000000000e+00
-1.893913043478260838e-01,8.999999999999999320e-03,0.000000000000000000e+00
-1.868478260869565200e-01,8.999999999999999320e-03,0.000000000000000000e+00
-1.843043478260869561e-01,8.999999999999999320e-03,0.000000000000000000e+00
-1.817608695652173922e-01,8.999999999999999320e-03,0.000000000000000000e+00
-1.792173913043478284e-01,8.999999999999999320e-03,0.000000000000000000e+00
-1.766739130434782645e-01,8.999999999999999320e-03,0.000000000000000000e+00
-1.741304347826087007e-01,8.999999999999999320e-03,0.000000000000000000e+00
-1.715869565217391368e-01,8.999999999999999320e-03,0.000000000000000000e+00
-1.690434782608695730e-01,8.999999999999999320e-03,0.000000000000000000e+00
-1.665000000000000091e-01,8.999999999999999320e-03,0.000000000000000000e+00
-1.639565217391304452e-01,8.999999999999999320e-03,0.000000000000000000e+00
-1.614130434782608814e-01,8.999999999999999320e-03,0.000000000000000000e+00
-1.588695652173913175e-01,8.999999999999999320e-03,0.000000000000000000e+00
-1.563260869565217259e-01,8.999999999999999320e-03,0.000000000000000000e+00
-1.537826086956521898e-01,8.999999999999999320e-03,0.000000000000000000e+00
-1.512391304347825982e-01,8.999999999999999320e-03,0.000000000000000000e+00
-1.486956521739130621e-01,8.999999999999999320e-03,0.000000000000000000e+00
-1.461521739130434705e-01,8.999999999999999320e-03,0.000000000000000000e+00
-1.436086956521739344e-01,8.999999999999999320e-03,0.000000000000000000e+00
-1.410652173913043428e-01,8.999999999999999320e-03,0.000000000000000000e+00
-1.385217391304348067e-01,8.999999999999999320e-03,0.000000000000000000e+00
-1.359782608695652151e-01,8.999999999999999320e-03,0.000000000000000000e+00
-1.334347826086956790e-01,8.999999999999999320e-03,0.000000000000000000e+00
-1.308913043478260874e-01,8.999999999999999320e-03,0.000000000000000000e+00
-1.283478260869565235e-01,8.999999999999999320e-03,0.000000000000000000e+00
-1.258043478260869596e-01,8.999999999999999320e-03,0.000000000000000000e+00
-1.232608695652173958e-01,8.999999999999999320e-03,0.000000000000000000e+00
-1.207173913043478319e-01,8.999999999999999320e-03,0.000000000000000000e+00
-1.181739130434782681e-01,8.999999999999999320e-03,0.000000000000000000e+00
-1.156304347826087042e-01,8.999999999999999320e-03,0.000000000000000000e+00
-1.130869565217391404e-01,8.999999999999999320e-03,0.000000000000000000e+00
-1.105434782608695765e-01,8.999999999999999320e-03,0.000000000000000000e+00
-1.079999999999999988e-01,8.999999999999999320e-03,0.000000000000000000e+00
-1.079999999999999988e-01,8.999999999999999320e-03,1.294007752654727916e+01
-1.054358974358974299e-01,8.999999999999999320e-03,8.343518036548688288e-01
-1.028717948717948749e-01,8.999999999999999320e-03,-1.454126123965506601e+01
-1.003076923076923060e-01,8.999999999999999320e-03,9.271042883516701139e+00
-9.774358974358973717e-02,8.999999999999999320e-03,-7.829604946378614372e+00
-9.517948717948718218e-02,8.999999999999999320e-03,2.139898631121560868e+01
-9.261538461538461331e-02,8.999999999999999320e-03,9.651535893294672930e-02
-9.005128205128204444e-02,8.999999999999999320e-03,3.072579430014259483e+00
-8.748717948717948945e-02,8.999999999999999320e-03,1.792035902953033943e+00
-8.492307692307692057e-02,8.999999999999999320e-03,9.955083086858981245e-01
-8.235897435897435170e-02,8.999999999999999320e-03,6.746882982458087819e-01
-7.979487179487179671e-02,8.999999999999999320e-03,6.075784843834042270e-01
-7.723076923076922784e-02,8.999999999999999320e-03,5.541049594296463265e-01
-7.466666666666665897e-02,8.999999999999999320e-03,5.022983137186384228e-01
-7.210256410256410398e-02,8.999999999999999320e-03,4.521585472503182324e-01
-6.953846153846153511e-02,8.999999999999999320e-03,4.036856600246613858e-01
-6.697435897435896623e-02,8.999999999999999320e-03,3.568796520417321094e-01
-6.441025641025641124e-02,8.999999999999999320e-03,3.117405233014812205e-01
-6.184615384615384237e-02,8.999999999999999320e-03,2.682682738039261494e-01
-5.928205128205128044e-02,8.999999999999999320e-03,2.264629035490687281e-01
-5.671794871794871851e-02,8.999999999999999320e-03,1.863244125369093729e-01
-5.415384615384614964e-02,8.999999999999999320e-03,1.478528007674495548e-01
-5.158974358974358770e-02,8.999999999999999320e-03,1.110480682406606995e-01
-4.902564102564102577e-02,8.999999999999999320e-03,7.591021495660266183e-02
-4.646153846153845690e-02,8.999999999999999320e-03,4.243924091521662778e-02
-4.389743589743590191e-02,8.999999999999999320e-03,1.063514611652325616e-02
-4.133333333333333304e-02,8.999999999999999320e-03,-1.950206943946593968e-02
-3.876923076923076417e-02,8.999999999999999320e-03,-4.797240575276768421e-02
-3.620512820512820917e-02,8.999999999999999320e-03,-7.477586282336495804e-02
-3.364102564102564030e-02,8.999999999999999320e-03,-9.991244065126396456e-02
-3.107692307692307143e-02,8.999999999999999320e-03,-1.233821392364813363e-01
-2.851282051282051644e-02,8.999999999999999320e-03,-1.451849585789988240e-01
-2.594871794871794757e-02,8.999999999999999320e-03,-1.653208986788184676e-01
-2.338461538461537870e-02,8.999999999999999320e-03,-1.837899595359459848e-01
-2.082051282051282370e-02,8.999999999999999320e-03,-2.005921411503783780e-01
-1.825641025641025483e-02,8.999999999999999320e-03,-2.157274435221132325e-01
-1.569230769230768596e-02,8.999999999999999320e-03,-2.291958666511561826e-01
-1.312820512820513097e-02,8.999999999999999320e-03,-2.409974105375035647e-01
-1.056410256410256210e-02,8.999999999999999320e-03,-2.511320751811434993e-01
-8.000000000000000167e-03,8.999999999999999320e-03,0.000000000000000000e+00
-6.000000000000000125e-03,8.999999999999999320e-03,0.000000000000000000e+00
-4.000000000000000083e-03,8.999999999999999320e-03,0.000000000000000000e+00
-2.000000000000000042e-03,8.999999999999999320e-03,5.193065197174606684e-03
0.000000000000000000e+00,0.000000000000000000e+00,6.101533347525743833e-01
2.533333333333333184e-03,8.999999999999999320e-03,5.615339159192987983e-01
5.066666666666666367e-03,8.999999999999999320e-03,5.145004401418580287e-01
7.599999999999999117e-03,8.999999999999999320e-03,4.690529074202899329e-01
1.013333333333333273e-02,8.999999999999999320e-03,4.251913177545567635e-01
1.266666666666666635e-02,8.999999999999999320e-03,3.829156711446694006e-01
1.519999999999999823e-02,8.999999999999999320e-03,3.422259675906324516e-01
1.773333333333333359e-02,8.999999999999999320e-03,3.031222070924474710e-01
2.026666666666666547e-02,8.999999999999999320e-03,2.656043896500967505e-01
2.279999999999999735e-02,8.999999999999999320e-03,2.296725152635913370e-01
2.533333333333333270e-02,8.999999999999999320e-03,1.953265839329704767e-01
2.786666666666666459e-02,8.999999999999999320e-03,1.625665956581675842e-01
3.039999999999999647e-02,8.999999999999999320e-03,1.313925504392212396e-01
3.293333333333332835e-02,8.999999999999999320e-03,1.018044482760983305e-01
3.546666666666666717e-02,8.999999999999999320e-03,7.380228916885996082e-02
3.799999999999999906e-02,8.999999999999999320e-03,4.738607311745596934e-02
4.053333333333333094e-02,8.999999999999999320e-03,2.255580012189760397e-02
4.306666666666666282e-02,8.999999999999999320e-03,-6.885298178096586506e-04
4.559999999999999470e-02,8.999999999999999320e-03,-2.234691670166575814e-02
4.813333333333333353e-02,8.999999999999999320e-03,-4.241936052970374932e-02
5.066666666666666541e-02,8.999999999999999320e-03,-6.090586130185222935e-02
5.319999999999999729e-02,8.999999999999999320e-03,-7.780641901817700323e-02
5.573333333333332917e-02,8.999999999999999320e-03,-9.312103367863970582e-02
5.826666666666666106e-02,8.999999999999999320e-03,-1.068497052832732414e-01
6.079999999999999294e-02,8.999999999999999320e-03,-1.189924338320447056e-01
6.333333333333332482e-02,8.999999999999999320e-03,-1.295492193249705437e-01
6.586666666666665670e-02,8.999999999999999320e-03,-1.385200617620445107e-01
6.840000000000000246e-02,8.999999999999999320e-03,-1.459049611432798876e-01
7.093333333333333435e-02,8.999999999999999320e-03,-1.517039174686688474e-01
7.346666666666666623e-02,8.999999999999999320e-03,-1.559169307382012315e-01
7.599999999999999811e-02,8.999999999999999320e-03,-1.585440009518880033e-01
7.853333333333333000e-02,8.999999999999999320e-03,-1.595851281097291630e-01
8.106666666666666188e-02,8.999999999999999320e-03,-1.590403122117191870e-01
8.359999999999999376e-02,8.999999999999999320e-03,-1.569095532578636265e-01
8.613333333333332564e-02,8.999999999999999320e-03,-1.531928512481624260e-01
8.866666666666665753e-02,8.999999999999999320e-03,-1.478902061826046499e-01
9.119999999999998941e-02,8.999999999999999320e-03,-1.410016180612176651e-01
9.373333333333332129e-02,8.999999999999999320e-03,-1.325270868839569516e-01
9.626666666666666705e-02,8.999999999999999320e-03,-1.224666126508685005e-01
9.879999999999999893e-02,8.999999999999999320e-03,-1.108201953619282337e-01
1.013333333333333308e-01,8.999999999999999320e-03,-9.758783501712589570e-02
1.038666666666666627e-01,8.999999999999999320e-03,-8.276953161649437674e-02
1.063999999999999946e-01,8.999999999999999320e-03,-6.636528516000626821e-02
1.089333333333333265e-01,8.999999999999999320e-03,-4.837509564767254744e-02
1.114666666666666583e-01,8.999999999999999320e-03,-2.879896307949320056e-02
1.139999999999999902e-01,8.999999999999999320e-03,-7.636887455457271046e-03
1.165333333333333221e-01,8.999999999999999320e-03,1.511113122442427938e-02
1.190666666666666540e-01,8.999999999999999320e-03,3.944509296015145244e-02
1.215999999999999859e-01,8.999999999999999320e-03,6.536499775171841775e-02
1.241333333333333316e-01,8.999999999999999320e-03,9.287084559913770521e-02
1.266666666666666496e-01,8.999999999999999320e-03,1.219626365024176762e-01
1.291999999999999815e-01,8.999999999999999320e-03,1.526403704615273416e-01
1.317333333333333134e-01,8.999999999999999320e-03,1.849040474764990782e-01
1.342666666666666453e-01,8.999999999999999320e-03,2.187536675473140124e-01
1.368000000000000049e-01,8.999999999999999320e-03,2.541892306739629848e-01
1.393333333333333368e-01,8.999999999999999320e-03,2.912107368564825216e-01
1.418666666666666687e-01,8.999999999999999320e-03,3.298181860948367072e-01
1.444000000000000006e-01,8.999999999999999320e-03,3.700115783890475241e-01
1.469333333333333325e-01,8.999999999999999320e-03,4.117909137390929897e-01
1.494666666666666643e-01,8.999999999999999320e-03,4.551561921449950310e-01
1.519999999999999962e-01,8.999999999999999320e-03,0.000000000000000000e+00
1.519999999999999962e-01,8.999999999999999320e-03,0.000000000000000000e+00
1.549999999999999989e-01,8.999999999999999320e-03,0.000000000000000000e+00
1.580000000000000016e-01,8.999999999999999320e-03,0.000000000000000000e+00
1.610000000000000042e-01,8.999999999999999320e-03,0.000000000000000000e+00
1.610000000000000042e-01,8.999999999999999320e-03,1.215330281894463349e+00
1.635306122448979549e-01,8.999999999999999320e-03,4.825502517915110090e-01
1.660612244897959333e-01,8.999999999999999320e-03,-1.462539385903257882e-01
1.685918367346938840e-01,8.999999999999999320e-03,-6.710822892510682758e-01
1.711224489795918347e-01,8.999999999999999320e-03,-1.091934800190716759e+00
1.736530612244897853e-01,8.999999999999999320e-03,-1.408811471409255667e+00
1.761836734693877637e-01,8.999999999999999320e-03,-1.621712302906698433e+00
1.787142857142857144e-01,8.999999999999999320e-03,-1.730637294683053717e+00
1.812448979591836651e-01,8.999999999999999320e-03,-1.735586446738303756e+00
1.837755102040816158e-01,8.999999999999999320e-03,-1.636559759072441889e+00
1.863061224489795942e-01,8.999999999999999320e-03,-1.433557231685500089e+00
1.888367346938775448e-01,8.999999999999999320e-03,-1.144883417836198847e+00
1.913673469387754955e-01,8.999999999999999320e-03,-8.594334959319623879e-01
1.938979591836734739e-01,8.999999999999999320e-03,-6.041550646753290899e-01
1.964285714285714246e-01,8.999999999999999320e-03,-3.790541282659378175e-01
1.989591836734693753e-01,8.999999999999999320e-03,-1.841306867038207951e-01
2.014897959183673537e-01,8.999999999999999320e-03,-1.938473998895389253e-02
2.040204081632653044e-01,8.999999999999999320e-03,1.151837118786388087e-01
2.065510204081632550e-01,8.999999999999999320e-03,2.195746688989771989e-01
2.090816326530612057e-01,8.999999999999999320e-03,2.937881310720530936e-01
2.116122448979591564e-01,8.999999999999999320e-03,3.378240983978681999e-01
2.141428571428571348e-01,8.999999999999999320e-03,3.516825708764145242e-01
2.166734693877550855e-01,8.999999999999999320e-03,3.353663929670974153e-01
2.192040816326530361e-01,8.999999999999999320e-03,2.957082519442892909e-01
2.217346938775510146e-01,8.999999999999999320e-03,2.541983115544503846e-01
2.242653061224489652e-01,8.999999999999999320e-03,2.150507635375280557e-01
2.267959183673469159e-01,8.999999999999999320e-03,1.782656078934879706e-01
2.293265306122448943e-01,8.999999999999999320e-03,1.438428446223551649e-01
2.318571428571428450e-01,8.999999999999999320e-03,1.117824737241155386e-01
2.343877551020407957e-01,8.999999999999999320e-03,8.208449519877838996e-02
2.369183673469387741e-01,8.999999999999999320e-03,5.474890904635248967e-02
2.394489795918366970e-01,8.999999999999999320e-03,2.977571526680834399e-02
2.419795918367346754e-01,8.999999999999999320e-03,7.164913860174223700e-03
2.445102040816326538e-01,8.999999999999999320e-03,-1.308349517356232304e-02
2.470408163265305768e-01,8.999999999999999320e-03,-3.096951183440317668e-02
2.495714285714285552e-01,8.999999999999999320e-03,-4.649313612233102466e-02
2.521020408163264781e-01,8.999999999999999320e-03,-5.965436803737268062e-02
2.546326530612244565e-01,8.999999999999999320e-03,-7.127630478764029887e-02
2.571632653061224349e-01,8.999999999999999320e-03,-1.044215129763818306e-01
2.596938775510203579e-01,8.999999999999999320e-03,-1.847119460481524145e-01
2.622244897959183363e-01,8.999999999999999320e-03,-3.134843563942835143e-01
2.647551020408163147e-01,8.999999999999999320e-03,-4.907387440147863433e-01
2.672857142857142376e-01,8.999999999999999320e-03,-7.164751089096230707e-01
2.698163265306122161e-01,8.999999999999999320e-03,-9.906934510788369952e-01
2.723469387755101945e-01,8.999999999999999320e-03,-1.313393770522410575e+00
2.748775510204081174e-01,8.999999999999999320e-03,-1.684576067240334041e+00
2.774081632653060958e-01,8.999999999999999320e-03,-2.104240341232628264e+00
2.799387755102040742e-01,8.999999999999999320e-03,-2.572386592499273927e+00
2.824693877551019972e-01,8.999999999999999320e-03,-3.089014821040278580e+00
2.849999999999999756e-01,8.999999999999999320e-03,0.000000000000000000e+00
2.849999999999999756e-01,8.999999999999999320e-03,0.000000000000000000e+00
2.875047619047618741e-01,8.999999999999999320e-03,0.000000000000000000e+00
2.900095238095237726e-01,8.999999999999999320e-03,0.000000000000000000e+00
2.925142857142856712e-01,8.999999999999999320e-03,0.000000000000000000e+00
2.950190476190475697e-01,8.999999999999999320e-03,0.000000000000000000e+00
2.975238095238095237e-01,8.999999999999999320e-03,0.000000000000000000e+00
3.000285714285714223e-01,8.999999999999999320e-03,0.000000000000000000e+00
3.025333333333333208e-01,8.999999999999999320e-03,0.000000000000000000e+00
3.050380952380952193e-01,8.999999999999999320e-03,0.000000000000000000e+00
3.075428571428571178e-01,8.999999999999999320e-03,0.000000000000000000e+00
3.100476190476190164e-01,8.999999999999999320e-03,0.000000000000000000e+00
3.125523809523809149e-01,8.999999999999999320e-03,0.000000000000000000e+00
3.150571428571428134e-01,8.999999999999999320e-03,0.000000000000000000e+00
3.175619047619047119e-01,8.999999999999999320e-03,0.000000000000000000e+00
3.200666666666666660e-01,8.999999999999999320e-03,0.000000000000000000e+00
3.225714285714285645e-01,8.999999999999999320e-03,0.000000000000000000e+00
3.250761904761904630e-01,8.999999999999999320e-03,0.000000000000000000e+00
3.275809523809523616e-01,8.999999999999999320e-03,0.000000000000000000e+00
3.300857142857142601e-01,8.999999999999999320e-03,0.000000000000000000e+00
3.325904761904761586e-01,8.999999999999999320e-03,0.000000000000000000e+00
3.350952380952380572e-01,8.999999999999999320e-03,0.000000000000000000e+00
3.376000000000000112e-01,8.999999999999999320e-03,0.000000000000000000e+00
3.401047619047619097e-01,8.999999999999999320e-03,0.000000000000000000e+00
3.426095238095238082e-01,8.999999999999999320e-03,0.000000000000000000e+00
3.451142857142857068e-01,8.999999999999999320e-03,0.000000000000000000e+00
3.476190476190476053e-01,8.999999999999999320e-03,0.000000000000000000e+00
3.501238095238095038e-01,8.999999999999999320e-03,0.000000000000000000e+00
3.526285714285714024e-01,8.999999999999999320e-03,0.000000000000000000e+00
3.551333333333333009e-01,8.999999999999999320e-03,0.000000000000000000e+00
3.576380952380951994e-01,8.999999999999999320e-03,0.000000000000000000e+00
3.601428571428570979e-01,8.999999999999999320e-03,0.000000000000000000e+00
3.626476190476190520e-01,8.999999999999999320e-03,0.000000000000000000e+00
3.651523809523809505e-01,8.999999999999999320e-03,0.000000000000000000e+00
3.676571428571428490e-01,8.999999999999999320e-03,0.000000000000000000e+00
3.701619047619047476e-01,8.999999999999999320e-03,0.000000000000000000e+00
3.726666666666666461e-01,8.999999999999999320e-03,0.000000000000000000e+00
3.751714285714285446e-01,8.999999999999999320e-03,0.000000000000000000e+00
3.776761904761904431e-01,8.999999999999999320e-03,0.000000000000000000e+00
3.801809523809523972e-01,8.999999999999999320e-03,0.000000000000000000e+00
3.826857142857142957e-01,8.999999999999999320e-03,0.000000000000000000e+00
3.851904761904761942e-01,8.999999999999999320e-03,0.000000000000000000e+00
3.876952380952380928e-01,8.999999999999999320e-03,0.000000000000000000e+00
3.901999999999999913e-01,8.999999999999999320e-03,0.000000000000000000e+00
3.927047619047618898e-01,8.999999999999999320e-03,0.000000000000000000e+00
3.952095238095237884e-01,8.999999999999999320e-03,0.000000000000000000e+00
3.977142857142856869e-01,8.999999999999999320e-03,0.000000000000000000e+00
4.002190476190475854e-01,8.999999999999999320e-03,0.000000000000000000e+00
4.027238095238094839e-01,8.999999999999999320e-03,0.000000000000000000e+00
4.052285714285713825e-01,8.999999999999999320e-03,0.000000000000000000e+00
4.077333333333333365e-01,8.999999999999999320e-03,0.000000000000000000e+00
4.102380952380952350e-01,8.999999999999999320e-03,0.000000000000000000e+00
4.127428571428571336e-01,8.999999999999999320e-03,0.000000000000000000e+00
4.152476190476190321e-01,8.999999999999999320e-03,0.000000000000000000e+00
4.177523809523809306e-01,8.999999999999999320e-03,0.000000000000000000e+00
4.202571428571428847e-01,8.999999999999999320e-03,0.000000000000000000e+00
4.227619047619047832e-01,8.999999999999999320e-03,0.000000000000000000e+00
4.252666666666666817e-01,8.999999999999999320e-03,0.000000000000000000e+00
4.277714285714285802e-01,8.999999999999999320e-03,0.000000000000000000e+00
4.302761904761904788e-01,8.999999999999999320e-03,0.000000000000000000e+00
4.327809523809523773e-01,8.999999999999999320e-03,0.000000000000000000e+00
4.352857142857142758e-01,8.999999999999999320e-03,0.000000000000000000e+00
4.377904761904761743e-01,8.999999999999999320e-03,0.000000000000000000e+00
4.402952380952380729e-01,8.999999999999999320e-03,0.000000000000000000e+00
4.427999999999999714e-01,8.999999999999999320e-03,0.000000000000000000e+00
4.453047619047618699e-01,8.999999999999999320e-03,0.000000000000000000e+00
4.478095238095237685e-01,8.999999999999999320e-03,0.000000000000000000e+00
4.503142857142856670e-01,8.999999999999999320e-03,0.000000000000000000e+00
4.528190476190476210e-01,8.999999999999999320e-03,0.000000000000000000e+00
4.553238095238095196e-01,8.999999999999999320e-03,0.000000000000000000e+00
4.578285714285714181e-01,8.999999999999999320e-03,0.000000000000000000e+00
4.603333333333333166e-01,8.999999999999999320e-03,0.000000000000000000e+00
4.628380952380952706e-01,8.999999999999999320e-03,0.000000000000000000e+00
4.653428571428571692e-01,8.999999999999999320e-03,0.000000000000000000e+00
4.678476190476190677e-01,8.999999999999999320e-03,0.000000000000000000e+00
4.703523809523809662e-01,8.999999999999999320e-03,0.000000000000000000e+00
4.728571428571428648e-01,8.999999999999999320e-03,0.000000000000000000e+00
4.753619047619047633e-01,8.999999999999999320e-03,0.000000000000000000e+00
4.778666666666666618e-01,8.999999999999999320e-03,0.000000000000000000e+00
4.803714285714285603e-01,8.999999999999999320e-03,0.000000000000000000e+00
4.828761904761904589e-01,8.999999999999999320e-03,0.000000000000000000e+00
4.853809523809523574e-01,8.999999999999999320e-03,0.000000000000000000e+00
4.878857142857142559e-01,8.999999999999999320e-03,0.000000000000000000e+00
4.903904761904761544e-01,8.999999999999999320e-03,0.000000000000000000e+00
4.928952380952380530e-01,8.999999999999999320e-03,0.000000000000000000e+00
4.954000000000000070e-01,8.999999999999999320e-03,0.000000000000000000e+00
4.979047619047619055e-01,8.999999999999999320e-03,0.000000000000000000e+00
5.004095238095238596e-01,8.999999999999999320e-03,0.000000000000000000e+00
5.029142857142856471e-01,8.999999999999999320e-03,0.000000000000000000e+00
5.054190476190476566e-01,8.999999999999999320e-03,0.000000000000000000e+00
5.079238095238095552e-01,8.999999999999999320e-03,0.000000000000000000e+00
5.104285714285714537e-01,8.999999999999999320e-03,0.000000000000000000e+00
5.129333333333333522e-01,8.999999999999999320e-03,0.000000000000000000e+00
5.154380952380952507e-01,8.999999999999999320e-03,0.000000000000000000e+00
5.179428571428571493e-01,8.999999999999999320e-03,0.000000000000000000e+00
5.204476190476190478e-01,8.999999999999999320e-03,0.000000000000000000e+00
5.229523809523809463e-01,8.999999999999999320e-03,0.000000000000000000e+00
5.254571428571428449e-01,8.999999999999999320e-03,0.000000000000000000e+00
5.279619047619047434e-01,8.999999999999999320e-03,0.000000000000000000e+00
5.304666666666666419e-01,8.999999999999999320e-03,0.000000000000000000e+00
5.329714285714285404e-01,8.999999999999999320e-03,0.000000000000000000e+00
5.354761904761904390e-01,8.999999999999999320e-03,0.000000000000000000e+00
5.379809523809524485e-01,8.999999999999999320e-03,0.000000000000000000e+00
5.404857142857142360e-01,8.999999999999999320e-03,0.000000000000000000e+00
5.429904761904762456e-01,8.999999999999999320e-03,0.000000000000000000e+00
5.454952380952380331e-01,8.999999999999999320e-03,0.000000000000000000e+00
5.480000000000000426e-01,8.999999999999999320e-03,0.000000000000000000e+00
5.505047619047618301e-01,8.999999999999999320e-03,0.000000000000000000e+00
5.530095238095238397e-01,8.999999999999999320e-03,0.000000000000000000e+00
5.555142857142857382e-01,8.999999999999999320e-03,0.000000000000000000e+00
5.580190476190476367e-01,8.999999999999999320e-03,0.000000000000000000e+00
5.605238095238095353e-01,8.999999999999999320e-03,0.000000000000000000e+00
5.630285714285714338e-01,8.999999999999999320e-03,0.000000000000000000e+00
5.655333333333333323e-01,8.999999999999999320e-03,0.000000000000000000e+00
5.680380952380952309e-01,8.999999999999999320e-03,0.000000000000000000e+00
5.705428571428571294e-01,8.999999999999999320e-03,0.000000000000000000e+00
5.730476190476190279e-01,8.999999999999999320e-03,0.000000000000000000e+00
5.755523809523810375e-01,8.999999999999999320e-03,0.000000000000000000e+00
5.780571428571428250e-01,8.999999999999999320e-03,0.000000000000000000e+00
5.805619047619048345e-01,8.999999999999999320e-03,0.000000000000000000e+00
5.830666666666666220e-01,8.999999999999999320e-03,0.000000000000000000e+00
5.855714285714286316e-01,8.999999999999999320e-03,0.000000000000000000e+00
5.880761904761904191e-01,8.999999999999999320e-03,0.000000000000000000e+00
5.905809523809524286e-01,8.999999999999999320e-03,0.000000000000000000e+00
5.930857142857142161e-01,8.999999999999999320e-03,0.000000000000000000e+00
5.955904761904762257e-01,8.999999999999999320e-03,0.000000000000000000e+00
5.980952380952381242e-01,8.999999999999999320e-03,0.000000000000000000e+00
6.006000000000000227e-01,8.999999999999999320e-03,0.000000000000000000e+00
6.031047619047619213e-01,8.999999999999999320e-03,0.000000000000000000e+00
6.056095238095238198e-01,8.999999999999999320e-03,0.000000000000000000e+00
6.081142857142857183e-01,8.999999999999999320e-03,0.000000000000000000e+00
6.106190476190476168e-01,8.999999999999999320e-03,0.000000000000000000e+00
6.131238095238095154e-01,8.999999999999999320e-03,0.000000000000000000e+00
6.156285714285714139e-01,8.999999999999999320e-03,0.000000000000000000e+00
6.181333333333334235e-01,8.999999999999999320e-03,0.000000000000000000e+00
6.206380952380952110e-01,8.999999999999999320e-03,0.000000000000000000e+00
6.231428571428572205e-01,8.999999999999999320e-03,0.000000000000000000e+00
6.256476190476190080e-01,8.999999999999999320e-03,0.000000000000000000e+00
6.281523809523810176e-01,8.999999999999999320e-03,0.000000000000000000e+00
6.306571428571428051e-01,8.999999999999999320e-03,0.000000000000000000e+00
6.331619047619048146e-01,8.999999999999999320e-03,0.000000000000000000e+00
6.356666666666666021e-01,8.999999999999999320e-03,0.000000000000000000e+00
6.381714285714286117e-01,8.999999999999999320e-03,0.000000000000000000e+00
6.406761904761905102e-01,8.999999999999999320e-03,0.000000000000000000e+00
6.431809523809524087e-01,8.999999999999999320e-03,0.000000000000000000e+00
6.456857142857143073e-01,8.999999999999999320e-03,0.000000000000000000e+00
6.481904761904762058e-01,8.999999999999999320e-03,0.000000000000000000e+00
6.506952380952381043e-01,8.999999999999999320e-03,0.000000000000000000e+00
6.532000000000000028e-01,8.999999999999999320e-03,0.000000000000000000e+00
6.557047619047619014e-01,8.999999999999999320e-03,0.000000000000000000e+00
6.582095238095237999e-01,8.999999999999999320e-03,0.000000000000000000e+00
6.607142857142858094e-01,8.999999999999999320e-03,0.000000000000000000e+00
6.632190476190475970e-01,8.999999999999999320e-03,0.000000000000000000e+00
6.657238095238096065e-01,8.999999999999999320e-03,0.000000000000000000e+00
6.682285714285713940e-01,8.999999999999999320e-03,0.000000000000000000e+00
6.707333333333334036e-01,8.999999999999999320e-03,0.000000000000000000e+00
6.732380952380951911e-01,8.999999999999999320e-03,0.000000000000000000e+00
6.757428571428572006e-01,8.999999999999999320e-03,0.000000000000000000e+00
6.782476190476189881e-01,8.999999999999999320e-03,0.000000000000000000e+00
6.807523809523809977e-01,8.999999999999999320e-03,0.000000000000000000e+00
6.832571428571428962e-01,8.999999999999999320e-03,0.000000000000000000e+00
6.857619047619047947e-01,8.999999999999999320e-03,0.000000000000000000e+00
6.882666666666666933e-01,8.999999999999999320e-03,0.000000000000000000e+00
6.907714285714285918e-01,8.999999999999999320e-03,0.000000000000000000e+00
6.932761904761904903e-01,8.999999999999999320e-03,0.000000000000000000e+00
6.957809523809523888e-01,8.999999999999999320e-03,0.000000000000000000e+00
6.982857142857142874e-01,8.999999999999999320e-03,0.000000000000000000e+00
7.007904761904761859e-01,8.999999999999999320e-03,0.000000000000000000e+00
7.032952380952381954e-01,8.999999999999999320e-03,0.000000000000000000e+00
7.057999999999999829e-01,8.999999999999999320e-03,0.000000000000000000e+00
7.083047619047619925e-01,8.999999999999999320e-03,0.000000000000000000e+00
7.108095238095237800e-01,8.999999999999999320e-03,0.000000000000000000e+00
7.133142857142857896e-01,8.999999999999999320e-03,0.000000000000000000e+00
7.158190476190475771e-01,8.999999999999999320e-03,0.000000000000000000e+00
7.183238095238095866e-01,8.999999999999999320e-03,0.000000000000000000e+00
7.208285714285713741e-01,8.999999999999999320e-03,0.000000000000000000e+00
7.233333333333333837e-01,8.999999999999999320e-03,0.000000000000000000e+00
7.258380952380952822e-01,8.999999999999999320e-03,0.000000000000000000e+00
7.283428571428571807e-01,8.999999999999999320e-03,0.000000000000000000e+00
7.308476190476190792e-01,8.999999999999999320e-03,0.000000000000000000e+00
7.333523809523809778e-01,8.999999999999999320e-03,0.000000000000000000e+00
7.358571428571428763e-01,8.999999999999999320e-03,0.000000000000000000e+00
7.383619047619047748e-01,8.999999999999999320e-03,0.000000000000000000e+00
7.408666666666666734e-01,8.999999999999999320e-03,0.000000000000000000e+00
7.433714285714285719e-01,8.999999999999999320e-03,0.000000000000000000e+00
7.458761904761905814e-01,8.999999999999999320e-03,0.000000000000000000e+00
7.483809523809523689e-01,8.999999999999999320e-03,0.000000000000000000e+00
7.508857142857143785e-01,8.999999999999999320e-03,0.000000000000000000e+00
7.533904761904761660e-01,8.999999999999999320e-03,0.000000000000000000e+00
7.558952380952381755e-01,8.999999999999999320e-03,0.000000000000000000e+00
7.583999999999999631e-01,8.999999999999999320e-03,0.000000000000000000e+00
7.609047619047619726e-01,8.999999999999999320e-03,0.000000000000000000e+00
7.634095238095237601e-01,8.999999999999999320e-03,0.000000000000000000e+00
7.659142857142857697e-01,8.999999999999999320e-03,0.000000000000000000e+00
7.684190476190476682e-01,8.999999999999999320e-03,0.000000000000000000e+00
7.709238095238095667e-01,8.999999999999999320e-03,0.000000000000000000e+00
7.734285714285714652e-01,8.999999999999999320e-03,0.000000000000000000e+00
7.759333333333333638e-01,8.999999999999999320e-03,0.000000000000000000e+00
7.784380952380952623e-01,8.999999999999999320e-03,0.000000000000000000e+00
7.809428571428571608e-01,8.999999999999999320e-03,0.000000000000000000e+00
7.834476190476190594e-01,8.999999999999999320e-03,0.000000000000000000e+00
7.859523809523809579e-01,8.999999999999999320e-03,0.000000000000000000e+00
7.884571428571429674e-01,8.999999999999999320e-03,0.000000000000000000e+00
7.909619047619047549e-01,8.999999999999999320e-03,0.000000000000000000e+00
7.934666666666667645e-01,8.999999999999999320e-03,0.000000000000000000e+00
7.959714285714285520e-01,8.999999999999999320e-03,0.000000000000000000e+00
7.984761904761905615e-01,8.999999999999999320e-03,0.000000000000000000e+00
8.009809523809523490e-01,8.999999999999999320e-03,0.000000000000000000e+00
8.034857142857143586e-01,8.999999999999999320e-03,0.000000000000000000e+00
8.059904761904761461e-01,8.999999999999999320e-03,0.000000000000000000e+00
8.084952380952381557e-01,8.999999999999999320e-03,0.000000000000000000e+00
8.109999999999999432e-01,8.999999999999999320e-03,0.000000000000000000e+00
8.135047619047619527e-01,8.999999999999999320e-03,0.000000000000000000e+00
8.160095238095237402e-01,8.999999999999999320e-03,0.000000000000000000e+00
8.185142857142857498e-01,8.999999999999999320e-03,0.000000000000000000e+00
8.210190476190477593e-01,8.999999999999999320e-03,0.000000000000000000e+00
8.235238095238095468e-01,8.999999999999999320e-03,0.000000000000000000e+00
8.260285714285715564e-01,8.999999999999999320e-03,0.000000000000000000e+00
8.285333333333333439e-01,8.999999999999999320e-03,0.000000000000000000e+00
8.310380952380953534e-01,8.999999999999999320e-03,0.000000000000000000e+00
8.335428571428571409e-01,8.999999999999999320e-03,0.000000000000000000e+00
8.360476190476191505e-01,8.999999999999999320e-03,0.000000000000000000e+00
8.385523809523809380e-01,8.999999999999999320e-03,0.000000000000000000e+00
8.410571428571429475e-01,8.999999999999999320e-03,0.000000000000000000e+00
8.435619047619047350e-01,8.999999999999999320e-03,0.000000000000000000e+00
8.460666666666667446e-01,8.999999999999999320e-03,0.000000000000000000e+00
8.485714285714285321e-01,8.999999999999999320e-03,0.000000000000000000e+00
8.510761904761905416e-01,8.999999999999999320e-03,0.000000000000000000e+00
8.535809523809523292e-01,8.999999999999999320e-03,0.000000000000000000e+00
8.560857142857143387e-01,8.999999999999999320e-03,0.000000000000000000e+00
8.585904761904761262e-01,8.999999999999999320e-03,0.000000000000000000e+00
8.610952380952381358e-01,8.999999999999999320e-03,0.000000000000000000e+00
8.636000000000001453e-01,8.999999999999999320e-03,0.000000000000000000e+00
8.661047619047619328e-01,8.999999999999999320e-03,0.000000000000000000e+00
8.686095238095239424e-01,8.999999999999999320e-03,0.000000000000000000e+00
8.711142857142857299e-01,8.999999999999999320e-03,0.000000000000000000e+00
8.736190476190477394e-01,8.999999999999999320e-03,0.000000000000000000e+00
8.761238095238095269e-01,8.999999999999999320e-03,0.000000000000000000e+00
8.786285714285715365e-01,8.999999999999999320e-03,0.000000000000000000e+00
8.811333333333333240e-01,8.999999999999999320e-03,0.000000000000000000e+00
8.836380952380953335e-01,8.999999999999999320e-03,0.000000000000000000e+00
8.861428571428571210e-01,8.999999999999999320e-03,0.000000000000000000e+00
8.886476190476191306e-01,8.999999999999999320e-03,0.000000000000000000e+00
8.911523809523809181e-01,8.999999999999999320e-03,0.000000000000000000e+00
8.936571428571429276e-01,8.999999999999999320e-03,0.000000000000000000e+00
8.961619047619047151e-01,8.999999999999999320e-03,0.000000000000000000e+00
8.986666666666667247e-01,8.999999999999999320e-03,0.000000000000000000e+00
9.011714285714285122e-01,8.999999999999999320e-03,0.000000000000000000e+00
9.036761904761905217e-01,8.999999999999999320e-03,0.000000000000000000e+00
9.061809523809525313e-01,8.999999999999999320e-03,0.000000000000000000e+00
9.086857142857143188e-01,8.999999999999999320e-03,0.000000000000000000e+00
9.111904761904763284e-01,8.999999999999999320e-03,0.000000000000000000e+00
9.136952380952381159e-01,8.999999999999999320e-03,0.000000000000000000e+00
9.162000000000001254e-01,8.999999999999999320e-03,0.000000000000000000e+00
9.187047619047619129e-01,8.999999999999999320e-03,0.000000000000000000e+00
9.212095238095239225e-01,8.999999999999999320e-03,0.000000000000000000e+00
9.237142857142857100e-01,8.999999999999999320e-03,0.000000000000000000e+00
9.262190476190477195e-01,8.999999999999999320e-03,0.000000000000000000e+00
9.287238095238095070e-01,8.999999999999999320e-03,0.000000000000000000e+00
9.312285714285715166e-01,8.999999999999999320e-03,0.000000000000000000e+00
9.337333333333333041e-01,8.999999999999999320e-03,0.000000000000000000e+00
9.362380952380953136e-01,8.999999999999999320e-03,0.000000000000000000e+00
9.387428571428571011e-01,8.999999999999999320e-03,0.000000000000000000e+00
9.412476190476191107e-01,8.999999999999999320e-03,0.000000000000000000e+00
9.437523809523808982e-01,8.999999999999999320e-03,0.000000000000000000e+00
9.462571428571429077e-01,8.999999999999999320e-03,0.000000000000000000e+00
9.487619047619049173e-01,8.999999999999999320e-03,0.000000000000000000e+00
9.512666666666667048e-01,8.999999999999999320e-03,0.000000000000000000e+00
9.537714285714287143e-01,8.999999999999999320e-03,0.000000000000000000e+00
9.562761904761905019e-01,8.999999999999999320e-03,0.000000000000000000e+00
9.587809523809525114e-01,8.999999999999999320e-03,0.000000000000000000e+00
9.612857142857142989e-01,8.999999999999999320e-03,0.000000000000000000e+00
9.637904761904763085e-01,8.999999999999999320e-03,0.000000000000000000e+00
9.662952380952380960e-01,8.999999999999999320e-03,0.000000000000000000e+00
9.688000000000001055e-01,8.999999999999999320e-03,0.000000000000000000e+00
9.713047619047618930e-01,8.999999999999999320e-03,0.000000000000000000e+00
9.738095238095239026e-01,8.999999999999999320e-03,0.000000000000000000e+00
9.763142857142856901e-01,8.999999999999999320e-03,0.000000000000000000e+00
9.788190476190476996e-01,8.999999999999999320e-03,0.000000000000000000e+00
9.813238095238094871e-01,8.999999999999999320e-03,0.000000000000000000e+00
9.838285714285714967e-01,8.999999999999999320e-03,0.000000000000000000e+00
9.863333333333332842e-01,8.999999999999999320e-03,0.000000000000000000e+00
9.888380952380952937e-01,8.999999999999999320e-03,0.000000000000000000e+00
9.913428571428573033e-01,8.999999999999999320e-03,0.000000000000000000e+00
9.938476190476190908e-01,8.999999999999999320e-03,0.000000000000000000e+00
9.963523809523811003e-01,8.999999999999999320e-03,0.000000000000000000e+00
9.988571428571428878e-01,8.999999999999999320e-03,0.000000000000000000e+00
1.001361904761904897e+00,8.999999999999999320e-03,0.000000000000000000e+00
1.003866666666666685e+00,8.999999999999999320e-03,0.000000000000000000e+00
1.006371428571428694e+00,8.999999999999999320e-03,0.000000000000000000e+00
1.008876190476190482e+00,8.999999999999999320e-03,0.000000000000000000e+00
1.011380952380952492e+00,8.999999999999999320e-03,0.000000000000000000e+00
1.013885714285714279e+00,8.999999999999999320e-03,0.000000000000000000e+00
1.016390476190476289e+00,8.999999999999999320e-03,0.000000000000000000e+00
1.018895238095238076e+00,8.999999999999999320e-03,0.000000000000000000e+00
1.021400000000000086e+00,8.999999999999999320e-03,0.000000000000000000e+00
1.023904761904761873e+00,8.999999999999999320e-03,0.000000000000000000e+00
1.026409523809523883e+00,8.999999999999999320e-03,0.000000000000000000e+00
1.028914285714285670e+00,8.999999999999999320e-03,0.000000000000000000e+00
1.031419047619047680e+00,8.999999999999999320e-03,0.000000000000000000e+00
1.033923809523809689e+00,8.999999999999999320e-03,0.000000000000000000e+00
1.036428571428571477e+00,8.999999999999999320e-03,0.000000000000000000e+00
1.038933333333333486e+00,8.999999999999999320e-03,0.000000000000000000e+00
1.041438095238095274e+00,8.999999999999999320e-03,0.000000000000000000e+00
1.043942857142857283e+00,8.999999999999999320e-03,0.000000000000000000e+00
1.046447619047619071e+00,8.999999999999999320e-03,0.000000000000000000e+00
1.048952380952381080e+00,8.999999999999999320e-03,0.000000000000000000e+00
1.051457142857142868e+00,8.999999999999999320e-03,0.000000000000000000e+00
1.053961904761904878e+00,8.999999999999999320e-03,0.000000000000000000e+00
1.056466666666666665e+00,8.999999999999999320e-03,0.000000000000000000e+00
1.058971428571428675e+00,8.999999999999999320e-03,0.000000000000000000e+00
1.061476190476190462e+00,8.999999999999999320e-03,0.000000000000000000e+00
1.063980952380952472e+00,8.999999999999999320e-03,0.000000000000000000e+00
1.066485714285714259e+00,8.999999999999999320e-03,0.000000000000000000e+00
1.068990476190476269e+00,8.999999999999999320e-03,0.000000000000000000e+00
1.071495238095238056e+00,8.999999999999999320e-03,0.000000000000000000e+00
1.074000000000000066e+00,8.999999999999999320e-03,0.000000000000000000e+00
1.076504761904762075e+00,8.999999999999999320e-03,0.000000000000000000e+00
1.079009523809523863e+00,8.999999999999999320e-03,0.000000000000000000e+00
1.081514285714285872e+00,8.999999999999999320e-03,0.000000000000000000e+00
1.084019047619047660e+00,8.999999999999999320e-03,0.000000000000000000e+00
1.086523809523809669e+00,8.999999999999999320e-03,0.000000000000000000e+00
1.089028571428571457e+00,8.999999999999999320e-03,0.000000000000000000e+00
1.091533333333333466e+00,8.999999999999999320e-03,0.000000000000000000e+00
1.094038095238095254e+00,8.999999999999999320e-03,0.000000000000000000e+00
1.096542857142857263e+00,8.999999999999999320e-03,0.000000000000000000e+00
1.099047619047619051e+00,8.999999999999999320e-03,0.000000000000000000e+00
1.101552380952381061e+00,8.999999999999999320e-03,0.000000000000000000e+00
1.104057142857142848e+00,8.999999999999999320e-03,0.000000000000000000e+00
1.106561904761904858e+00,8.999999999999999320e-03,0.000000000000000000e+00
1.109066666666666645e+00,8.999999999999999320e-03,0.000000000000000000e+00
1.111571428571428655e+00,8.999999999999999320e-03,0.000000000000000000e+00
1.114076190476190442e+00,8.999999999999999320e-03,0.000000000000000000e+00
1.116580952380952452e+00,8.999999999999999320e-03,0.000000000000000000e+00
1.119085714285714461e+00,8.999999999999999320e-03,0.000000000000000000e+00
1.121590476190476249e+00,8.999999999999999320e-03,0.000000000000000000e+00
1.124095238095238258e+00,8.999999999999999320e-03,0.000000000000000000e+00
1.126600000000000046e+00,8.999999999999999320e-03,0.000000000000000000e+00
1.129104761904762055e+00,8.999999999999999320e-03,0.000000000000000000e+00
1.131609523809523843e+00,8.999999999999999320e-03,0.000000000000000000e+00
1.134114285714285852e+00,8.999999999999999320e-03,0.000000000000000000e+00
1.136619047619047640e+00,8.999999999999999320e-03,0.000000000000000000e+00
1.139123809523809649e+00,8.999999999999999320e-03,0.000000000000000000e+00
1.141628571428571437e+00,8.999999999999999320e-03,0.000000000000000000e+00
1.144133333333333447e+00,8.999999999999999320e-03,0.000000000000000000e+00
1.146638095238095234e+00,8.999999999999999320e-03,0.000000000000000000e+00
1.149142857142857244e+00,8.999999999999999320e-03,0.000000000000000000e+00
1.151647619047619031e+00,8.999999999999999320e-03,0.000000000000000000e+00
1.154152380952381041e+00,8.999999999999999320e-03,0.000000000000000000e+00
1.156657142857142828e+00,8.999999999999999320e-03,0.000000000000000000e+00
1.159161904761904838e+00,8.999999999999999320e-03,0.000000000000000000e+00
1.161666666666666847e+00,8.999999999999999320e-03,0.000000000000000000e+00
1.164171428571428635e+00,8.999999999999999320e-03,0.000000000000000000e+00
1.166676190476190644e+00,8.999999999999999320e-03,0.000000000000000000e+00
1.169180952380952432e+00,8.999999999999999320e-03,0.000000000000000000e+00
1.171685714285714441e+00,8.999999999999999320e-03,0.000000000000000000e+00
1.174190476190476229e+00,8.999999999999999320e-03,0.000000000000000000e+00
1.176695238095238238e+00,8.999999999999999320e-03,0.000000000000000000e+00
1.179200000000000026e+00,8.999999999999999320e-03,0.000000000000000000e+00
1.181704761904762035e+00,8.999999999999999320e-03,0.000000000000000000e+00
1.184209523809523823e+00,8.999999999999999320e-03,0.000000000000000000e+00
1.186714285714285833e+00,8.999999999999999320e-03,0.000000000000000000e+00
1.189219047619047620e+00,8.999999999999999320e-03,0.000000000000000000e+00
1.191723809523809630e+00,8.999999999999999320e-03,0.000000000000000000e+00
1.194228571428571417e+00,8.999999999999999320e-03,0.000000000000000000e+00
1.196733333333333427e+00,8.999999999999999320e-03,0.000000000000000000e+00
1.199238095238095214e+00,8.999999999999999320e-03,0.000000000000000000e+00
1.201742857142857224e+00,8.999999999999999320e-03,0.000000000000000000e+00
1.204247619047619233e+00,8.999999999999999320e-03,0.000000000000000000e+00
1.206752380952381021e+00,8.999999999999999320e-03,0.000000000000000000e+00
1.209257142857143030e+00,8.999999999999999320e-03,0.000000000000000000e+00
1.211761904761904818e+00,8.999999999999999320e-03,0.000000000000000000e+00
1.214266666666666827e+00,8.999999999999999320e-03,0.000000000000000000e+00
1.216771428571428615e+00,8.999999999999999320e-03,0.000000000000000000e+00
1.219276190476190624e+00,8.999999999999999320e-03,0.000000000000000000e+00
1.221780952380952412e+00,8.999999999999999320e-03,0.000000000000000000e+00
1.224285714285714421e+00,8.999999999999999320e-03,0.000000000000000000e+00
1.226790476190476209e+00,8.999999999999999320e-03,0.000000000000000000e+00
1.229295238095238219e+00,8.999999999999999320e-03,0.000000000000000000e+00
1.231800000000000006e+00,8.999999999999999320e-03,0.000000000000000000e+00
1.234304761904762016e+00,8.999999999999999320e-03,0.000000000000000000e+00
1.236809523809523803e+00,8.999999999999999320e-03,0.000000000000000000e+00
1.239314285714285813e+00,8.999999999999999320e-03,0.000000000000000000e+00
1.241819047619047600e+00,8.999999999999999320e-03,0.000000000000000000e+00
1.244323809523809610e+00,8.999999999999999320e-03,0.000000000000000000e+00
1.246828571428571397e+00,8.999999999999999320e-03,0.000000000000000000e+00
1.249333333333333407e+00,8.999999999999999320e-03,0.000000000000000000e+00
1.251838095238095416e+00,8.999999999999999320e-03,0.000000000000000000e+00
1.254342857142857204e+00,8.999999999999999320e-03,0.000000000000000000e+00
1.256847619047619213e+00,8.999999999999999320e-03,0.000000000000000000e+00
1.259352380952381001e+00,8.999999999999999320e-03,0.000000000000000000e+00
1.261857142857143010e+00,8.999999999999999320e-03,0.000000000000000000e+00
1.264361904761904798e+00,8.999999999999999320e-03,0.000000000000000000e+00
1.266866666666666807e+00,8.999999999999999320e-03,0.000000000000000000e+00
1.269371428571428595e+00,8.999999999999999320e-03,0.000000000000000000e+00
1.271876190476190605e+00,8.999999999999999320e-03,0.000000000000000000e+00
1.274380952380952392e+00,8.999999999999999320e-03,0.000000000000000000e+00
1.276885714285714402e+00,8.999999999999999320e-03,0.000000000000000000e+00
1.279390476190476189e+00,8.999999999999999320e-03,0.000000000000000000e+00
1.281895238095238199e+00,8.999999999999999320e-03,0.000000000000000000e+00
1.284399999999999986e+00,8.999999999999999320e-03,0.000000000000000000e+00
1.286904761904761996e+00,8.999999999999999320e-03,0.000000000000000000e+00
1.289409523809523783e+00,8.999999999999999320e-03,0.000000000000000000e+00
1.291914285714285793e+00,8.999999999999999320e-03,0.000000000000000000e+00
1.294419047619047580e+00,8.999999999999999320e-03,0.000000000000000000e+00
1.296923809523809590e+00,8.999999999999999320e-03,0.000000000000000000e+00
1.299428571428571377e+00,8.999999999999999320e-03,0.000000000000000000e+00
1.301933333333333387e+00,8.999999999999999320e-03,0.000000000000000000e+00
1.304438095238095174e+00,8.999999999999999320e-03,0.000000000000000000e+00
1.306942857142857184e+00,8.999999999999999320e-03,0.000000000000000000e+00
1.309447619047618971e+00,8.999999999999999320e-03,0.000000000000000000e+00
1.311952380952380981e+00,8.999999999999999320e-03,0.000000000000000000e+00
1.314457142857142991e+00,8.999999999999999320e-03,0.000000000000000000e+00
1.316961904761904778e+00,8.999999999999999320e-03,0.000000000000000000e+00
1.319466666666666788e+00,8.999999999999999320e-03,0.000000000000000000e+00
1.321971428571428575e+00,8.999999999999999320e-03,0.000000000000000000e+00
1.324476190476190585e+00,8.999999999999999320e-03,0.000000000000000000e+00
1.326980952380952372e+00,8.999999999999999320e-03,0.000000000000000000e+00
1.329485714285714382e+00,8.999999999999999320e-03,0.000000000000000000e+00
1.331990476190476169e+00,8.999999999999999320e-03,0.000000000000000000e+00
1.334495238095238179e+00,8.999999999999999320e-03,0.000000000000000000e+00
1.336999999999999966e+00,8.999999999999999320e-03,0.000000000000000000e+00
1.339504761904761976e+00,8.999999999999999320e-03,0.000000000000000000e+00
1.342009523809523763e+00,8.999999999999999320e-03,0.000000000000000000e+00
1.344514285714285773e+00,8.999999999999999320e-03,0.000000000000000000e+00
1.347019047619047560e+00,8.999999999999999320e-03,0.000000000000000000e+00
1.349523809523809570e+00,8.999999999999999320e-03,0.000000000000000000e+00
1.352028571428571357e+00,8.999999999999999320e-03,0.000000000000000000e+00
1.354533333333333367e+00,8.999999999999999320e-03,0.000000000000000000e+00
1.357038095238095377e+00,8.999999999999999320e-03,0.000000000000000000e+00
1.359542857142857164e+00,8.999999999999999320e-03,0.000000000000000000e+00
1.362047619047619174e+00,8.999999999999999320e-03,0.000000000000000000e+00
1.364552380952380961e+00,8.999999999999999320e-03,0.000000000000000000e+00
1.367057142857142971e+00,8.999999999999999320e-03,0.000000000000000000e+00
1.369561904761904758e+00,8.999999999999999320e-03,0.000000000000000000e+00
1.372066666666666768e+00,8.999999999999999320e-03,0.000000000000000000e+00
1.374571428571428555e+00,8.999999999999999320e-03,0.000000000000000000e+00
1.377076190476190565e+00,8.999999999999999320e-03,0.000000000000000000e+00
1.379580952380952352e+00,8.999999999999999320e-03,0.000000000000000000e+00
1.382085714285714362e+00,8.999999999999999320e-03,0.000000000000000000e+00
1.384590476190476149e+00,8.999999999999999320e-03,0.000000000000000000e+00
1.387095238095238159e+00,8.999999999999999320e-03,0.000000000000000000e+00
1.389599999999999946e+00,8.999999999999999320e-03,0.000000000000000000e+00
1.392104761904761956e+00,8.999999999999999320e-03,0.000000000000000000e+00
1.394609523809523743e+00,8.999999999999999320e-03,0.000000000000000000e+00
1.397114285714285753e+00,8.999999999999999320e-03,0.000000000000000000e+00
1.399619047619047763e+00,8.999999999999999320e-03,0.000000000000000000e+00
1.402123809523809550e+00,8.999999999999999320e-03,0.000000000000000000e+00
1.404628571428571560e+00,8.999999999999999320e-03,0.000000000000000000e+00
1.407133333333333347e+00,8.999999999999999320e-03,0.000000000000000000e+00
1.409638095238095357e+00,8.999999999999999320e-03,0.000000000000000000e+00
1.412142857142857144e+00,8.999999999999999320e-03,0.000000000000000000e+00
1.414647619047619154e+00,8.999999999999999320e-03,0.000000000000000000e+00
1.417152380952380941e+00,8.999999999999999320e-03,0.000000000000000000e+00
1.419657142857142951e+00,8.999999999999999320e-03,0.000000000000000000e+00
1.422161904761904738e+00,8.999999999999999320e-03,0.000000000000000000e+00
1.424666666666666748e+00,8.999999999999999320e-03,0.000000000000000000e+00
1.427171428571428535e+00,8.999999999999999320e-03,0.000000000000000000e+00
1.429676190476190545e+00,8.999999999999999320e-03,0.000000000000000000e+00
1.432180952380952332e+00,8.999999999999999320e-03,0.000000000000000000e+00
1.434685714285714342e+00,8.999999999999999320e-03,0.000000000000000000e+00
1.437190476190476129e+00,8.999999999999999320e-03,0.000000000000000000e+00
1.439695238095238139e+00,8.999999999999999320e-03,0.000000000000000000e+00
1.442200000000000149e+00,8.999999999999999320e-03,0.000000000000000000e+00
1.444704761904761936e+00,8.999999999999999320e-03,0.000000000000000000e+00
1.447209523809523946e+00,8.999999999999999320e-03,0.000000000000000000e+00
1.449714285714285733e+00,8.999999999999999320e-03,0.000000000000000000e+00
1.452219047619047743e+00,8.999999999999999320e-03,0.000000000000000000e+00
1.454723809523809530e+00,8.999999999999999320e-03,0.000000000000000000e+00
1.457228571428571540e+00,8.999999999999999320e-03,0.000000000000000000e+00
1.459733333333333327e+00,8.999999999999999320e-03,0.000000000000000000e+00
1.462238095238095337e+00,8.999999999999999320e-03,0.000000000000000000e+00
1.464742857142857124e+00,8.999999999999999320e-03,0.000000000000000000e+00
1.467247619047619134e+00,8.999999999999999320e-03,0.000000000000000000e+00
1.469752380952380921e+00,8.999999999999999320e-03,0.000000000000000000e+00
1.472257142857142931e+00,8.999999999999999320e-03,0.000000000000000000e+00
1.474761904761904718e+00,8.999999999999999320e-03,0.000000000000000000e+00
1.477266666666666728e+00,8.999999999999999320e-03,0.000000000000000000e+00
1.479771428571428515e+00,8.999999999999999320e-03,0.000000000000000000e+00
1.482276190476190525e+00,8.999999999999999320e-03,0.000000000000000000e+00
1.484780952380952534e+00,8.999999999999999320e-03,0.000000000000000000e+00
1.487285714285714322e+00,8.999999999999999320e-03,0.000000000000000000e+00
1.489790476190476332e+00,8.999999999999999320e-03,0.000000000000000000e+00
1.492295238095238119e+00,8.999999999999999320e-03,0.000000000000000000e+00
1.494800000000000129e+00,8.999999999999999320e-03,0.000000000000000000e+00
1.497304761904761916e+00,8.999999999999999320e-03,0.000000000000000000e+00
1.499809523809523926e+00,8.999999999999999320e-03,0.000000000000000000e+00
1.502314285714285713e+00,8.999999999999999320e-03,0.000000000000000000e+00
1.504819047619047723e+00,8.999999999999999320e-03,0.000000000000000000e+00
1.507323809523809510e+00,8.999999999999999320e-03,0.000000000000000000e+00
1.509828571428571520e+00,8.999999999999999320e-03,0.000000000000000000e+00
1.512333333333333307e+00,8.999999999999999320e-03,0.000000000000000000e+00
1.514838095238095317e+00,8.999999999999999320e-03,0.000000000000000000e+00
1.517342857142857104e+00,8.999999999999999320e-03,0.000000000000000000e+00
1.519847619047619114e+00,8.999999999999999320e-03,0.000000000000000000e+00
1.522352380952380901e+00,8.999999999999999320e-03,0.000000000000000000e+00
1.524857142857142911e+00,8.999999999999999320e-03,0.000000000000000000e+00
1.527361904761904920e+00,8.999999999999999320e-03,0.000000000000000000e+00
1.529866666666666708e+00,8.999999999999999320e-03,0.000000000000000000e+00
1.532371428571428718e+00,8.999999999999999320e-03,0.000000000000000000e+00
1.534876190476190505e+00,8.999999999999999320e-03,0.000000000000000000e+00
1.537380952380952515e+00,8.999999999999999320e-03,0.000000000000000000e+00
1.539885714285714302e+00,8.999999999999999320e-03,0.000000000000000000e+00
1.542390476190476312e+00,8.999999999999999320e-03,0.000000000000000000e+00
1.544895238095238099e+00,8.999999999999999320e-03,0.000000000000000000e+00
1.547400000000000109e+00,8.999999999999999320e-03,0.000000000000000000e+00
1.549904761904761896e+00,8.999999999999999320e-03,0.000000000000000000e+00
1.552409523809523906e+00,8.999999999999999320e-03,0.000000000000000000e+00
1.554914285714285693e+00,8.999999999999999320e-03,0.000000000000000000e+00
1.557419047619047703e+00,8.999999999999999320e-03,0.000000000000000000e+00
1.559923809523809490e+00,8.999999999999999320e-03,0.000000000000000000e+00
1.562428571428571500e+00,8.999999999999999320e-03,0.000000000000000000e+00
1.564933333333333287e+00,8.999999999999999320e-03,0.000000000000000000e+00
1.567438095238095297e+00,8.999999999999999320e-03,0.000000000000000000e+00
1.569942857142857306e+00,8.999999999999999320e-03,0.000000000000000000e+00
1.572447619047619094e+00,8.999999999999999320e-03,0.000000000000000000e+00
1.574952380952381104e+00,8.999999999999999320e-03,0.000000000000000000e+00
1.577457142857142891e+00,8.999999999999999320e-03,0.000000000000000000e+00
1.579961904761904901e+00,8.999999999999999320e-03,0.000000000000000000e+00
1.582466666666666688e+00,8.999999999999999320e-03,0.000000000000000000e+00
1.584971428571428698e+00,8.999999999999999320e-03,0.000000000000000000e+00
1.587476190476190485e+00,8.999999999999999320e-03,0.000000000000000000e+00
1.589980952380952495e+00,8.999999999999999320e-03,0.000000000000000000e+00
1.592485714285714282e+00,8.999999999999999320e-03,0.000000000000000000e+00
1.594990476190476292e+00,8.999999999999999320e-03,0.000000000000000000e+00
1.597495238095238079e+00,8.999999999999999320e-03,0.000000000000000000e+00
