-1.600000000000000089e+00,4.089999999999999747e-01,0.000000000000000000e+00
-1.597494897959183868e+00,4.089999999999999747e-01,0.000000000000000000e+00
-1.594989795918367426e+00,4.089999999999999747e-01,0.000000000000000000e+00
-1.592484693877551205e+00,4.089999999999999747e-01,0.000000000000000000e+00
-1.589979591836734762e+00,4.089999999999999747e-01,0.000000000000000000e+00
-1.587474489795918542e+00,4.089999999999999747e-01,0.000000000000000000e+00
-1.584969387755102099e+00,4.089999999999999747e-01,0.000000000000000000e+00
-1.582464285714285879e+00,4.089999999999999747e-01,0.000000000000000000e+00
-1.579959183673469436e+00,4.089999999999999747e-01,0.000000000000000000e+00
-1.577454081632653216e+00,4.089999999999999747e-01,0.000000000000000000e+00
-1.574948979591836773e+00,4.089999999999999747e-01,0.000000000000000000e+00
-1.572443877551020552e+00,4.089999999999999747e-01,0.000000000000000000e+00
-1.569938775510204110e+00,4.089999999999999747e-01,0.000000000000000000e+00
-1.567433673469387889e+00,4.089999999999999747e-01,0.000000000000000000e+00
-1.564928571428571447e+00,4.089999999999999747e-01,0.000000000000000000e+00
-1.562423469387755226e+00,4.089999999999999747e-01,0.000000000000000000e+00
-1.559918367346938783e+00,4.089999999999999747e-01,0.000000000000000000e+00
-1.557413265306122563e+00,4.089999999999999747e-01,0.000000000000000000e+00
-1.554908163265306120e+00,4.089999999999999747e-01,0.000000000000000000e+00
-1.552403061224489900e+00,4.089999999999999747e-01,0.000000000000000000e+00
-1.549897959183673457e+00,4.089999999999999747e-01,0.000000000000000000e+00
-1.547392857142857236e+00,4.089999999999999747e-01,0.000000000000000000e+00
-1.544887755102040794e+00,4.089999999999999747e-01,0.000000000000000000e+00
-1.542382653061224573e+00,4.089999999999999747e-01,0.000000000000000000e+00
-1.539877551020408131e+00,4.089999999999999747e-01,0.000000000000000000e+00
-1.537372448979591910e+00,4.089999999999999747e-01,0.000000000000000000e+00
-1.534867346938775690e+00,4.089999999999999747e-01,0.000000000000000000e+00
-1.532362244897959247e+00,4.089999999999999747e-01,0.000000000000000000e+00
-1.529857142857143026e+00,4.089999999999999747e-01,0.000000000000000000e+00
-1.527352040816326584e+00,4.089999999999999747e-01,0.000000000000000000e+00
-1.524846938775510363e+00,4.089999999999999747e-01,0.000000000000000000e+00
-1.522341836734693921e+00,4.089999999999999747e-01,0.000000000000000000e+00
-1.519836734693877700e+00,4.089999999999999747e-01,0.000000000000000000e+00
-1.517331632653061257e+00,4.089999999999999747e-01,0.000000000000000000e+00
-1.514826530612245037e+00,4.089999999999999747e-01,0.000000000000000000e+00
-1.512321428571428594e+00,4.089999999999999747e-01,0.000000000000000000e+00
-1.509816326530612374e+00,4.089999999999999747e-01,0.000000000000000000e+00
-1.507311224489795931e+00,4.089999999999999747e-01,0.000000000000000000e+00
-1.504806122448979711e+00,4.089999999999999747e-01,0.000000000000000000e+00
-1.502301020408163268e+00,4.089999999999999747e-01,0.000000000000000000e+00
-1.499795918367347047e+00,4.089999999999999747e-01,0.000000000000000000e+00
-1.497290816326530605e+00,4.089999999999999747e-01,0.000000000000000000e+00
-1.494785714285714384e+00,4.089999999999999747e-01,0.000000000000000000e+00
-1.492280612244897942e+00,4.089999999999999747e-01,0.000000000000000000e+00
-1.489775510204081721e+00,4.089999999999999747e-01,0.000000000000000000e+00
-1.487270408163265278e+00,4.089999999999999747e-01,0.000000000000000000e+00
-1.484765306122449058e+00,4.089999999999999747e-01,0.000000000000000000e+00
-1.482260204081632615e+00,4.089999999999999747e-01,0.000000000000000000e+00
-1.479755102040816395e+00,4.089999999999999747e-01,0.000000000000000000e+00
-1.477250000000000174e+00,4.089999999999999747e-01,0.000000000000000000e+00
-1.474744897959183731e+00,4.089999999999999747e-01,0.000000000000000000e+00
-1.472239795918367511e+00,4.089999999999999747e-01,0.000000000000000000e+00
-1.469734693877551068e+00,4.089999999999999747e-01,0.000000000000000000e+00
-1.467229591836734848e+00,4.089999999999999747e-01,0.000000000000000000e+00
-1.464724489795918405e+00,4.089999999999999747e-01,0.000000000000000000e+00
-1.462219387755102185e+00,4.089999999999999747e-01,0.000000000000000000e+00
-1.459714285714285742e+00,4.089999999999999747e-01,0.000000000000000000e+00
-1.457209183673469521e+00,4.089999999999999747e-01,0.000000000000000000e+00
-1.454704081632653079e+00,4.089999999999999747e-01,0.000000000000000000e+00
-1.452198979591836858e+00,4.089999999999999747e-01,0.000000000000000000e+00
-1.449693877551020416e+00,4.089999999999999747e-01,0.000000000000000000e+00
-1.447188775510204195e+00,4.089999999999999747e-01,0.000000000000000000e+00
-1.444683673469387752e+00,4.089999999999999747e-01,0.000000000000000000e+00
-1.442178571428571532e+00,4.089999999999999747e-01,0.000000000000000000e+00
-1.439673469387755089e+00,4.089999999999999747e-01,0.000000000000000000e+00
-1.437168367346938869e+00,4.089999999999999747e-01,0.000000000000000000e+00
-1.434663265306122426e+00,4.089999999999999747e-01,0.000000000000000000e+00
-1.432158163265306206e+00,4.089999999999999747e-01,0.000000000000000000e+00
-1.429653061224489985e+00,4.089999999999999747e-01,0.000000000000000000e+00
-1.427147959183673542e+00,4.089999999999999747e-01,0.000000000000000000e+00
-1.424642857142857100e+00,4.089999999999999747e-01,0.000000000000000000e+00
-1.422137755102040879e+00,4.089999999999999747e-01,0.000000000000000000e+00
-1.419632653061224659e+00,4.089999999999999747e-01,0.000000000000000000e+00
-1.417127551020408216e+00,4.089999999999999747e-01,0.000000000000000000e+00
-1.414622448979591995e+00,4.089999999999999747e-01,0.000000000000000000e+00
-1.412117346938775553e+00,4.089999999999999747e-01,0.000000000000000000e+00
-1.409612244897959332e+00,4.089999999999999747e-01,0.000000000000000000e+00
-1.407107142857142890e+00,4.089999999999999747e-01,0.000000000000000000e+00
-1.404602040816326669e+00,4.089999999999999747e-01,0.000000000000000000e+00
-1.402096938775510226e+00,4.089999999999999747e-01,0.000000000000000000e+00
-1.399591836734694006e+00,4.089999999999999747e-01,0.000000000000000000e+00
-1.397086734693877563e+00,4.089999999999999747e-01,0.000000000000000000e+00
-1.394581632653061343e+00,4.089999999999999747e-01,0.000000000000000000e+00
-1.392076530612244900e+00,4.089999999999999747e-01,0.000000000000000000e+00
-1.389571428571428680e+00,4.089999999999999747e-01,0.000000000000000000e+00
-1.387066326530612237e+00,4.089999999999999747e-01,0.000000000000000000e+00
-1.384561224489796016e+00,4.089999999999999747e-01,0.000000000000000000e+00
-1.382056122448979574e+00,4.089999999999999747e-01,0.000000000000000000e+00
-1.379551020408163353e+00,4.089999999999999747e-01,0.000000000000000000e+00
-1.377045918367346911e+00,4.089999999999999747e-01,0.000000000000000000e+00
-1.374540816326530690e+00,4.089999999999999747e-01,0.000000000000000000e+00
-1.372035714285714469e+00,4.089999999999999747e-01,0.000000000000000000e+00
-1.369530612244898027e+00,4.089999999999999747e-01,0.000000000000000000e+00
-1.367025510204081584e+00,4.089999999999999747e-01,0.000000000000000000e+00
-1.364520408163265364e+00,4.089999999999999747e-01,0.000000000000000000e+00
-1.362015306122449143e+00,4.089999999999999747e-01,0.000000000000000000e+00
-1.359510204081632700e+00,4.089999999999999747e-01,0.000000000000000000e+00
-1.357005102040816480e+00,4.089999999999999747e-01,0.000000000000000000e+00
-1.354500000000000037e+00,4.089999999999999747e-01,0.000000000000000000e+00
-1.351994897959183817e+00,4.089999999999999747e-01,0.000000000000000000e+00
-1.349489795918367374e+00,4.089999999999999747e-01,0.000000000000000000e+00
-1.346984693877551154e+00,4.089999999999999747e-01,0.000000000000000000e+00
-1.344479591836734711e+00,4.089999999999999747e-01,0.000000000000000000e+00
-1.341974489795918490e+00,4.089999999999999747e-01,0.000000000000000000e+00
-1.339469387755102048e+00,4.089999999999999747e-01,0.000000000000000000e+00
-1.336964285714285827e+00,4.089999999999999747e-01,0.000000000000000000e+00
-1.334459183673469385e+00,4.089999999999999747e-01,0.000000000000000000e+00
-1.331954081632653164e+00,4.089999999999999747e-01,0.000000000000000000e+00
-1.329448979591836721e+00,4.089999999999999747e-01,0.000000000000000000e+00
-1.326943877551020501e+00,4.089999999999999747e-01,0.000000000000000000e+00
-1.324438775510204058e+00,4.089999999999999747e-01,0.000000000000000000e+00
-1.321933673469387838e+00,4.089999999999999747e-01,0.000000000000000000e+00
-1.319428571428571395e+00,4.089999999999999747e-01,0.000000000000000000e+00
-1.316923469387755175e+00,4.089999999999999747e-01,0.000000000000000000e+00
-1.314418367346938954e+00,4.089999999999999747e-01,0.000000000000000000e+00
-1.311913265306122511e+00,4.089999999999999747e-01,0.000000000000000000e+00
-1.309408163265306069e+00,4.089999999999999747e-01,0.000000000000000000e+00
-1.306903061224489848e+00,4.089999999999999747e-01,0.000000000000000000e+00
-1.304397959183673628e+00,4.089999999999999747e-01,0.000000000000000000e+00
-1.301892857142857185e+00,4.089999999999999747e-01,0.000000000000000000e+00
-1.299387755102040742e+00,4.089999999999999747e-01,0.000000000000000000e+00
-1.296882653061224522e+00,4.089999999999999747e-01,0.000000000000000000e+00
-1.294377551020408301e+00,4.089999999999999747e-01,0.000000000000000000e+00
-1.291872448979591859e+00,4.089999999999999747e-01,0.000000000000000000e+00
-1.289367346938775638e+00,4.089999999999999747e-01,0.000000000000000000e+00
-1.286862244897959195e+00,4.089999999999999747e-01,0.000000000000000000e+00
-1.284357142857142975e+00,4.089999999999999747e-01,0.000000000000000000e+00
-1.281852040816326532e+00,4.089999999999999747e-01,0.000000000000000000e+00
-1.279346938775510312e+00,4.089999999999999747e-01,0.000000000000000000e+00
-1.276841836734693869e+00,4.089999999999999747e-01,0.000000000000000000e+00
-1.274336734693877649e+00,4.089999999999999747e-01,0.000000000000000000e+00
-1.271831632653061206e+00,4.089999999999999747e-01,0.000000000000000000e+00
-1.269326530612244985e+00,4.089999999999999747e-01,0.000000000000000000e+00
-1.266821428571428543e+00,4.089999999999999747e-01,0.000000000000000000e+00
-1.264316326530612322e+00,4.089999999999999747e-01,0.000000000000000000e+00
-1.261811224489795880e+00,4.089999999999999747e-01,0.000000000000000000e+00
-1.259306122448979659e+00,4.089999999999999747e-01,0.000000000000000000e+00
-1.256801020408163438e+00,4.089999999999999747e-01,0.000000000000000000e+00
-1.254295918367346996e+00,4.089999999999999747e-01,0.000000000000000000e+00
-1.251790816326530553e+00,4.089999999999999747e-01,0.000000000000000000e+00
-1.249285714285714333e+00,4.089999999999999747e-01,0.000000000000000000e+00
-1.246780612244898112e+00,4.089999999999999747e-01,0.000000000000000000e+00
-1.244275510204081669e+00,4.089999999999999747e-01,0.000000000000000000e+00
-1.241770408163265227e+00,4.089999999999999747e-01,0.000000000000000000e+00
-1.239265306122449006e+00,4.089999999999999747e-01,0.000000000000000000e+00
-1.236760204081632786e+00,4.089999999999999747e-01,0.000000000000000000e+00
-1.234255102040816343e+00,4.089999999999999747e-01,0.000000000000000000e+00
-1.231750000000000123e+00,4.089999999999999747e-01,0.000000000000000000e+00
-1.229244897959183680e+00,4.089999999999999747e-01,0.000000000000000000e+00
-1.226739795918367459e+00,4.089999999999999747e-01,0.000000000000000000e+00
-1.224234693877551017e+00,4.089999999999999747e-01,0.000000000000000000e+00
-1.221729591836734796e+00,4.089999999999999747e-01,0.000000000000000000e+00
-1.219224489795918354e+00,4.089999999999999747e-01,0.000000000000000000e+00
-1.216719387755102133e+00,4.089999999999999747e-01,0.000000000000000000e+00
-1.214214285714285690e+00,4.089999999999999747e-01,0.000000000000000000e+00
-1.211709183673469470e+00,4.089999999999999747e-01,0.000000000000000000e+00
-1.209204081632653027e+00,4.089999999999999747e-01,0.000000000000000000e+00
-1.206698979591836807e+00,4.089999999999999747e-01,0.000000000000000000e+00
-1.204193877551020364e+00,4.089999999999999747e-01,0.000000000000000000e+00
-1.201688775510204144e+00,4.089999999999999747e-01,0.000000000000000000e+00
-1.199183673469387923e+00,4.089999999999999747e-01,0.000000000000000000e+00
-1.196678571428571480e+00,4.089999999999999747e-01,0.000000000000000000e+00
-1.194173469387755038e+00,4.089999999999999747e-01,0.000000000000000000e+00
-1.191668367346938817e+00,4.089999999999999747e-01,0.000000000000000000e+00
-1.189163265306122597e+00,4.089999999999999747e-01,0.000000000000000000e+00
-1.186658163265306154e+00,4.089999999999999747e-01,0.000000000000000000e+00
-1.184153061224489711e+00,4.089999999999999747e-01,0.000000000000000000e+00
-1.181647959183673491e+00,4.089999999999999747e-01,0.000000000000000000e+00
-1.179142857142857270e+00,4.089999999999999747e-01,0.000000000000000000e+00
-1.176637755102040828e+00,4.089999999999999747e-01,0.000000000000000000e+00
-1.174132653061224607e+00,4.089999999999999747e-01,0.000000000000000000e+00
-1.171627551020408164e+00,4.089999999999999747e-01,0.000000000000000000e+00
-1.169122448979591944e+00,4.089999999999999747e-01,0.000000000000000000e+00
-1.166617346938775501e+00,4.089999999999999747e-01,0.000000000000000000e+00
-1.164112244897959281e+00,4.089999999999999747e-01,0.000000000000000000e+00
-1.161607142857142838e+00,4.089999999999999747e-01,0.000000000000000000e+00
-1.159102040816326618e+00,4.089999999999999747e-01,0.000000000000000000e+00
-1.156596938775510175e+00,4.089999999999999747e-01,0.000000000000000000e+00
-1.154091836734693954e+00,4.089999999999999747e-01,0.000000000000000000e+00
-1.151586734693877512e+00,4.089999999999999747e-01,0.000000000000000000e+00
-1.149081632653061291e+00,4.089999999999999747e-01,0.000000000000000000e+00
-1.146576530612244849e+00,4.089999999999999747e-01,0.000000000000000000e+00
-1.144071428571428628e+00,4.089999999999999747e-01,0.000000000000000000e+00
-1.141566326530612407e+00,4.089999999999999747e-01,0.000000000000000000e+00
-1.139061224489795965e+00,4.089999999999999747e-01,0.000000000000000000e+00
-1.136556122448979522e+00,4.089999999999999747e-01,0.000000000000000000e+00
-1.134051020408163302e+00,4.089999999999999747e-01,0.000000000000000000e+00
-1.131545918367347081e+00,4.089999999999999747e-01,0.000000000000000000e+00
-1.129040816326530638e+00,4.089999999999999747e-01,0.000000000000000000e+00
-1.126535714285714196e+00,4.089999999999999747e-01,0.000000000000000000e+00
-1.124030612244897975e+00,4.089999999999999747e-01,0.000000000000000000e+00
-1.121525510204081755e+00,4.089999999999999747e-01,0.000000000000000000e+00
-1.119020408163265312e+00,4.089999999999999747e-01,0.000000000000000000e+00
-1.116515306122449092e+00,4.089999999999999747e-01,0.000000000000000000e+00
-1.114010204081632649e+00,4.089999999999999747e-01,0.000000000000000000e+00
-1.111505102040816428e+00,4.089999999999999747e-01,0.000000000000000000e+00
-1.108999999999999986e+00,4.089999999999999747e-01,0.000000000000000000e+00
-1.106494897959183765e+00,4.089999999999999747e-01,0.000000000000000000e+00
-1.103989795918367323e+00,4.089999999999999747e-01,0.000000000000000000e+00
-1.101484693877551102e+00,4.089999999999999747e-01,0.000000000000000000e+00
-1.098979591836734659e+00,4.089999999999999747e-01,0.000000000000000000e+00
-1.096474489795918439e+00,4.089999999999999747e-01,0.000000000000000000e+00
-1.093969387755102218e+00,4.089999999999999747e-01,0.000000000000000000e+00
-1.091464285714285776e+00,4.089999999999999747e-01,0.000000000000000000e+00
-1.088959183673469333e+00,4.089999999999999747e-01,0.000000000000000000e+00
-1.086454081632653113e+00,4.089999999999999747e-01,0.000000000000000000e+00
-1.083948979591836892e+00,4.089999999999999747e-01,0.000000000000000000e+00
-1.081443877551020449e+00,4.089999999999999747e-01,0.000000000000000000e+00
-1.078938775510204007e+00,4.089999999999999747e-01,0.000000000000000000e+00
-1.076433673469387786e+00,4.089999999999999747e-01,0.000000000000000000e+00
-1.073928571428571566e+00,4.089999999999999747e-01,0.000000000000000000e+00
-1.071423469387755123e+00,4.089999999999999747e-01,0.000000000000000000e+00
-1.068918367346938680e+00,4.089999999999999747e-01,0.000000000000000000e+00
-1.066413265306122460e+00,4.089999999999999747e-01,0.000000000000000000e+00
-1.063908163265306239e+00,4.089999999999999747e-01,0.000000000000000000e+00
-1.061403061224489797e+00,4.089999999999999747e-01,0.000000000000000000e+00
-1.058897959183673354e+00,4.089999999999999747e-01,0.000000000000000000e+00
-1.056392857142857133e+00,4.089999999999999747e-01,0.000000000000000000e+00
-1.053887755102040913e+00,4.089999999999999747e-01,0.000000000000000000e+00
-1.051382653061224470e+00,4.089999999999999747e-01,0.000000000000000000e+00
-1.048877551020408028e+00,4.089999999999999747e-01,0.000000000000000000e+00
-1.046372448979591807e+00,4.089999999999999747e-01,0.000000000000000000e+00
-1.043867346938775587e+00,4.089999999999999747e-01,0.000000000000000000e+00
-1.041362244897959144e+00,4.089999999999999747e-01,0.000000000000000000e+00
-1.038857142857142923e+00,4.089999999999999747e-01,0.000000000000000000e+00
-1.036352040816326703e+00,4.089999999999999747e-01,0.000000000000000000e+00
-1.033846938775510260e+00,4.089999999999999747e-01,0.000000000000000000e+00
-1.031341836734693818e+00,4.089999999999999747e-01,0.000000000000000000e+00
-1.028836734693877597e+00,4.089999999999999747e-01,0.000000000000000000e+00
-1.026331632653061376e+00,4.089999999999999747e-01,0.000000000000000000e+00
-1.023826530612244934e+00,4.089999999999999747e-01,0.000000000000000000e+00
-1.021321428571428491e+00,4.089999999999999747e-01,0.000000000000000000e+00
-1.018816326530612271e+00,4.089999999999999747e-01,0.000000000000000000e+00
-1.016311224489796050e+00,4.089999999999999747e-01,0.000000000000000000e+00
-1.013806122448979607e+00,4.089999999999999747e-01,0.000000000000000000e+00
-1.011301020408163165e+00,4.089999999999999747e-01,0.000000000000000000e+00
-1.008795918367346944e+00,4.089999999999999747e-01,0.000000000000000000e+00
-1.006290816326530724e+00,4.089999999999999747e-01,0.000000000000000000e+00
-1.003785714285714281e+00,4.089999999999999747e-01,0.000000000000000000e+00
-1.001280612244897839e+00,4.089999999999999747e-01,0.000000000000000000e+00
-9.987755102040816180e-01,4.089999999999999747e-01,0.000000000000000000e+00
-9.962704081632652864e-01,4.089999999999999747e-01,0.000000000000000000e+00
-9.937653061224489548e-01,4.089999999999999747e-01,0.000000000000000000e+00
-9.912602040816326232e-01,4.089999999999999747e-01,0.000000000000000000e+00
-9.887551020408162916e-01,4.089999999999999747e-01,0.000000000000000000e+00
-9.862500000000000711e-01,4.089999999999999747e-01,0.000000000000000000e+00
-9.837448979591837395e-01,4.089999999999999747e-01,0.000000000000000000e+00
-9.812397959183674079e-01,4.089999999999999747e-01,0.000000000000000000e+00
-9.787346938775510763e-01,4.089999999999999747e-01,0.000000000000000000e+00
-9.762295918367347447e-01,4.089999999999999747e-01,0.000000000000000000e+00
-9.737244897959184131e-01,4.089999999999999747e-01,0.000000000000000000e+00
-9.712193877551020815e-01,4.089999999999999747e-01,0.000000000000000000e+00
-9.687142857142857499e-01,4.089999999999999747e-01,0.000000000000000000e+00
-9.662091836734694184e-01,4.089999999999999747e-01,0.000000000000000000e+00
-9.637040816326530868e-01,4.089999999999999747e-01,0.000000000000000000e+00
-9.611989795918367552e-01,4.089999999999999747e-01,0.000000000000000000e+00
-9.586938775510204236e-01,4.089999999999999747e-01,0.000000000000000000e+00
-9.561887755102040920e-01,4.089999999999999747e-01,0.000000000000000000e+00
-9.536836734693877604e-01,4.089999999999999747e-01,0.000000000000000000e+00
-9.511785714285714288e-01,4.089999999999999747e-01,0.000000000000000000e+00
-9.486734693877550972e-01,4.089999999999999747e-01,0.000000000000000000e+00
-9.461683673469387656e-01,4.089999999999999747e-01,0.000000000000000000e+00
-9.436632653061224341e-01,4.089999999999999747e-01,0.000000000000000000e+00
-9.411581632653061025e-01,4.089999999999999747e-01,0.000000000000000000e+00
-9.386530612244897709e-01,4.089999999999999747e-01,0.000000000000000000e+00
-9.361479591836734393e-01,4.089999999999999747e-01,0.000000000000000000e+00
-9.336428571428571077e-01,4.089999999999999747e-01,0.000000000000000000e+00
-9.311377551020407761e-01,4.089999999999999747e-01,0.000000000000000000e+00
-9.286326530612245556e-01,4.089999999999999747e-01,0.000000000000000000e+00
-9.261275510204082240e-01,4.089999999999999747e-01,0.000000000000000000e+00
-9.236224489795918924e-01,4.089999999999999747e-01,0.000000000000000000e+00
-9.211173469387755608e-01,4.089999999999999747e-01,0.000000000000000000e+00
-9.186122448979592292e-01,4.089999999999999747e-01,0.000000000000000000e+00
-9.161071428571428976e-01,4.089999999999999747e-01,0.000000000000000000e+00
-9.136020408163265660e-01,4.089999999999999747e-01,0.000000000000000000e+00
-9.110969387755102344e-01,4.089999999999999747e-01,0.000000000000000000e+00
-9.085918367346939029e-01,4.089999999999999747e-01,0.000000000000000000e+00
-9.060867346938775713e-01,4.089999999999999747e-01,0.000000000000000000e+00
-9.035816326530612397e-01,4.089999999999999747e-01,0.000000000000000000e+00
-9.010765306122449081e-01,4.089999999999999747e-01,0.000000000000000000e+00
-8.985714285714285765e-01,4.089999999999999747e-01,0.000000000000000000e+00
-8.960663265306122449e-01,4.089999999999999747e-01,0.000000000000000000e+00
-8.935612244897959133e-01,4.089999999999999747e-01,0.000000000000000000e+00
-8.910561224489795817e-01,4.089999999999999747e-01,0.000000000000000000e+00
-8.885510204081632502e-01,4.089999999999999747e-01,0.000000000000000000e+00
-8.860459183673469186e-01,4.089999999999999747e-01,0.000000000000000000e+00
-8.835408163265305870e-01,4.089999999999999747e-01,0.000000000000000000e+00
-8.810357142857142554e-01,4.089999999999999747e-01,0.000000000000000000e+00
-8.785306122448979238e-01,4.089999999999999747e-01,0.000000000000000000e+00
-8.760255102040815922e-01,4.089999999999999747e-01,0.000000000000000000e+00
-8.735204081632652606e-01,4.089999999999999747e-01,0.000000000000000000e+00
-8.710153061224490401e-01,4.089999999999999747e-01,0.000000000000000000e+00
-8.685102040816327085e-01,4.089999999999999747e-01,0.000000000000000000e+00
-8.660051020408163769e-01,4.089999999999999747e-01,0.000000000000000000e+00
-8.635000000000000453e-01,4.089999999999999747e-01,0.000000000000000000e+00
-8.609948979591837137e-01,4.089999999999999747e-01,0.000000000000000000e+00
-8.584897959183673821e-01,4.089999999999999747e-01,0.000000000000000000e+00
-8.559846938775510505e-01,4.089999999999999747e-01,0.000000000000000000e+00
-8.534795918367347189e-01,4.089999999999999747e-01,0.000000000000000000e+00
-8.509744897959183874e-01,4.089999999999999747e-01,0.000000000000000000e+00
-8.484693877551020558e-01,4.089999999999999747e-01,0.000000000000000000e+00
-8.459642857142857242e-01,4.089999999999999747e-01,0.000000000000000000e+00
-8.434591836734693926e-01,4.089999999999999747e-01,0.000000000000000000e+00
-8.409540816326530610e-01,4.089999999999999747e-01,0.000000000000000000e+00
-8.384489795918367294e-01,4.089999999999999747e-01,0.000000000000000000e+00
-8.359438775510203978e-01,4.089999999999999747e-01,0.000000000000000000e+00
-8.334387755102040662e-01,4.089999999999999747e-01,0.000000000000000000e+00
-8.309336734693877347e-01,4.089999999999999747e-01,0.000000000000000000e+00
-8.284285714285714031e-01,4.089999999999999747e-01,0.000000000000000000e+00
-8.259234693877550715e-01,4.089999999999999747e-01,0.000000000000000000e+00
-8.234183673469387399e-01,4.089999999999999747e-01,0.000000000000000000e+00
-8.209132653061224083e-01,4.089999999999999747e-01,0.000000000000000000e+00
-8.184081632653060767e-01,4.089999999999999747e-01,0.000000000000000000e+00
-8.159030612244897451e-01,4.089999999999999747e-01,0.000000000000000000e+00
-8.133979591836734135e-01,4.089999999999999747e-01,0.000000000000000000e+00
-8.108928571428571930e-01,4.089999999999999747e-01,0.000000000000000000e+00
-8.083877551020408614e-01,4.089999999999999747e-01,0.000000000000000000e+00
-8.058826530612245298e-01,4.089999999999999747e-01,0.000000000000000000e+00
-8.033775510204081982e-01,4.089999999999999747e-01,0.000000000000000000e+00
-8.008724489795918666e-01,4.089999999999999747e-01,0.000000000000000000e+00
-7.983673469387755350e-01,4.089999999999999747e-01,0.000000000000000000e+00
-7.958622448979592034e-01,4.089999999999999747e-01,0.000000000000000000e+00
-7.933571428571428719e-01,4.089999999999999747e-01,0.000000000000000000e+00
-7.908520408163265403e-01,4.089999999999999747e-01,0.000000000000000000e+00
-7.883469387755102087e-01,4.089999999999999747e-01,0.000000000000000000e+00
-7.858418367346938771e-01,4.089999999999999747e-01,0.000000000000000000e+00
-7.833367346938775455e-01,4.089999999999999747e-01,0.000000000000000000e+00
-7.808316326530612139e-01,4.089999999999999747e-01,0.000000000000000000e+00
-7.783265306122448823e-01,4.089999999999999747e-01,0.000000000000000000e+00
-7.758214285714285507e-01,4.089999999999999747e-01,0.000000000000000000e+00
-7.733163265306122192e-01,4.089999999999999747e-01,0.000000000000000000e+00
-7.708112244897958876e-01,4.089999999999999747e-01,0.000000000000000000e+00
-7.683061224489795560e-01,4.089999999999999747e-01,0.000000000000000000e+00
-7.658010204081632244e-01,4.089999999999999747e-01,0.000000000000000000e+00
-7.632959183673468928e-01,4.089999999999999747e-01,0.000000000000000000e+00
-7.607908163265305612e-01,4.089999999999999747e-01,0.000000000000000000e+00
-7.582857142857142296e-01,4.089999999999999747e-01,0.000000000000000000e+00
-7.557806122448978980e-01,4.089999999999999747e-01,0.000000000000000000e+00
-7.532755102040816775e-01,4.089999999999999747e-01,0.000000000000000000e+00
-7.507704081632653459e-01,4.089999999999999747e-01,0.000000000000000000e+00
-7.482653061224490143e-01,4.089999999999999747e-01,0.000000000000000000e+00
-7.457602040816326827e-01,4.089999999999999747e-01,0.000000000000000000e+00
-7.432551020408163511e-01,4.089999999999999747e-01,0.000000000000000000e+00
-7.407500000000000195e-01,4.089999999999999747e-01,0.000000000000000000e+00
-7.382448979591836880e-01,4.089999999999999747e-01,0.000000000000000000e+00
-7.357397959183673564e-01,4.089999999999999747e-01,0.000000000000000000e+00
-7.332346938775510248e-01,4.089999999999999747e-01,0.000000000000000000e+00
-7.307295918367346932e-01,4.089999999999999747e-01,0.000000000000000000e+00
-7.282244897959183616e-01,4.089999999999999747e-01,0.000000000000000000e+00
-7.257193877551020300e-01,4.089999999999999747e-01,0.000000000000000000e+00
-7.232142857142856984e-01,4.089999999999999747e-01,0.000000000000000000e+00
-7.207091836734693668e-01,4.089999999999999747e-01,0.000000000000000000e+00
-7.182040816326530352e-01,4.089999999999999747e-01,0.000000000000000000e+00
-7.156989795918367037e-01,4.089999999999999747e-01,0.000000000000000000e+00
-7.131938775510203721e-01,4.089999999999999747e-01,0.000000000000000000e+00
-7.106887755102040405e-01,4.089999999999999747e-01,0.000000000000000000e+00
-7.081836734693877089e-01,4.089999999999999747e-01,0.000000000000000000e+00
-7.056785714285713773e-01,4.089999999999999747e-01,0.000000000000000000e+00
-7.031734693877550457e-01,4.089999999999999747e-01,0.000000000000000000e+00
-7.006683673469387141e-01,4.089999999999999747e-01,0.000000000000000000e+00
-6.981632653061223825e-01,4.089999999999999747e-01,0.000000000000000000e+00
-6.956581632653061620e-01,4.089999999999999747e-01,0.000000000000000000e+00
-6.931530612244898304e-01,4.089999999999999747e-01,0.000000000000000000e+00
-6.906479591836734988e-01,4.089999999999999747e-01,0.000000000000000000e+00
-6.881428571428571672e-01,4.089999999999999747e-01,0.000000000000000000e+00
-6.856377551020408356e-01,4.089999999999999747e-01,0.000000000000000000e+00
-6.831326530612245040e-01,4.089999999999999747e-01,0.000000000000000000e+00
-6.806275510204081725e-01,4.089999999999999747e-01,0.000000000000000000e+00
-6.781224489795918409e-01,4.089999999999999747e-01,0.000000000000000000e+00
-6.756173469387755093e-01,4.089999999999999747e-01,0.000000000000000000e+00
-6.731122448979591777e-01,4.089999999999999747e-01,0.000000000000000000e+00
-6.706071428571428461e-01,4.089999999999999747e-01,0.000000000000000000e+00
-6.681020408163265145e-01,4.089999999999999747e-01,0.000000000000000000e+00
-6.655969387755101829e-01,4.089999999999999747e-01,0.000000000000000000e+00
-6.630918367346938513e-01,4.089999999999999747e-01,0.000000000000000000e+00
-6.605867346938775198e-01,4.089999999999999747e-01,0.000000000000000000e+00
-6.580816326530611882e-01,4.089999999999999747e-01,0.000000000000000000e+00
-6.555765306122448566e-01,4.089999999999999747e-01,0.000000000000000000e+00
-6.530714285714285250e-01,4.089999999999999747e-01,0.000000000000000000e+00
-6.505663265306121934e-01,4.089999999999999747e-01,0.000000000000000000e+00
-6.480612244897958618e-01,4.089999999999999747e-01,0.000000000000000000e+00
-6.455561224489795302e-01,4.089999999999999747e-01,0.000000000000000000e+00
-6.430510204081631986e-01,4.089999999999999747e-01,0.000000000000000000e+00
-6.405459183673468671e-01,4.089999999999999747e-01,0.000000000000000000e+00
-6.380408163265305355e-01,4.089999999999999747e-01,0.000000000000000000e+00
-6.355357142857143149e-01,4.089999999999999747e-01,0.000000000000000000e+00
-6.330306122448979833e-01,4.089999999999999747e-01,0.000000000000000000e+00
-6.305255102040816517e-01,4.089999999999999747e-01,0.000000000000000000e+00
-6.280204081632653201e-01,4.089999999999999747e-01,0.000000000000000000e+00
-6.255153061224489885e-01,4.089999999999999747e-01,0.000000000000000000e+00
-6.230102040816326570e-01,4.089999999999999747e-01,0.000000000000000000e+00
-6.205051020408163254e-01,4.089999999999999747e-01,0.000000000000000000e+00
-6.179999999999999938e-01,4.089999999999999747e-01,0.000000000000000000e+00
-6.154948979591836622e-01,4.089999999999999747e-01,0.000000000000000000e+00
-6.129897959183673306e-01,4.089999999999999747e-01,0.000000000000000000e+00
-6.104846938775509990e-01,4.089999999999999747e-01,0.000000000000000000e+00
-6.079795918367346674e-01,4.089999999999999747e-01,0.000000000000000000e+00
-6.054744897959183358e-01,4.089999999999999747e-01,0.000000000000000000e+00
-6.029693877551020043e-01,4.089999999999999747e-01,0.000000000000000000e+00
-6.004642857142856727e-01,4.089999999999999747e-01,0.000000000000000000e+00
-5.979591836734694521e-01,4.089999999999999747e-01,0.000000000000000000e+00
-5.954540816326530095e-01,4.089999999999999747e-01,0.000000000000000000e+00
-5.929489795918367889e-01,4.089999999999999747e-01,0.000000000000000000e+00
-5.904438775510203463e-01,4.089999999999999747e-01,0.000000000000000000e+00
-5.879387755102041258e-01,4.089999999999999747e-01,0.000000000000000000e+00
-5.854336734693876831e-01,4.089999999999999747e-01,0.000000000000000000e+00
-5.829285714285714626e-01,4.089999999999999747e-01,0.000000000000000000e+00
-5.804234693877550200e-01,4.089999999999999747e-01,0.000000000000000000e+00
-5.779183673469387994e-01,4.089999999999999747e-01,0.000000000000000000e+00
-5.754132653061223568e-01,4.089999999999999747e-01,0.000000000000000000e+00
-5.729081632653061362e-01,4.089999999999999747e-01,0.000000000000000000e+00
-5.704030612244896936e-01,4.089999999999999747e-01,0.000000000000000000e+00
-5.678979591836734730e-01,4.089999999999999747e-01,0.000000000000000000e+00
-5.653928571428570304e-01,4.089999999999999747e-01,0.000000000000000000e+00
-5.628877551020408099e-01,4.089999999999999747e-01,0.000000000000000000e+00
-5.603826530612243673e-01,4.089999999999999747e-01,0.000000000000000000e+00
-5.578775510204081467e-01,4.089999999999999747e-01,0.000000000000000000e+00
-5.553724489795917041e-01,4.089999999999999747e-01,0.000000000000000000e+00
-5.528673469387754835e-01,4.089999999999999747e-01,0.000000000000000000e+00
-5.503622448979592630e-01,4.089999999999999747e-01,0.000000000000000000e+00
-5.478571428571428203e-01,4.089999999999999747e-01,0.000000000000000000e+00
-5.453520408163265998e-01,4.089999999999999747e-01,0.000000000000000000e+00
-5.428469387755101572e-01,4.089999999999999747e-01,0.000000000000000000e+00
-5.403418367346939366e-01,4.089999999999999747e-01,0.000000000000000000e+00
-5.378367346938774940e-01,4.089999999999999747e-01,0.000000000000000000e+00
-5.353316326530612734e-01,4.089999999999999747e-01,0.000000000000000000e+00
-5.328265306122448308e-01,4.089999999999999747e-01,0.000000000000000000e+00
-5.303214285714286103e-01,4.089999999999999747e-01,0.000000000000000000e+00
-5.278163265306121676e-01,4.089999999999999747e-01,0.000000000000000000e+00
-5.253112244897959471e-01,4.089999999999999747e-01,0.000000000000000000e+00
-5.228061224489795045e-01,4.089999999999999747e-01,0.000000000000000000e+00
-5.203010204081632839e-01,4.089999999999999747e-01,0.000000000000000000e+00
-5.177959183673468413e-01,4.089999999999999747e-01,0.000000000000000000e+00
-5.152908163265306207e-01,4.089999999999999747e-01,0.000000000000000000e+00
-5.127857142857141781e-01,4.089999999999999747e-01,0.000000000000000000e+00
-5.102806122448979576e-01,4.089999999999999747e-01,0.000000000000000000e+00
-5.077755102040815149e-01,4.089999999999999747e-01,0.000000000000000000e+00
-5.052704081632652944e-01,4.089999999999999747e-01,0.000000000000000000e+00
-5.027653061224488518e-01,4.089999999999999747e-01,0.000000000000000000e+00
-5.002602040816326312e-01,4.089999999999999747e-01,0.000000000000000000e+00
-4.977551020408161886e-01,4.089999999999999747e-01,0.000000000000000000e+00
-4.952499999999999680e-01,4.089999999999999747e-01,0.000000000000000000e+00
-4.927448979591835254e-01,4.089999999999999747e-01,0.000000000000000000e+00
-4.902397959183673048e-01,4.089999999999999747e-01,0.000000000000000000e+00
-4.877346938775510843e-01,4.089999999999999747e-01,0.000000000000000000e+00
-4.852295918367346417e-01,4.089999999999999747e-01,0.000000000000000000e+00
-4.827244897959184211e-01,4.089999999999999747e-01,0.000000000000000000e+00
-4.802193877551019785e-01,4.089999999999999747e-01,0.000000000000000000e+00
-4.777142857142857579e-01,4.089999999999999747e-01,0.000000000000000000e+00
-4.752091836734693153e-01,4.089999999999999747e-01,0.000000000000000000e+00
-4.727040816326530948e-01,4.089999999999999747e-01,0.000000000000000000e+00
-4.701989795918366521e-01,4.089999999999999747e-01,0.000000000000000000e+00
-4.676938775510204316e-01,4.089999999999999747e-01,0.000000000000000000e+00
-4.651887755102039890e-01,4.089999999999999747e-01,0.000000000000000000e+00
-4.626836734693877684e-01,4.089999999999999747e-01,0.000000000000000000e+00
-4.601785714285713258e-01,4.089999999999999747e-01,0.000000000000000000e+00
-4.576734693877551052e-01,4.089999999999999747e-01,0.000000000000000000e+00
-4.551683673469386626e-01,4.089999999999999747e-01,0.000000000000000000e+00
-4.526632653061224421e-01,4.089999999999999747e-01,0.000000000000000000e+00
-4.501581632653059994e-01,4.089999999999999747e-01,0.000000000000000000e+00
-4.476530612244897789e-01,4.089999999999999747e-01,0.000000000000000000e+00
-4.451479591836733363e-01,4.089999999999999747e-01,0.000000000000000000e+00
-4.426428571428571157e-01,4.089999999999999747e-01,0.000000000000000000e+00
-4.401377551020406731e-01,4.089999999999999747e-01,0.000000000000000000e+00
-4.376326530612244525e-01,4.089999999999999747e-01,0.000000000000000000e+00
-4.351275510204080099e-01,4.089999999999999747e-01,0.000000000000000000e+00
-4.326224489795917894e-01,4.089999999999999747e-01,0.000000000000000000e+00
-4.301173469387755688e-01,4.089999999999999747e-01,0.000000000000000000e+00
-4.276122448979591262e-01,4.089999999999999747e-01,0.000000000000000000e+00
-4.251071428571429056e-01,4.089999999999999747e-01,0.000000000000000000e+00
-4.226020408163264630e-01,4.089999999999999747e-01,0.000000000000000000e+00
-4.200969387755102424e-01,4.089999999999999747e-01,0.000000000000000000e+00
-4.175918367346937998e-01,4.089999999999999747e-01,0.000000000000000000e+00
-4.150867346938775793e-01,4.089999999999999747e-01,0.000000000000000000e+00
-4.125816326530611367e-01,4.089999999999999747e-01,0.000000000000000000e+00
-4.100765306122449161e-01,4.089999999999999747e-01,0.000000000000000000e+00
-4.075714285714284735e-01,4.089999999999999747e-01,0.000000000000000000e+00
-4.050663265306122529e-01,4.089999999999999747e-01,0.000000000000000000e+00
-4.025612244897958103e-01,4.089999999999999747e-01,0.000000000000000000e+00
-4.000561224489795897e-01,4.089999999999999747e-01,0.000000000000000000e+00
-3.975510204081631471e-01,4.089999999999999747e-01,0.000000000000000000e+00
-3.950459183673469266e-01,4.089999999999999747e-01,0.000000000000000000e+00
-3.925408163265304839e-01,4.089999999999999747e-01,0.000000000000000000e+00
-3.900357142857142634e-01,4.089999999999999747e-01,0.000000000000000000e+00
-3.875306122448978208e-01,4.089999999999999747e-01,0.000000000000000000e+00
-3.850255102040816002e-01,4.089999999999999747e-01,0.000000000000000000e+00
-3.825204081632651576e-01,4.089999999999999747e-01,0.000000000000000000e+00
-3.800153061224489370e-01,4.089999999999999747e-01,0.000000000000000000e+00
-3.775102040816324944e-01,4.089999999999999747e-01,0.000000000000000000e+00
-3.750051020408162739e-01,4.089999999999999747e-01,0.000000000000000000e+00
-3.725000000000000533e-01,4.089999999999999747e-01,0.000000000000000000e+00
-3.699948979591836107e-01,4.089999999999999747e-01,0.000000000000000000e+00
-3.674897959183673901e-01,4.089999999999999747e-01,0.000000000000000000e+00
-3.649846938775509475e-01,4.089999999999999747e-01,0.000000000000000000e+00
-3.624795918367347269e-01,4.089999999999999747e-01,0.000000000000000000e+00
-3.599744897959182843e-01,4.089999999999999747e-01,0.000000000000000000e+00
-3.574693877551020638e-01,4.089999999999999747e-01,0.000000000000000000e+00
-3.549642857142856212e-01,4.089999999999999747e-01,0.000000000000000000e+00
-3.524591836734694006e-01,4.089999999999999747e-01,0.000000000000000000e+00
-3.499540816326529580e-01,4.089999999999999747e-01,0.000000000000000000e+00
-3.474489795918367374e-01,4.089999999999999747e-01,0.000000000000000000e+00
-3.449438775510202948e-01,4.089999999999999747e-01,0.000000000000000000e+00
-3.424387755102040742e-01,4.089999999999999747e-01,0.000000000000000000e+00
-3.399336734693876316e-01,4.089999999999999747e-01,0.000000000000000000e+00
-3.374285714285714111e-01,4.089999999999999747e-01,0.000000000000000000e+00
-3.349234693877549685e-01,4.089999999999999747e-01,0.000000000000000000e+00
-3.324183673469387479e-01,4.089999999999999747e-01,0.000000000000000000e+00
-3.299132653061223053e-01,4.089999999999999747e-01,0.000000000000000000e+00
-3.274081632653060847e-01,4.089999999999999747e-01,0.000000000000000000e+00
-3.249030612244896421e-01,4.089999999999999747e-01,0.000000000000000000e+00
-3.223979591836734215e-01,4.089999999999999747e-01,0.000000000000000000e+00
-3.198928571428569789e-01,4.089999999999999747e-01,0.000000000000000000e+00
-3.173877551020407584e-01,4.089999999999999747e-01,0.000000000000000000e+00
-3.148826530612245378e-01,4.089999999999999747e-01,0.000000000000000000e+00
-3.123775510204080952e-01,4.089999999999999747e-01,0.000000000000000000e+00
-3.098724489795918746e-01,4.089999999999999747e-01,0.000000000000000000e+00
-3.073673469387754320e-01,4.089999999999999747e-01,0.000000000000000000e+00
-3.048622448979592114e-01,4.089999999999999747e-01,0.000000000000000000e+00
-3.023571428571427688e-01,4.089999999999999747e-01,0.000000000000000000e+00
-2.998520408163265483e-01,4.089999999999999747e-01,0.000000000000000000e+00
-2.973469387755101057e-01,4.089999999999999747e-01,0.000000000000000000e+00
-2.948418367346938851e-01,4.089999999999999747e-01,0.000000000000000000e+00
-2.923367346938774425e-01,4.089999999999999747e-01,0.000000000000000000e+00
-2.898316326530612219e-01,4.089999999999999747e-01,0.000000000000000000e+00
-2.873265306122447793e-01,4.089999999999999747e-01,0.000000000000000000e+00
-2.848214285714285587e-01,4.089999999999999747e-01,0.000000000000000000e+00
-2.823163265306121161e-01,4.089999999999999747e-01,0.000000000000000000e+00
-2.798112244897958956e-01,4.089999999999999747e-01,0.000000000000000000e+00
-2.773061224489794530e-01,4.089999999999999747e-01,0.000000000000000000e+00
-2.748010204081632324e-01,4.089999999999999747e-01,0.000000000000000000e+00
-2.722959183673467898e-01,4.089999999999999747e-01,0.000000000000000000e+00
-2.697908163265305692e-01,4.089999999999999747e-01,0.000000000000000000e+00
-2.672857142857141266e-01,4.089999999999999747e-01,0.000000000000000000e+00
-2.647806122448979060e-01,4.089999999999999747e-01,0.000000000000000000e+00
-2.622755102040814634e-01,4.089999999999999747e-01,0.000000000000000000e+00
-2.597704081632652429e-01,4.089999999999999747e-01,0.000000000000000000e+00
-2.572653061224490223e-01,4.089999999999999747e-01,0.000000000000000000e+00
-2.547602040816325797e-01,4.089999999999999747e-01,0.000000000000000000e+00
-2.522551020408163591e-01,4.089999999999999747e-01,0.000000000000000000e+00
-2.497499999999999165e-01,4.089999999999999747e-01,0.000000000000000000e+00
-2.472448979591836959e-01,4.089999999999999747e-01,0.000000000000000000e+00
-2.447397959183672533e-01,4.089999999999999747e-01,0.000000000000000000e+00
-2.422346938775510328e-01,4.089999999999999747e-01,0.000000000000000000e+00
-2.397295918367345902e-01,4.089999999999999747e-01,0.000000000000000000e+00
-2.372244897959183696e-01,4.089999999999999747e-01,0.000000000000000000e+00
-2.347193877551019270e-01,4.089999999999999747e-01,0.000000000000000000e+00
-2.322142857142857064e-01,4.089999999999999747e-01,0.000000000000000000e+00
-2.297091836734692638e-01,4.089999999999999747e-01,0.000000000000000000e+00
-2.272040816326530432e-01,4.089999999999999747e-01,0.000000000000000000e+00
-2.246989795918366006e-01,4.089999999999999747e-01,0.000000000000000000e+00
-2.221938775510203801e-01,4.089999999999999747e-01,0.000000000000000000e+00
-2.196887755102039375e-01,4.089999999999999747e-01,0.000000000000000000e+00
-2.171836734693877169e-01,4.089999999999999747e-01,0.000000000000000000e+00
-2.146785714285712743e-01,4.089999999999999747e-01,0.000000000000000000e+00
-2.121734693877550537e-01,4.089999999999999747e-01,0.000000000000000000e+00
-2.096683673469386111e-01,4.089999999999999747e-01,0.000000000000000000e+00
-2.071632653061223905e-01,4.089999999999999747e-01,0.000000000000000000e+00
-2.046581632653059479e-01,4.089999999999999747e-01,0.000000000000000000e+00
-2.021530612244897274e-01,4.089999999999999747e-01,0.000000000000000000e+00
-1.996479591836735068e-01,4.089999999999999747e-01,0.000000000000000000e+00
-1.971428571428570642e-01,4.089999999999999747e-01,0.000000000000000000e+00
-1.946377551020408436e-01,4.089999999999999747e-01,0.000000000000000000e+00
-1.921326530612244010e-01,4.089999999999999747e-01,0.000000000000000000e+00
-1.896275510204081804e-01,4.089999999999999747e-01,0.000000000000000000e+00
-1.871224489795917378e-01,4.089999999999999747e-01,0.000000000000000000e+00
-1.846173469387755173e-01,4.089999999999999747e-01,0.000000000000000000e+00
-1.821122448979590747e-01,4.089999999999999747e-01,0.000000000000000000e+00
-1.796071428571428541e-01,4.089999999999999747e-01,0.000000000000000000e+00
-1.771020408163264115e-01,4.089999999999999747e-01,0.000000000000000000e+00
-1.745969387755101909e-01,4.089999999999999747e-01,0.000000000000000000e+00
-1.720918367346937483e-01,4.089999999999999747e-01,0.000000000000000000e+00
-1.695867346938775277e-01,4.089999999999999747e-01,0.000000000000000000e+00
-1.670816326530610851e-01,4.089999999999999747e-01,0.000000000000000000e+00
-1.645765306122448646e-01,4.089999999999999747e-01,0.000000000000000000e+00
-1.620714285714284220e-01,4.089999999999999747e-01,0.000000000000000000e+00
-1.595663265306122014e-01,4.089999999999999747e-01,0.000000000000000000e+00
-1.570612244897957588e-01,4.089999999999999747e-01,0.000000000000000000e+00
-1.545561224489795382e-01,4.089999999999999747e-01,0.000000000000000000e+00
-1.520510204081630956e-01,4.089999999999999747e-01,0.000000000000000000e+00
-1.495459183673468750e-01,4.089999999999999747e-01,0.000000000000000000e+00
-1.470408163265304324e-01,4.089999999999999747e-01,0.000000000000000000e+00
-1.445357142857142119e-01,4.089999999999999747e-01,0.000000000000000000e+00
-1.420306122448979913e-01,4.089999999999999747e-01,0.000000000000000000e+00
-1.395255102040815487e-01,4.089999999999999747e-01,0.000000000000000000e+00
-1.370204081632653281e-01,4.089999999999999747e-01,0.000000000000000000e+00
-1.345153061224488855e-01,4.089999999999999747e-01,0.000000000000000000e+00
-1.320102040816326650e-01,4.089999999999999747e-01,0.000000000000000000e+00
-1.295051020408162223e-01,4.089999999999999747e-01,0.000000000000000000e+00
-1.270000000000000018e-01,4.089999999999999747e-01,0.000000000000000000e+00
-1.270000000000000018e-01,4.089999999999999747e-01,2.266311308529046720e+00
-1.244210526315789461e-01,4.089999999999999747e-01,2.061328489202160164e+00
-1.218421052631578905e-01,4.089999999999999747e-01,1.863341202826755971e+00
-1.192631578947368487e-01,4.089999999999999747e-01,1.672349449402824151e+00
-1.166842105263157930e-01,4.089999999999999747e-01,1.488353228930375360e+00
-1.141052631578947374e-01,4.089999999999999747e-01,1.311352541409400496e+00
-1.115263157894736817e-01,4.089999999999999747e-01,1.141347386839903555e+00
-1.089473684210526261e-01,4.089999999999999747e-01,9.783377652218886444e-01
-1.063684210526315843e-01,4.089999999999999747e-01,8.223236765553463279e-01
-1.037894736842105287e-01,4.089999999999999747e-01,6.733051208402832666e-01
-1.012105263157894730e-01,4.089999999999999747e-01,5.312820980767010148e-01
-9.863157894736843123e-02,4.089999999999999747e-01,3.962546082645982959e-01
-9.605263157894736170e-02,4.089999999999999747e-01,2.682226514039645626e-01
-9.347368421052631993e-02,4.089999999999999747e-01,1.471862274948158578e-01
-9.089473684210526427e-02,4.089999999999999747e-01,3.314533653714520772e-02
-8.831578947368420862e-02,4.089999999999999747e-01,-7.390002146904925406e-02
-8.573684210526316685e-02,4.089999999999999747e-01,-1.739498465237680758e-01
-8.315789473684209732e-02,4.089999999999999747e-01,-2.670041386270032846e-01
-8.057894736842105554e-02,4.089999999999999747e-01,-3.530628977787660938e-01
-7.799999999999999989e-02,4.089999999999999747e-01,0.000000000000000000e+00
-7.799999999999999989e-02,4.089999999999999747e-01,-3.469446951953611033e-15
-7.599999999999999811e-02,4.089999999999999747e-01,0.000000000000000000e+00
-7.399999999999999634e-02,4.089999999999999747e-01,0.000000000000000000e+00
-7.199999999999999456e-02,4.089999999999999747e-01,0.000000000000000000e+00
-7.199999999999999456e-02,4.089999999999999747e-01,-2.000000000000003997e+00
-6.700000000000000400e-02,4.089999999999999747e-01,-8.601632742906502926e+00
-6.454285714285715181e-02,4.089999999999999747e-01,0.000000000000000000e+00
-6.208571428571428574e-02,4.089999999999999747e-01,0.000000000000000000e+00
-5.962857142857143355e-02,4.089999999999999747e-01,0.000000000000000000e+00
-5.717142857142857443e-02,4.089999999999999747e-01,0.000000000000000000e+00
-5.471428571428571530e-02,4.089999999999999747e-01,0.000000000000000000e+00
-5.225714285714286311e-02,4.089999999999999747e-01,0.000000000000000000e+00
-4.980000000000000399e-02,4.089999999999999747e-01,0.000000000000000000e+00
-4.734285714285714486e-02,4.089999999999999747e-01,0.000000000000000000e+00
-4.488571428571428573e-02,4.089999999999999747e-01,0.000000000000000000e+00
-4.242857142857142660e-02,4.089999999999999747e-01,0.000000000000000000e+00
-3.997142857142857442e-02,4.089999999999999747e-01,0.000000000000000000e+00
-3.751428571428571529e-02,4.089999999999999747e-01,0.000000000000000000e+00
-3.505714285714285616e-02,4.089999999999999747e-01,0.000000000000000000e+00
-3.260000000000000397e-02,4.089999999999999747e-01,0.000000000000000000e+00
-3.014285714285714485e-02,4.089999999999999747e-01,0.000000000000000000e+00
-2.768571428571428572e-02,4.089999999999999747e-01,0.000000000000000000e+00
-2.522857142857142659e-02,4.089999999999999747e-01,0.000000000000000000e+00
-2.277142857142856747e-02,4.089999999999999747e-01,0.000000000000000000e+00
-2.031428571428571528e-02,4.089999999999999747e-01,0.000000000000000000e+00
-1.785714285714285615e-02,4.089999999999999747e-01,0.000000000000000000e+00
-1.539999999999999702e-02,4.089999999999999747e-01,0.000000000000000000e+00
-1.294285714285714484e-02,4.089999999999999747e-01,0.000000000000000000e+00
-1.048571428571428571e-02,4.089999999999999747e-01,0.000000000000000000e+00
-8.028571428571426583e-03,4.089999999999999747e-01,0.000000000000000000e+00
-5.571428571428567456e-03,4.089999999999999747e-01,0.000000000000000000e+00
-3.114285714285708329e-03,4.089999999999999747e-01,0.000000000000000000e+00
-6.571428571428561405e-04,-6.571428571428561405e-04,0.000000000000000000e+00
1.799999999999996048e-03,4.089999999999999747e-01,0.000000000000000000e+00
4.257142857142862113e-03,4.089999999999999747e-01,0.000000000000000000e+00
6.714285714285714302e-03,4.089999999999999747e-01,0.000000000000000000e+00
9.171428571428580367e-03,4.089999999999999747e-01,0.000000000000000000e+00
1.162857142857143256e-02,4.089999999999999747e-01,0.000000000000000000e+00
1.408571428571428474e-02,4.089999999999999747e-01,0.000000000000000000e+00
1.654285714285715081e-02,4.089999999999999747e-01,0.000000000000000000e+00
1.899999999999999953e-02,4.089999999999999747e-01,8.549033629367988496e+00
2.159259259259259378e-02,4.089999999999999747e-01,8.260668631780674787e+00
2.418518518518518456e-02,4.089999999999999747e-01,-2.118643384244165517e+01
2.677777777777777535e-02,4.089999999999999747e-01,1.517540252890622554e+01
2.937037037037036960e-02,4.089999999999999747e-01,-2.010075695269168605e+01
3.196296296296296385e-02,4.089999999999999747e-01,2.587171254373006235e+01
3.455555555555555464e-02,4.089999999999999747e-01,-2.330925411599023533e+01
3.714814814814815236e-02,4.089999999999999747e-01,1.062706591526197819e+01
3.974074074074074314e-02,4.089999999999999747e-01,6.768205162458778901e+00
4.233333333333333393e-02,4.089999999999999747e-01,-3.198648100961568730e+01
4.492592592592592471e-02,4.089999999999999747e-01,2.642162952518304908e-01
4.751851851851851549e-02,4.089999999999999747e-01,5.608857702857270766e+01
5.011111111111110628e-02,4.089999999999999747e-01,-7.616017239573636743e+00
5.270370370370369706e-02,4.089999999999999747e-01,-3.309151863279681294e+01
5.529629629629630172e-02,4.089999999999999747e-01,-6.478255389942614073e+00
5.788888888888889250e-02,4.089999999999999747e-01,1.849059991260153879e+01
6.048148148148148329e-02,4.089999999999999747e-01,1.247801334441161281e+01
6.307407407407407407e-02,4.089999999999999747e-01,-1.918564909051211487e+01
6.566666666666666485e-02,4.089999999999999747e-01,-1.010487578240814344e+01
6.825925925925925564e-02,4.089999999999999747e-01,1.744911779738685276e+00
7.085185185185184642e-02,4.089999999999999747e-01,-1.286370307418280401e+00
7.344444444444443720e-02,4.089999999999999747e-01,-1.990190937516816749e+00
7.603703703703704186e-02,4.089999999999999747e-01,6.354831628922140041e+00
7.862962962962963265e-02,4.089999999999999747e-01,1.514409357160848124e+01
8.122222222222222343e-02,4.089999999999999747e-01,1.224314785247417880e+00
8.381481481481481421e-02,4.089999999999999747e-01,-7.317507544431199662e+00
8.640740740740740500e-02,4.089999999999999747e-01,-3.110665819201750004e+00
8.899999999999999578e-02,4.089999999999999747e-01,0.000000000000000000e+00
8.899999999999999578e-02,4.089999999999999747e-01,0.000000000000000000e+00
9.163636363636362692e-02,4.089999999999999747e-01,0.000000000000000000e+00
9.427272727272727193e-02,4.089999999999999747e-01,0.000000000000000000e+00
9.690909090909090307e-02,4.089999999999999747e-01,0.000000000000000000e+00
9.954545454545454808e-02,4.089999999999999747e-01,0.000000000000000000e+00
1.021818181818181792e-01,4.089999999999999747e-01,0.000000000000000000e+00
1.048181818181818103e-01,4.089999999999999747e-01,0.000000000000000000e+00
1.074545454545454415e-01,4.089999999999999747e-01,0.000000000000000000e+00
1.100909090909090865e-01,4.089999999999999747e-01,0.000000000000000000e+00
1.127272727272727315e-01,4.089999999999999747e-01,0.000000000000000000e+00
1.153636363636363626e-01,4.089999999999999747e-01,0.000000000000000000e+00
1.179999999999999938e-01,4.089999999999999747e-01,0.000000000000000000e+00
1.206363636363636249e-01,4.089999999999999747e-01,0.000000000000000000e+00
1.232727272727272699e-01,4.089999999999999747e-01,0.000000000000000000e+00
1.259090909090909149e-01,4.089999999999999747e-01,0.000000000000000000e+00
1.285454545454545461e-01,4.089999999999999747e-01,0.000000000000000000e+00
1.311818181818181772e-01,4.089999999999999747e-01,0.000000000000000000e+00
1.338181818181818084e-01,4.089999999999999747e-01,0.000000000000000000e+00
1.364545454545454395e-01,4.089999999999999747e-01,0.000000000000000000e+00
1.390909090909090984e-01,4.089999999999999747e-01,0.000000000000000000e+00
1.417272727272727295e-01,4.089999999999999747e-01,0.000000000000000000e+00
1.443636363636363606e-01,4.089999999999999747e-01,0.000000000000000000e+00
1.469999999999999918e-01,4.089999999999999747e-01,0.000000000000000000e+00
1.469999999999999918e-01,4.089999999999999747e-01,9.198602169374805015e+00
1.495833333333333182e-01,4.089999999999999747e-01,5.539038893086908999e+00
1.521666666666666723e-01,4.089999999999999747e-01,2.801533817838752771e+00
1.547499999999999987e-01,4.089999999999999747e-01,9.860869436303340008e-01
1.573333333333333250e-01,4.089999999999999747e-01,9.269827046165279860e-02
1.599166666666666514e-01,4.089999999999999747e-01,-2.025271756767038633e-02
1.624999999999999778e-01,4.089999999999999747e-01,2.315432760380604568e-02
1.650833333333333319e-01,4.089999999999999747e-01,5.106553253313130675e-02
1.676666666666666583e-01,4.089999999999999747e-01,6.347565201602568818e-02
1.702499999999999847e-01,4.089999999999999747e-01,6.038468605247533649e-02
1.728333333333333388e-01,4.089999999999999747e-01,4.179263464247416626e-02
1.754166666666666652e-01,4.089999999999999747e-01,7.699497786049756126e-03
1.779999999999999916e-01,4.089999999999999747e-01,-4.189472451682946935e-02
1.805833333333333179e-01,4.089999999999999747e-01,-1.069900322661473807e-01
1.831666666666666443e-01,4.089999999999999747e-01,-1.903926305576276734e-01
1.857499999999999984e-01,4.089999999999999747e-01,-3.234837767645888373e-01
1.883333333333333248e-01,4.089999999999999747e-01,-5.259353897963746638e-01
1.909166666666666512e-01,4.089999999999999747e-01,-7.980504828368885084e-01
1.935000000000000053e-01,4.089999999999999747e-01,-1.139829055886102394e+00
1.960833333333333317e-01,4.089999999999999747e-01,-1.551271108944024313e+00
1.986666666666666581e-01,4.089999999999999747e-01,-2.032376642010655932e+00
2.012499999999999845e-01,4.089999999999999747e-01,-2.583145655085999248e+00
2.038333333333333108e-01,4.089999999999999747e-01,-3.254012717932585286e+00
2.064166666666666650e-01,4.089999999999999747e-01,-4.978525515102660393e+00
2.089999999999999913e-01,4.089999999999999747e-01,0.000000000000000000e+00
2.089999999999999913e-01,4.089999999999999747e-01,0.000000000000000000e+00
2.115063063063062909e-01,4.089999999999999747e-01,0.000000000000000000e+00
2.140126126126126183e-01,4.089999999999999747e-01,0.000000000000000000e+00
2.165189189189189178e-01,4.089999999999999747e-01,0.000000000000000000e+00
2.190252252252252174e-01,4.089999999999999747e-01,0.000000000000000000e+00
2.215315315315315170e-01,4.089999999999999747e-01,0.000000000000000000e+00
2.240378378378378166e-01,4.089999999999999747e-01,0.000000000000000000e+00
2.265441441441441439e-01,4.089999999999999747e-01,0.000000000000000000e+00
2.290504504504504435e-01,4.089999999999999747e-01,0.000000000000000000e+00
2.315567567567567431e-01,4.089999999999999747e-01,0.000000000000000000e+00
2.340630630630630704e-01,4.089999999999999747e-01,0.000000000000000000e+00
2.365693693693693700e-01,4.089999999999999747e-01,0.000000000000000000e+00
2.390756756756756696e-01,4.089999999999999747e-01,0.000000000000000000e+00
2.415819819819819692e-01,4.089999999999999747e-01,0.000000000000000000e+00
2.440882882882882687e-01,4.089999999999999747e-01,0.000000000000000000e+00
2.465945945945945961e-01,4.089999999999999747e-01,0.000000000000000000e+00
2.491009009009008957e-01,4.089999999999999747e-01,0.000000000000000000e+00
2.516072072072071952e-01,4.089999999999999747e-01,0.000000000000000000e+00
2.541135135135135226e-01,4.089999999999999747e-01,0.000000000000000000e+00
2.566198198198197944e-01,4.089999999999999747e-01,0.000000000000000000e+00
2.591261261261261217e-01,4.089999999999999747e-01,0.000000000000000000e+00
2.616324324324324491e-01,4.089999999999999747e-01,0.000000000000000000e+00
2.641387387387387209e-01,4.089999999999999747e-01,0.000000000000000000e+00
2.666450450450450482e-01,4.089999999999999747e-01,0.000000000000000000e+00
2.691513513513513756e-01,4.089999999999999747e-01,0.000000000000000000e+00
2.716576576576576474e-01,4.089999999999999747e-01,0.000000000000000000e+00
2.741639639639639747e-01,4.089999999999999747e-01,0.000000000000000000e+00
2.766702702702702465e-01,4.089999999999999747e-01,0.000000000000000000e+00
2.791765765765765739e-01,4.089999999999999747e-01,0.000000000000000000e+00
2.816828828828829012e-01,4.089999999999999747e-01,0.000000000000000000e+00
2.841891891891891730e-01,4.089999999999999747e-01,0.000000000000000000e+00
2.866954954954955004e-01,4.089999999999999747e-01,0.000000000000000000e+00
2.892018018018017722e-01,4.089999999999999747e-01,0.000000000000000000e+00
2.917081081081080995e-01,4.089999999999999747e-01,0.000000000000000000e+00
2.942144144144144269e-01,4.089999999999999747e-01,0.000000000000000000e+00
2.967207207207207542e-01,4.089999999999999747e-01,0.000000000000000000e+00
2.992270270270270260e-01,4.089999999999999747e-01,0.000000000000000000e+00
3.017333333333332979e-01,4.089999999999999747e-01,0.000000000000000000e+00
3.042396396396396252e-01,4.089999999999999747e-01,0.000000000000000000e+00
3.067459459459459525e-01,4.089999999999999747e-01,0.000000000000000000e+00
3.092522522522522799e-01,4.089999999999999747e-01,0.000000000000000000e+00
3.117585585585585517e-01,4.089999999999999747e-01,0.000000000000000000e+00
3.142648648648648790e-01,4.089999999999999747e-01,0.000000000000000000e+00
3.167711711711711509e-01,4.089999999999999747e-01,0.000000000000000000e+00
3.192774774774774782e-01,4.089999999999999747e-01,0.000000000000000000e+00
3.217837837837838055e-01,4.089999999999999747e-01,0.000000000000000000e+00
3.242900900900900774e-01,4.089999999999999747e-01,0.000000000000000000e+00
3.267963963963964047e-01,4.089999999999999747e-01,0.000000000000000000e+00
3.293027027027026765e-01,4.089999999999999747e-01,0.000000000000000000e+00
3.318090090090090039e-01,4.089999999999999747e-01,0.000000000000000000e+00
3.343153153153153312e-01,4.089999999999999747e-01,0.000000000000000000e+00
3.368216216216216585e-01,4.089999999999999747e-01,0.000000000000000000e+00
3.393279279279279304e-01,4.089999999999999747e-01,0.000000000000000000e+00
3.418342342342342022e-01,4.089999999999999747e-01,0.000000000000000000e+00
3.443405405405405295e-01,4.089999999999999747e-01,0.000000000000000000e+00
3.468468468468468568e-01,4.089999999999999747e-01,0.000000000000000000e+00
3.493531531531531842e-01,4.089999999999999747e-01,0.000000000000000000e+00
3.518594594594594560e-01,4.089999999999999747e-01,0.000000000000000000e+00
3.543657657657657278e-01,4.089999999999999747e-01,0.000000000000000000e+00
3.568720720720720552e-01,4.089999999999999747e-01,0.000000000000000000e+00
3.593783783783783825e-01,4.089999999999999747e-01,0.000000000000000000e+00
3.618846846846847098e-01,4.089999999999999747e-01,0.000000000000000000e+00
3.643909909909910372e-01,4.089999999999999747e-01,0.000000000000000000e+00
3.668972972972973090e-01,4.089999999999999747e-01,0.000000000000000000e+00
3.694036036036035808e-01,4.089999999999999747e-01,0.000000000000000000e+00
3.719099099099099082e-01,4.089999999999999747e-01,0.000000000000000000e+00
3.744162162162162355e-01,4.089999999999999747e-01,0.000000000000000000e+00
3.769225225225225628e-01,4.089999999999999747e-01,0.000000000000000000e+00
3.794288288288288347e-01,4.089999999999999747e-01,0.000000000000000000e+00
3.819351351351351065e-01,4.089999999999999747e-01,0.000000000000000000e+00
3.844414414414414338e-01,4.089999999999999747e-01,0.000000000000000000e+00
3.869477477477477612e-01,4.089999999999999747e-01,0.000000000000000000e+00
3.894540540540540885e-01,4.089999999999999747e-01,0.000000000000000000e+00
3.919603603603603603e-01,4.089999999999999747e-01,0.000000000000000000e+00
3.944666666666666321e-01,4.089999999999999747e-01,0.000000000000000000e+00
3.969729729729729595e-01,4.089999999999999747e-01,0.000000000000000000e+00
3.994792792792792868e-01,4.089999999999999747e-01,0.000000000000000000e+00
4.019855855855856142e-01,4.089999999999999747e-01,0.000000000000000000e+00
4.044918918918919415e-01,4.089999999999999747e-01,0.000000000000000000e+00
4.069981981981982133e-01,4.089999999999999747e-01,0.000000000000000000e+00
4.095045045045044851e-01,4.089999999999999747e-01,0.000000000000000000e+00
4.120108108108108125e-01,4.089999999999999747e-01,0.000000000000000000e+00
4.145171171171171398e-01,4.089999999999999747e-01,0.000000000000000000e+00
4.170234234234234671e-01,4.089999999999999747e-01,0.000000000000000000e+00
4.195297297297297390e-01,4.089999999999999747e-01,0.000000000000000000e+00
4.220360360360360108e-01,4.089999999999999747e-01,0.000000000000000000e+00
4.245423423423423381e-01,4.089999999999999747e-01,0.000000000000000000e+00
4.270486486486486655e-01,4.089999999999999747e-01,0.000000000000000000e+00
4.295549549549549928e-01,4.089999999999999747e-01,0.000000000000000000e+00
4.320612612612612646e-01,4.089999999999999747e-01,0.000000000000000000e+00
4.345675675675675365e-01,4.089999999999999747e-01,0.000000000000000000e+00
4.370738738738738638e-01,4.089999999999999747e-01,0.000000000000000000e+00
4.395801801801801911e-01,4.089999999999999747e-01,0.000000000000000000e+00
4.420864864864865185e-01,4.089999999999999747e-01,0.000000000000000000e+00
4.445927927927928458e-01,4.089999999999999747e-01,0.000000000000000000e+00
4.470990990990991176e-01,4.089999999999999747e-01,0.000000000000000000e+00
4.496054054054053895e-01,4.089999999999999747e-01,0.000000000000000000e+00
4.521117117117117168e-01,4.089999999999999747e-01,0.000000000000000000e+00
4.546180180180180441e-01,4.089999999999999747e-01,0.000000000000000000e+00
4.571243243243243715e-01,4.089999999999999747e-01,0.000000000000000000e+00
4.596306306306305878e-01,4.089999999999999747e-01,0.000000000000000000e+00
4.621369369369369151e-01,4.089999999999999747e-01,0.000000000000000000e+00
4.646432432432432424e-01,4.089999999999999747e-01,0.000000000000000000e+00
4.671495495495495698e-01,4.089999999999999747e-01,0.000000000000000000e+00
4.696558558558558971e-01,4.089999999999999747e-01,0.000000000000000000e+00
4.721621621621622245e-01,4.089999999999999747e-01,0.000000000000000000e+00
4.746684684684684408e-01,4.089999999999999747e-01,0.000000000000000000e+00
4.771747747747747681e-01,4.089999999999999747e-01,0.000000000000000000e+00
4.796810810810810954e-01,4.089999999999999747e-01,0.000000000000000000e+00
4.821873873873874228e-01,4.089999999999999747e-01,0.000000000000000000e+00
4.846936936936937501e-01,4.089999999999999747e-01,0.000000000000000000e+00
4.871999999999999664e-01,4.089999999999999747e-01,0.000000000000000000e+00
4.897063063063062938e-01,4.089999999999999747e-01,0.000000000000000000e+00
4.922126126126126211e-01,4.089999999999999747e-01,0.000000000000000000e+00
4.947189189189189484e-01,4.089999999999999747e-01,0.000000000000000000e+00
4.972252252252252758e-01,4.089999999999999747e-01,0.000000000000000000e+00
4.997315315315314921e-01,4.089999999999999747e-01,0.000000000000000000e+00
5.022378378378378194e-01,4.089999999999999747e-01,0.000000000000000000e+00
5.047441441441441468e-01,4.089999999999999747e-01,0.000000000000000000e+00
5.072504504504504741e-01,4.089999999999999747e-01,0.000000000000000000e+00
5.097567567567568014e-01,4.089999999999999747e-01,0.000000000000000000e+00
5.122630630630631288e-01,4.089999999999999747e-01,0.000000000000000000e+00
5.147693693693693451e-01,4.089999999999999747e-01,0.000000000000000000e+00
5.172756756756756724e-01,4.089999999999999747e-01,0.000000000000000000e+00
5.197819819819819998e-01,4.089999999999999747e-01,0.000000000000000000e+00
5.222882882882883271e-01,4.089999999999999747e-01,0.000000000000000000e+00
5.247945945945946544e-01,4.089999999999999747e-01,0.000000000000000000e+00
5.273009009009008707e-01,4.089999999999999747e-01,0.000000000000000000e+00
5.298072072072071981e-01,4.089999999999999747e-01,0.000000000000000000e+00
5.323135135135135254e-01,4.089999999999999747e-01,0.000000000000000000e+00
5.348198198198198527e-01,4.089999999999999747e-01,0.000000000000000000e+00
5.373261261261261801e-01,4.089999999999999747e-01,0.000000000000000000e+00
5.398324324324323964e-01,4.089999999999999747e-01,0.000000000000000000e+00
5.423387387387387237e-01,4.089999999999999747e-01,0.000000000000000000e+00
5.448450450450450511e-01,4.089999999999999747e-01,0.000000000000000000e+00
5.473513513513513784e-01,4.089999999999999747e-01,0.000000000000000000e+00
5.498576576576577057e-01,4.089999999999999747e-01,0.000000000000000000e+00
5.523639639639640331e-01,4.089999999999999747e-01,0.000000000000000000e+00
5.548702702702702494e-01,4.089999999999999747e-01,0.000000000000000000e+00
5.573765765765765767e-01,4.089999999999999747e-01,0.000000000000000000e+00
5.598828828828829041e-01,4.089999999999999747e-01,0.000000000000000000e+00
5.623891891891892314e-01,4.089999999999999747e-01,0.000000000000000000e+00
5.648954954954955587e-01,4.089999999999999747e-01,0.000000000000000000e+00
5.674018018018017750e-01,4.089999999999999747e-01,0.000000000000000000e+00
5.699081081081081024e-01,4.089999999999999747e-01,0.000000000000000000e+00
5.724144144144144297e-01,4.089999999999999747e-01,0.000000000000000000e+00
5.749207207207207571e-01,4.089999999999999747e-01,0.000000000000000000e+00
5.774270270270270844e-01,4.089999999999999747e-01,0.000000000000000000e+00
5.799333333333333007e-01,4.089999999999999747e-01,0.000000000000000000e+00
5.824396396396396280e-01,4.089999999999999747e-01,0.000000000000000000e+00
5.849459459459459554e-01,4.089999999999999747e-01,0.000000000000000000e+00
5.874522522522522827e-01,4.089999999999999747e-01,0.000000000000000000e+00
5.899585585585586101e-01,4.089999999999999747e-01,0.000000000000000000e+00
5.924648648648649374e-01,4.089999999999999747e-01,0.000000000000000000e+00
5.949711711711711537e-01,4.089999999999999747e-01,0.000000000000000000e+00
5.974774774774774810e-01,4.089999999999999747e-01,0.000000000000000000e+00
5.999837837837838084e-01,4.089999999999999747e-01,0.000000000000000000e+00
6.024900900900901357e-01,4.089999999999999747e-01,0.000000000000000000e+00
6.049963963963964630e-01,4.089999999999999747e-01,0.000000000000000000e+00
6.075027027027026794e-01,4.089999999999999747e-01,0.000000000000000000e+00
6.100090090090090067e-01,4.089999999999999747e-01,0.000000000000000000e+00
6.125153153153153340e-01,4.089999999999999747e-01,0.000000000000000000e+00
6.150216216216216614e-01,4.089999999999999747e-01,0.000000000000000000e+00
6.175279279279279887e-01,4.089999999999999747e-01,0.000000000000000000e+00
6.200342342342342050e-01,4.089999999999999747e-01,0.000000000000000000e+00
6.225405405405405324e-01,4.089999999999999747e-01,0.000000000000000000e+00
6.250468468468468597e-01,4.089999999999999747e-01,0.000000000000000000e+00
6.275531531531531870e-01,4.089999999999999747e-01,0.000000000000000000e+00
6.300594594594595144e-01,4.089999999999999747e-01,0.000000000000000000e+00
6.325657657657658417e-01,4.089999999999999747e-01,0.000000000000000000e+00
6.350720720720720580e-01,4.089999999999999747e-01,0.000000000000000000e+00
6.375783783783783853e-01,4.089999999999999747e-01,0.000000000000000000e+00
6.400846846846847127e-01,4.089999999999999747e-01,0.000000000000000000e+00
6.425909909909910400e-01,4.089999999999999747e-01,0.000000000000000000e+00
6.450972972972973674e-01,4.089999999999999747e-01,0.000000000000000000e+00
6.476036036036035837e-01,4.089999999999999747e-01,0.000000000000000000e+00
6.501099099099099110e-01,4.089999999999999747e-01,0.000000000000000000e+00
6.526162162162162383e-01,4.089999999999999747e-01,0.000000000000000000e+00
6.551225225225225657e-01,4.089999999999999747e-01,0.000000000000000000e+00
6.576288288288288930e-01,4.089999999999999747e-01,0.000000000000000000e+00
6.601351351351351093e-01,4.089999999999999747e-01,0.000000000000000000e+00
6.626414414414414367e-01,4.089999999999999747e-01,0.000000000000000000e+00
6.651477477477477640e-01,4.089999999999999747e-01,0.000000000000000000e+00
6.676540540540540913e-01,4.089999999999999747e-01,0.000000000000000000e+00
6.701603603603604187e-01,4.089999999999999747e-01,0.000000000000000000e+00
6.726666666666667460e-01,4.089999999999999747e-01,0.000000000000000000e+00
6.751729729729729623e-01,4.089999999999999747e-01,0.000000000000000000e+00
6.776792792792792897e-01,4.089999999999999747e-01,0.000000000000000000e+00
6.801855855855856170e-01,4.089999999999999747e-01,0.000000000000000000e+00
6.826918918918919443e-01,4.089999999999999747e-01,0.000000000000000000e+00
6.851981981981982717e-01,4.089999999999999747e-01,0.000000000000000000e+00
6.877045045045044880e-01,4.089999999999999747e-01,0.000000000000000000e+00
6.902108108108108153e-01,4.089999999999999747e-01,0.000000000000000000e+00
6.927171171171171427e-01,4.089999999999999747e-01,0.000000000000000000e+00
6.952234234234234700e-01,4.089999999999999747e-01,0.000000000000000000e+00
6.977297297297297973e-01,4.089999999999999747e-01,0.000000000000000000e+00
7.002360360360360136e-01,4.089999999999999747e-01,0.000000000000000000e+00
7.027423423423423410e-01,4.089999999999999747e-01,0.000000000000000000e+00
7.052486486486486683e-01,4.089999999999999747e-01,0.000000000000000000e+00
7.077549549549549956e-01,4.089999999999999747e-01,0.000000000000000000e+00
7.102612612612612120e-01,4.089999999999999747e-01,0.000000000000000000e+00
7.127675675675675393e-01,4.089999999999999747e-01,0.000000000000000000e+00
7.152738738738738666e-01,4.089999999999999747e-01,0.000000000000000000e+00
7.177801801801801940e-01,4.089999999999999747e-01,0.000000000000000000e+00
7.202864864864865213e-01,4.089999999999999747e-01,0.000000000000000000e+00
7.227927927927928486e-01,4.089999999999999747e-01,0.000000000000000000e+00
7.252990990990990650e-01,4.089999999999999747e-01,0.000000000000000000e+00
7.278054054054053923e-01,4.089999999999999747e-01,0.000000000000000000e+00
7.303117117117117196e-01,4.089999999999999747e-01,0.000000000000000000e+00
7.328180180180180470e-01,4.089999999999999747e-01,0.000000000000000000e+00
7.353243243243243743e-01,4.089999999999999747e-01,0.000000000000000000e+00
7.378306306306305906e-01,4.089999999999999747e-01,0.000000000000000000e+00
7.403369369369369180e-01,4.089999999999999747e-01,0.000000000000000000e+00
7.428432432432432453e-01,4.089999999999999747e-01,0.000000000000000000e+00
7.453495495495495726e-01,4.089999999999999747e-01,0.000000000000000000e+00
7.478558558558559000e-01,4.089999999999999747e-01,0.000000000000000000e+00
7.503621621621622273e-01,4.089999999999999747e-01,0.000000000000000000e+00
7.528684684684684436e-01,4.089999999999999747e-01,0.000000000000000000e+00
7.553747747747747709e-01,4.089999999999999747e-01,0.000000000000000000e+00
7.578810810810810983e-01,4.089999999999999747e-01,0.000000000000000000e+00
7.603873873873874256e-01,4.089999999999999747e-01,0.000000000000000000e+00
7.628936936936937530e-01,4.089999999999999747e-01,0.000000000000000000e+00
7.653999999999999693e-01,4.089999999999999747e-01,0.000000000000000000e+00
7.679063063063062966e-01,4.089999999999999747e-01,0.000000000000000000e+00
7.704126126126126239e-01,4.089999999999999747e-01,0.000000000000000000e+00
7.729189189189189513e-01,4.089999999999999747e-01,0.000000000000000000e+00
7.754252252252252786e-01,4.089999999999999747e-01,0.000000000000000000e+00
7.779315315315314949e-01,4.089999999999999747e-01,0.000000000000000000e+00
7.804378378378378223e-01,4.089999999999999747e-01,0.000000000000000000e+00
7.829441441441441496e-01,4.089999999999999747e-01,0.000000000000000000e+00
7.854504504504504769e-01,4.089999999999999747e-01,0.000000000000000000e+00
7.879567567567568043e-01,4.089999999999999747e-01,0.000000000000000000e+00
7.904630630630630206e-01,4.089999999999999747e-01,0.000000000000000000e+00
7.929693693693693479e-01,4.089999999999999747e-01,0.000000000000000000e+00
7.954756756756756753e-01,4.089999999999999747e-01,0.000000000000000000e+00
7.979819819819820026e-01,4.089999999999999747e-01,0.000000000000000000e+00
8.004882882882883299e-01,4.089999999999999747e-01,0.000000000000000000e+00
8.029945945945946573e-01,4.089999999999999747e-01,0.000000000000000000e+00
8.055009009009008736e-01,4.089999999999999747e-01,0.000000000000000000e+00
8.080072072072072009e-01,4.089999999999999747e-01,0.000000000000000000e+00
8.105135135135135283e-01,4.089999999999999747e-01,0.000000000000000000e+00
8.130198198198198556e-01,4.089999999999999747e-01,0.000000000000000000e+00
8.155261261261261829e-01,4.089999999999999747e-01,0.000000000000000000e+00
8.180324324324323992e-01,4.089999999999999747e-01,0.000000000000000000e+00
8.205387387387387266e-01,4.089999999999999747e-01,0.000000000000000000e+00
8.230450450450450539e-01,4.089999999999999747e-01,0.000000000000000000e+00
8.255513513513513812e-01,4.089999999999999747e-01,0.000000000000000000e+00
8.280576576576577086e-01,4.089999999999999747e-01,0.000000000000000000e+00
8.305639639639640359e-01,4.089999999999999747e-01,0.000000000000000000e+00
8.330702702702702522e-01,4.089999999999999747e-01,0.000000000000000000e+00
8.355765765765765796e-01,4.089999999999999747e-01,0.000000000000000000e+00
8.380828828828829069e-01,4.089999999999999747e-01,0.000000000000000000e+00
8.405891891891892342e-01,4.089999999999999747e-01,0.000000000000000000e+00
8.430954954954955616e-01,4.089999999999999747e-01,0.000000000000000000e+00
8.456018018018017779e-01,4.089999999999999747e-01,0.000000000000000000e+00
8.481081081081081052e-01,4.089999999999999747e-01,0.000000000000000000e+00
8.506144144144144326e-01,4.089999999999999747e-01,0.000000000000000000e+00
8.531207207207207599e-01,4.089999999999999747e-01,0.000000000000000000e+00
8.556270270270270872e-01,4.089999999999999747e-01,0.000000000000000000e+00
8.581333333333333035e-01,4.089999999999999747e-01,0.000000000000000000e+00
8.606396396396396309e-01,4.089999999999999747e-01,0.000000000000000000e+00
8.631459459459459582e-01,4.089999999999999747e-01,0.000000000000000000e+00
8.656522522522522856e-01,4.089999999999999747e-01,0.000000000000000000e+00
8.681585585585586129e-01,4.089999999999999747e-01,0.000000000000000000e+00
8.706648648648648292e-01,4.089999999999999747e-01,0.000000000000000000e+00
8.731711711711711565e-01,4.089999999999999747e-01,0.000000000000000000e+00
8.756774774774774839e-01,4.089999999999999747e-01,0.000000000000000000e+00
8.781837837837838112e-01,4.089999999999999747e-01,0.000000000000000000e+00
8.806900900900901386e-01,4.089999999999999747e-01,0.000000000000000000e+00
8.831963963963964659e-01,4.089999999999999747e-01,0.000000000000000000e+00
8.857027027027026822e-01,4.089999999999999747e-01,0.000000000000000000e+00
8.882090090090090095e-01,4.089999999999999747e-01,0.000000000000000000e+00
8.907153153153153369e-01,4.089999999999999747e-01,0.000000000000000000e+00
8.932216216216216642e-01,4.089999999999999747e-01,0.000000000000000000e+00
8.957279279279279915e-01,4.089999999999999747e-01,0.000000000000000000e+00
8.982342342342342079e-01,4.089999999999999747e-01,0.000000000000000000e+00
9.007405405405405352e-01,4.089999999999999747e-01,0.000000000000000000e+00
9.032468468468468625e-01,4.089999999999999747e-01,0.000000000000000000e+00
9.057531531531531899e-01,4.089999999999999747e-01,0.000000000000000000e+00
9.082594594594595172e-01,4.089999999999999747e-01,0.000000000000000000e+00
9.107657657657658445e-01,4.089999999999999747e-01,0.000000000000000000e+00
9.132720720720720609e-01,4.089999999999999747e-01,0.000000000000000000e+00
9.157783783783783882e-01,4.089999999999999747e-01,0.000000000000000000e+00
9.182846846846847155e-01,4.089999999999999747e-01,0.000000000000000000e+00
9.207909909909910429e-01,4.089999999999999747e-01,0.000000000000000000e+00
9.232972972972973702e-01,4.089999999999999747e-01,0.000000000000000000e+00
9.258036036036035865e-01,4.089999999999999747e-01,0.000000000000000000e+00
9.283099099099099138e-01,4.089999999999999747e-01,0.000000000000000000e+00
9.308162162162162412e-01,4.089999999999999747e-01,0.000000000000000000e+00
9.333225225225225685e-01,4.089999999999999747e-01,0.000000000000000000e+00
9.358288288288288959e-01,4.089999999999999747e-01,0.000000000000000000e+00
9.383351351351351122e-01,4.089999999999999747e-01,0.000000000000000000e+00
9.408414414414414395e-01,4.089999999999999747e-01,0.000000000000000000e+00
9.433477477477477668e-01,4.089999999999999747e-01,0.000000000000000000e+00
9.458540540540540942e-01,4.089999999999999747e-01,0.000000000000000000e+00
9.483603603603604215e-01,4.089999999999999747e-01,0.000000000000000000e+00
9.508666666666666378e-01,4.089999999999999747e-01,0.000000000000000000e+00
9.533729729729729652e-01,4.089999999999999747e-01,0.000000000000000000e+00
9.558792792792792925e-01,4.089999999999999747e-01,0.000000000000000000e+00
9.583855855855856198e-01,4.089999999999999747e-01,0.000000000000000000e+00
9.608918918918919472e-01,4.089999999999999747e-01,0.000000000000000000e+00
9.633981981981982745e-01,4.089999999999999747e-01,0.000000000000000000e+00
9.659045045045044908e-01,4.089999999999999747e-01,0.000000000000000000e+00
9.684108108108108182e-01,4.089999999999999747e-01,0.000000000000000000e+00
9.709171171171171455e-01,4.089999999999999747e-01,0.000000000000000000e+00
9.734234234234234728e-01,4.089999999999999747e-01,0.000000000000000000e+00
9.759297297297298002e-01,4.089999999999999747e-01,0.000000000000000000e+00
9.784360360360360165e-01,4.089999999999999747e-01,0.000000000000000000e+00
9.809423423423423438e-01,4.089999999999999747e-01,0.000000000000000000e+00
9.834486486486486712e-01,4.089999999999999747e-01,0.000000000000000000e+00
9.859549549549549985e-01,4.089999999999999747e-01,0.000000000000000000e+00
9.884612612612613258e-01,4.089999999999999747e-01,0.000000000000000000e+00
9.909675675675676532e-01,4.089999999999999747e-01,0.000000000000000000e+00
9.934738738738738695e-01,4.089999999999999747e-01,0.000000000000000000e+00
9.959801801801801968e-01,4.089999999999999747e-01,0.000000000000000000e+00
9.984864864864865242e-01,4.089999999999999747e-01,0.000000000000000000e+00
1.000992792792792851e+00,4.089999999999999747e-01,0.000000000000000000e+00
1.003499099099099290e+00,4.089999999999999747e-01,0.000000000000000000e+00
1.006005405405405506e+00,4.089999999999999747e-01,0.000000000000000000e+00
1.008511711711711722e+00,4.089999999999999747e-01,0.000000000000000000e+00
1.011018018018018161e+00,4.089999999999999747e-01,0.000000000000000000e+00
1.013524324324324377e+00,4.089999999999999747e-01,0.000000000000000000e+00
1.016030630630630816e+00,4.089999999999999747e-01,0.000000000000000000e+00
1.018536936936937032e+00,4.089999999999999747e-01,0.000000000000000000e+00
1.021043243243243248e+00,4.089999999999999747e-01,0.000000000000000000e+00
1.023549549549549686e+00,4.089999999999999747e-01,0.000000000000000000e+00
1.026055855855855903e+00,4.089999999999999747e-01,0.000000000000000000e+00
1.028562162162162341e+00,4.089999999999999747e-01,0.000000000000000000e+00
1.031068468468468557e+00,4.089999999999999747e-01,0.000000000000000000e+00
1.033574774774774774e+00,4.089999999999999747e-01,0.000000000000000000e+00
1.036081081081081212e+00,4.089999999999999747e-01,0.000000000000000000e+00
1.038587387387387428e+00,4.089999999999999747e-01,0.000000000000000000e+00
1.041093693693693867e+00,4.089999999999999747e-01,0.000000000000000000e+00
1.043600000000000083e+00,4.089999999999999747e-01,0.000000000000000000e+00
1.046106306306306299e+00,4.089999999999999747e-01,0.000000000000000000e+00
1.048612612612612738e+00,4.089999999999999747e-01,0.000000000000000000e+00
1.051118918918918954e+00,4.089999999999999747e-01,0.000000000000000000e+00
1.053625225225225392e+00,4.089999999999999747e-01,0.000000000000000000e+00
1.056131531531531609e+00,4.089999999999999747e-01,0.000000000000000000e+00
1.058637837837837825e+00,4.089999999999999747e-01,0.000000000000000000e+00
1.061144144144144263e+00,4.089999999999999747e-01,0.000000000000000000e+00
1.063650450450450480e+00,4.089999999999999747e-01,0.000000000000000000e+00
1.066156756756756918e+00,4.089999999999999747e-01,0.000000000000000000e+00
1.068663063063063134e+00,4.089999999999999747e-01,0.000000000000000000e+00
1.071169369369369573e+00,4.089999999999999747e-01,0.000000000000000000e+00
1.073675675675675789e+00,4.089999999999999747e-01,0.000000000000000000e+00
1.076181981981982005e+00,4.089999999999999747e-01,0.000000000000000000e+00
1.078688288288288444e+00,4.089999999999999747e-01,0.000000000000000000e+00
1.081194594594594660e+00,4.089999999999999747e-01,0.000000000000000000e+00
1.083700900900901098e+00,4.089999999999999747e-01,0.000000000000000000e+00
1.086207207207207315e+00,4.089999999999999747e-01,0.000000000000000000e+00
1.088713513513513531e+00,4.089999999999999747e-01,0.000000000000000000e+00
1.091219819819819969e+00,4.089999999999999747e-01,0.000000000000000000e+00
1.093726126126126186e+00,4.089999999999999747e-01,0.000000000000000000e+00
1.096232432432432624e+00,4.089999999999999747e-01,0.000000000000000000e+00
1.098738738738738840e+00,4.089999999999999747e-01,0.000000000000000000e+00
1.101245045045045057e+00,4.089999999999999747e-01,0.000000000000000000e+00
1.103751351351351495e+00,4.089999999999999747e-01,0.000000000000000000e+00
1.106257657657657711e+00,4.089999999999999747e-01,0.000000000000000000e+00
1.108763963963964150e+00,4.089999999999999747e-01,0.000000000000000000e+00
1.111270270270270366e+00,4.089999999999999747e-01,0.000000000000000000e+00
1.113776576576576582e+00,4.089999999999999747e-01,0.000000000000000000e+00
1.116282882882883021e+00,4.089999999999999747e-01,0.000000000000000000e+00
1.118789189189189237e+00,4.089999999999999747e-01,0.000000000000000000e+00
1.121295495495495675e+00,4.089999999999999747e-01,0.000000000000000000e+00
1.123801801801801892e+00,4.089999999999999747e-01,0.000000000000000000e+00
1.126308108108108108e+00,4.089999999999999747e-01,0.000000000000000000e+00
1.128814414414414546e+00,4.089999999999999747e-01,0.000000000000000000e+00
1.131320720720720763e+00,4.089999999999999747e-01,0.000000000000000000e+00
1.133827027027027201e+00,4.089999999999999747e-01,0.000000000000000000e+00
1.136333333333333417e+00,4.089999999999999747e-01,0.000000000000000000e+00
1.138839639639639634e+00,4.089999999999999747e-01,0.000000000000000000e+00
1.141345945945946072e+00,4.089999999999999747e-01,0.000000000000000000e+00
1.143852252252252288e+00,4.089999999999999747e-01,0.000000000000000000e+00
1.146358558558558727e+00,4.089999999999999747e-01,0.000000000000000000e+00
1.148864864864864943e+00,4.089999999999999747e-01,0.000000000000000000e+00
1.151371171171171381e+00,4.089999999999999747e-01,0.000000000000000000e+00
1.153877477477477598e+00,4.089999999999999747e-01,0.000000000000000000e+00
1.156383783783783814e+00,4.089999999999999747e-01,0.000000000000000000e+00
1.158890090090090252e+00,4.089999999999999747e-01,0.000000000000000000e+00
1.161396396396396469e+00,4.089999999999999747e-01,0.000000000000000000e+00
1.163902702702702907e+00,4.089999999999999747e-01,0.000000000000000000e+00
1.166409009009009123e+00,4.089999999999999747e-01,0.000000000000000000e+00
1.168915315315315340e+00,4.089999999999999747e-01,0.000000000000000000e+00
1.171421621621621778e+00,4.089999999999999747e-01,0.000000000000000000e+00
1.173927927927927994e+00,4.089999999999999747e-01,0.000000000000000000e+00
1.176434234234234433e+00,4.089999999999999747e-01,0.000000000000000000e+00
1.178940540540540649e+00,4.089999999999999747e-01,0.000000000000000000e+00
1.181446846846846865e+00,4.089999999999999747e-01,0.000000000000000000e+00
1.183953153153153304e+00,4.089999999999999747e-01,0.000000000000000000e+00
1.186459459459459520e+00,4.089999999999999747e-01,0.000000000000000000e+00
1.188965765765765958e+00,4.089999999999999747e-01,0.000000000000000000e+00
1.191472072072072175e+00,4.089999999999999747e-01,0.000000000000000000e+00
1.193978378378378391e+00,4.089999999999999747e-01,0.000000000000000000e+00
1.196484684684684829e+00,4.089999999999999747e-01,0.000000000000000000e+00
1.198990990990991046e+00,4.089999999999999747e-01,0.000000000000000000e+00
1.201497297297297484e+00,4.089999999999999747e-01,0.000000000000000000e+00
1.204003603603603700e+00,4.089999999999999747e-01,0.000000000000000000e+00
1.206509909909909917e+00,4.089999999999999747e-01,0.000000000000000000e+00
1.209016216216216355e+00,4.089999999999999747e-01,0.000000000000000000e+00
1.211522522522522571e+00,4.089999999999999747e-01,0.000000000000000000e+00
1.214028828828829010e+00,4.089999999999999747e-01,0.000000000000000000e+00
1.216535135135135226e+00,4.089999999999999747e-01,0.000000000000000000e+00
1.219041441441441664e+00,4.089999999999999747e-01,0.000000000000000000e+00
1.221547747747747881e+00,4.089999999999999747e-01,0.000000000000000000e+00
1.224054054054054319e+00,4.089999999999999747e-01,0.000000000000000000e+00
1.226560360360360535e+00,4.089999999999999747e-01,0.000000000000000000e+00
1.229066666666666752e+00,4.089999999999999747e-01,0.000000000000000000e+00
1.231572972972973190e+00,4.089999999999999747e-01,0.000000000000000000e+00
1.234079279279279406e+00,4.089999999999999747e-01,0.000000000000000000e+00
1.236585585585585845e+00,4.089999999999999747e-01,0.000000000000000000e+00
1.239091891891892061e+00,4.089999999999999747e-01,0.000000000000000000e+00
1.241598198198198277e+00,4.089999999999999747e-01,0.000000000000000000e+00
1.244104504504504716e+00,4.089999999999999747e-01,0.000000000000000000e+00
1.246610810810810932e+00,4.089999999999999747e-01,0.000000000000000000e+00
1.249117117117117370e+00,4.089999999999999747e-01,0.000000000000000000e+00
1.251623423423423587e+00,4.089999999999999747e-01,0.000000000000000000e+00
1.254129729729729803e+00,4.089999999999999747e-01,0.000000000000000000e+00
1.256636036036036241e+00,4.089999999999999747e-01,0.000000000000000000e+00
1.259142342342342458e+00,4.089999999999999747e-01,0.000000000000000000e+00
1.261648648648648896e+00,4.089999999999999747e-01,0.000000000000000000e+00
1.264154954954955112e+00,4.089999999999999747e-01,0.000000000000000000e+00
1.266661261261261329e+00,4.089999999999999747e-01,0.000000000000000000e+00
1.269167567567567767e+00,4.089999999999999747e-01,0.000000000000000000e+00
1.271673873873873983e+00,4.089999999999999747e-01,0.000000000000000000e+00
1.274180180180180422e+00,4.089999999999999747e-01,0.000000000000000000e+00
1.276686486486486638e+00,4.089999999999999747e-01,0.000000000000000000e+00
1.279192792792792854e+00,4.089999999999999747e-01,0.000000000000000000e+00
1.281699099099099293e+00,4.089999999999999747e-01,0.000000000000000000e+00
1.284205405405405509e+00,4.089999999999999747e-01,0.000000000000000000e+00
1.286711711711711947e+00,4.089999999999999747e-01,0.000000000000000000e+00
1.289218018018018164e+00,4.089999999999999747e-01,0.000000000000000000e+00
1.291724324324324602e+00,4.089999999999999747e-01,0.000000000000000000e+00
1.294230630630630818e+00,4.089999999999999747e-01,0.000000000000000000e+00
1.296736936936937035e+00,4.089999999999999747e-01,0.000000000000000000e+00
1.299243243243243473e+00,4.089999999999999747e-01,0.000000000000000000e+00
1.301749549549549689e+00,4.089999999999999747e-01,0.000000000000000000e+00
1.304255855855856128e+00,4.089999999999999747e-01,0.000000000000000000e+00
1.306762162162162344e+00,4.089999999999999747e-01,0.000000000000000000e+00
1.309268468468468560e+00,4.089999999999999747e-01,0.000000000000000000e+00
1.311774774774774999e+00,4.089999999999999747e-01,0.000000000000000000e+00
1.314281081081081215e+00,4.089999999999999747e-01,0.000000000000000000e+00
1.316787387387387653e+00,4.089999999999999747e-01,0.000000000000000000e+00
1.319293693693693870e+00,4.089999999999999747e-01,0.000000000000000000e+00
1.321800000000000086e+00,4.089999999999999747e-01,0.000000000000000000e+00
1.324306306306306524e+00,4.089999999999999747e-01,0.000000000000000000e+00
1.326812612612612741e+00,4.089999999999999747e-01,0.000000000000000000e+00
1.329318918918919179e+00,4.089999999999999747e-01,0.000000000000000000e+00
1.331825225225225395e+00,4.089999999999999747e-01,0.000000000000000000e+00
1.334331531531531612e+00,4.089999999999999747e-01,0.000000000000000000e+00
1.336837837837838050e+00,4.089999999999999747e-01,0.000000000000000000e+00
1.339344144144144266e+00,4.089999999999999747e-01,0.000000000000000000e+00
1.341850450450450705e+00,4.089999999999999747e-01,0.000000000000000000e+00
1.344356756756756921e+00,4.089999999999999747e-01,0.000000000000000000e+00
1.346863063063063137e+00,4.089999999999999747e-01,0.000000000000000000e+00
1.349369369369369576e+00,4.089999999999999747e-01,0.000000000000000000e+00
1.351875675675675792e+00,4.089999999999999747e-01,0.000000000000000000e+00
1.354381981981982230e+00,4.089999999999999747e-01,0.000000000000000000e+00
1.356888288288288447e+00,4.089999999999999747e-01,0.000000000000000000e+00
1.359394594594594663e+00,4.089999999999999747e-01,0.000000000000000000e+00
1.361900900900901101e+00,4.089999999999999747e-01,0.000000000000000000e+00
1.364407207207207318e+00,4.089999999999999747e-01,0.000000000000000000e+00
1.366913513513513756e+00,4.089999999999999747e-01,0.000000000000000000e+00
1.369419819819819972e+00,4.089999999999999747e-01,0.000000000000000000e+00
1.371926126126126189e+00,4.089999999999999747e-01,0.000000000000000000e+00
1.374432432432432627e+00,4.089999999999999747e-01,0.000000000000000000e+00
1.376938738738738843e+00,4.089999999999999747e-01,0.000000000000000000e+00
1.379445045045045282e+00,4.089999999999999747e-01,0.000000000000000000e+00
1.381951351351351498e+00,4.089999999999999747e-01,0.000000000000000000e+00
1.384457657657657936e+00,4.089999999999999747e-01,0.000000000000000000e+00
1.386963963963964153e+00,4.089999999999999747e-01,0.000000000000000000e+00
1.389470270270270369e+00,4.089999999999999747e-01,0.000000000000000000e+00
1.391976576576576807e+00,4.089999999999999747e-01,0.000000000000000000e+00
1.394482882882883024e+00,4.089999999999999747e-01,0.000000000000000000e+00
1.396989189189189462e+00,4.089999999999999747e-01,0.000000000000000000e+00
1.399495495495495678e+00,4.089999999999999747e-01,0.000000000000000000e+00
1.402001801801801895e+00,4.089999999999999747e-01,0.000000000000000000e+00
1.404508108108108333e+00,4.089999999999999747e-01,0.000000000000000000e+00
1.407014414414414549e+00,4.089999999999999747e-01,0.000000000000000000e+00
1.409520720720720988e+00,4.089999999999999747e-01,0.000000000000000000e+00
1.412027027027027204e+00,4.089999999999999747e-01,0.000000000000000000e+00
1.414533333333333420e+00,4.089999999999999747e-01,0.000000000000000000e+00
1.417039639639639859e+00,4.089999999999999747e-01,0.000000000000000000e+00
1.419545945945946075e+00,4.089999999999999747e-01,0.000000000000000000e+00
1.422052252252252513e+00,4.089999999999999747e-01,0.000000000000000000e+00
1.424558558558558730e+00,4.089999999999999747e-01,0.000000000000000000e+00
1.427064864864864946e+00,4.089999999999999747e-01,0.000000000000000000e+00
1.429571171171171384e+00,4.089999999999999747e-01,0.000000000000000000e+00
1.432077477477477601e+00,4.089999999999999747e-01,0.000000000000000000e+00
1.434583783783784039e+00,4.089999999999999747e-01,0.000000000000000000e+00
1.437090090090090255e+00,4.089999999999999747e-01,0.000000000000000000e+00
1.439596396396396472e+00,4.089999999999999747e-01,0.000000000000000000e+00
1.442102702702702910e+00,4.089999999999999747e-01,0.000000000000000000e+00
1.444609009009009126e+00,4.089999999999999747e-01,0.000000000000000000e+00
1.447115315315315565e+00,4.089999999999999747e-01,0.000000000000000000e+00
1.449621621621621781e+00,4.089999999999999747e-01,0.000000000000000000e+00
1.452127927927928219e+00,4.089999999999999747e-01,0.000000000000000000e+00
1.454634234234234436e+00,4.089999999999999747e-01,0.000000000000000000e+00
1.457140540540540652e+00,4.089999999999999747e-01,0.000000000000000000e+00
1.459646846846847090e+00,4.089999999999999747e-01,0.000000000000000000e+00
1.462153153153153307e+00,4.089999999999999747e-01,0.000000000000000000e+00
1.464659459459459745e+00,4.089999999999999747e-01,0.000000000000000000e+00
1.467165765765765961e+00,4.089999999999999747e-01,0.000000000000000000e+00
1.469672072072072178e+00,4.089999999999999747e-01,0.000000000000000000e+00
1.472178378378378616e+00,4.089999999999999747e-01,0.000000000000000000e+00
1.474684684684684832e+00,4.089999999999999747e-01,0.000000000000000000e+00
1.477190990990991271e+00,4.089999999999999747e-01,0.000000000000000000e+00
1.479697297297297487e+00,4.089999999999999747e-01,0.000000000000000000e+00
1.482203603603603703e+00,4.089999999999999747e-01,0.000000000000000000e+00
1.484709909909910142e+00,4.089999999999999747e-01,0.000000000000000000e+00
1.487216216216216358e+00,4.089999999999999747e-01,0.000000000000000000e+00
1.489722522522522796e+00,4.089999999999999747e-01,0.000000000000000000e+00
1.492228828828829013e+00,4.089999999999999747e-01,0.000000000000000000e+00
1.494735135135135229e+00,4.089999999999999747e-01,0.000000000000000000e+00
1.497241441441441667e+00,4.089999999999999747e-01,0.000000000000000000e+00
1.499747747747747884e+00,4.089999999999999747e-01,0.000000000000000000e+00
1.502254054054054322e+00,4.089999999999999747e-01,0.000000000000000000e+00
1.504760360360360538e+00,4.089999999999999747e-01,0.000000000000000000e+00
1.507266666666666755e+00,4.089999999999999747e-01,0.000000000000000000e+00
1.509772972972973193e+00,4.089999999999999747e-01,0.000000000000000000e+00
1.512279279279279409e+00,4.089999999999999747e-01,0.000000000000000000e+00
1.514785585585585848e+00,4.089999999999999747e-01,0.000000000000000000e+00
1.517291891891892064e+00,4.089999999999999747e-01,0.000000000000000000e+00
1.519798198198198280e+00,4.089999999999999747e-01,0.000000000000000000e+00
1.522304504504504719e+00,4.089999999999999747e-01,0.000000000000000000e+00
1.524810810810810935e+00,4.089999999999999747e-01,0.000000000000000000e+00
1.527317117117117373e+00,4.089999999999999747e-01,0.000000000000000000e+00
1.529823423423423590e+00,4.089999999999999747e-01,0.000000000000000000e+00
1.532329729729729806e+00,4.089999999999999747e-01,0.000000000000000000e+00
1.534836036036036244e+00,4.089999999999999747e-01,0.000000000000000000e+00
1.537342342342342461e+00,4.089999999999999747e-01,0.000000000000000000e+00
1.539848648648648899e+00,4.089999999999999747e-01,0.000000000000000000e+00
1.542354954954955115e+00,4.089999999999999747e-01,0.000000000000000000e+00
1.544861261261261554e+00,4.089999999999999747e-01,0.000000000000000000e+00
1.547367567567567770e+00,4.089999999999999747e-01,0.000000000000000000e+00
1.549873873873873986e+00,4.089999999999999747e-01,0.000000000000000000e+00
1.552380180180180425e+00,4.089999999999999747e-01,0.000000000000000000e+00
1.554886486486486641e+00,4.089999999999999747e-01,0.000000000000000000e+00
1.557392792792793079e+00,4.089999999999999747e-01,0.000000000000000000e+00
1.559899099099099296e+00,4.089999999999999747e-01,0.000000000000000000e+00
1.562405405405405512e+00,4.089999999999999747e-01,0.000000000000000000e+00
1.564911711711711950e+00,4.089999999999999747e-01,0.000000000000000000e+00
1.567418018018018167e+00,4.089999999999999747e-01,0.000000000000000000e+00
1.569924324324324605e+00,4.089999999999999747e-01,0.000000000000000000e+00
1.572430630630630821e+00,4.089999999999999747e-01,0.000000000000000000e+00
1.574936936936937038e+00,4.089999999999999747e-01,0.000000000000000000e+00
1.577443243243243476e+00,4.089999999999999747e-01,0.000000000000000000e+00
1.579949549549549692e+00,4.089999999999999747e-01,0.000000000000000000e+00
1.582455855855856131e+00,4.089999999999999747e-01,0.000000000000000000e+00
1.584962162162162347e+00,4.089999999999999747e-01,0.000000000000000000e+00
1.587468468468468563e+00,4.089999999999999747e-01,0.000000000000000000e+00
1.589974774774775002e+00,4.089999999999999747e-01,0.000000000000000000e+00
1.592481081081081218e+00,4.089999999999999747e-01,0.000000000000000000e+00
1.594987387387387656e+00,4.089999999999999747e-01,0.000000000000000000e+00
1.597493693693693873e+00,4.089999999999999747e-01,0.000000000000000000e+00
