-1.600000000000000089e+00,-3.270000000000000129e-01,0.000000000000000000e+00
-1.597494880546075136e+00,-3.270000000000000129e-01,0.000000000000000000e+00
-1.594989761092150182e+00,-3.270000000000000129e-01,0.000000000000000000e+00
-1.592484641638225451e+00,-3.270000000000000129e-01,0.000000000000000000e+00
-1.589979522184300498e+00,-3.270000000000000129e-01,0.000000000000000000e+00
-1.587474402730375544e+00,-3.270000000000000129e-01,0.000000000000000000e+00
-1.584969283276450591e+00,-3.270000000000000129e-01,0.000000000000000000e+00
-1.582464163822525638e+00,-3.270000000000000129e-01,0.000000000000000000e+00
-1.579959044368600685e+00,-3.270000000000000129e-01,0.000000000000000000e+00
-1.577453924914675953e+00,-3.270000000000000129e-01,0.000000000000000000e+00
-1.574948805460751000e+00,-3.270000000000000129e-01,0.000000000000000000e+00
-1.572443686006826047e+00,-3.270000000000000129e-01,0.000000000000000000e+00
-1.569938566552901094e+00,-3.270000000000000129e-01,0.000000000000000000e+00
-1.567433447098976140e+00,-3.270000000000000129e-01,0.000000000000000000e+00
-1.564928327645051187e+00,-3.270000000000000129e-01,0.000000000000000000e+00
-1.562423208191126456e+00,-3.270000000000000129e-01,0.000000000000000000e+00
-1.559918088737201503e+00,-3.270000000000000129e-01,0.000000000000000000e+00
-1.557412969283276549e+00,-3.270000000000000129e-01,0.000000000000000000e+00
-1.554907849829351596e+00,-3.270000000000000129e-01,0.000000000000000000e+00
-1.552402730375426643e+00,-3.270000000000000129e-01,0.000000000000000000e+00
-1.549897610921501689e+00,-3.270000000000000129e-01,0.000000000000000000e+00
-1.547392491467576958e+00,-3.270000000000000129e-01,0.000000000000000000e+00
-1.544887372013652005e+00,-3.270000000000000129e-01,0.000000000000000000e+00
-1.542382252559727052e+00,-3.270000000000000129e-01,0.000000000000000000e+00
-1.539877133105802098e+00,-3.270000000000000129e-01,0.000000000000000000e+00
-1.537372013651877145e+00,-3.270000000000000129e-01,0.000000000000000000e+00
-1.534866894197952192e+00,-3.270000000000000129e-01,0.000000000000000000e+00
-1.532361774744027461e+00,-3.270000000000000129e-01,0.000000000000000000e+00
-1.529856655290102507e+00,-3.270000000000000129e-01,0.000000000000000000e+00
-1.527351535836177554e+00,-3.270000000000000129e-01,0.000000000000000000e+00
-1.524846416382252601e+00,-3.270000000000000129e-01,0.000000000000000000e+00
-1.522341296928327647e+00,-3.270000000000000129e-01,0.000000000000000000e+00
-1.519836177474402916e+00,-3.270000000000000129e-01,0.000000000000000000e+00
-1.517331058020477963e+00,-3.270000000000000129e-01,0.000000000000000000e+00
-1.514825938566553010e+00,-3.270000000000000129e-01,0.000000000000000000e+00
-1.512320819112628056e+00,-3.270000000000000129e-01,0.000000000000000000e+00
-1.509815699658703103e+00,-3.270000000000000129e-01,0.000000000000000000e+00
-1.507310580204778150e+00,-3.270000000000000129e-01,0.000000000000000000e+00
-1.504805460750853419e+00,-3.270000000000000129e-01,0.000000000000000000e+00
-1.502300341296928465e+00,-3.270000000000000129e-01,0.000000000000000000e+00
-1.499795221843003512e+00,-3.270000000000000129e-01,0.000000000000000000e+00
-1.497290102389078559e+00,-3.270000000000000129e-01,0.000000000000000000e+00
-1.494784982935153606e+00,-3.270000000000000129e-01,0.000000000000000000e+00
-1.492279863481228652e+00,-3.270000000000000129e-01,0.000000000000000000e+00
-1.489774744027303921e+00,-3.270000000000000129e-01,0.000000000000000000e+00
-1.487269624573378968e+00,-3.270000000000000129e-01,0.000000000000000000e+00
-1.484764505119454014e+00,-3.270000000000000129e-01,0.000000000000000000e+00
-1.482259385665529061e+00,-3.270000000000000129e-01,0.000000000000000000e+00
-1.479754266211604108e+00,-3.270000000000000129e-01,0.000000000000000000e+00
-1.477249146757679377e+00,-3.270000000000000129e-01,0.000000000000000000e+00
-1.474744027303754423e+00,-3.270000000000000129e-01,0.000000000000000000e+00
-1.472238907849829470e+00,-3.270000000000000129e-01,0.000000000000000000e+00
-1.469733788395904517e+00,-3.270000000000000129e-01,0.000000000000000000e+00
-1.467228668941979564e+00,-3.270000000000000129e-01,0.000000000000000000e+00
-1.464723549488054610e+00,-3.270000000000000129e-01,0.000000000000000000e+00
-1.462218430034129657e+00,-3.270000000000000129e-01,0.000000000000000000e+00
-1.459713310580204926e+00,-3.270000000000000129e-01,0.000000000000000000e+00
-1.457208191126279972e+00,-3.270000000000000129e-01,0.000000000000000000e+00
-1.454703071672355019e+00,-3.270000000000000129e-01,0.000000000000000000e+00
-1.452197952218430066e+00,-3.270000000000000129e-01,0.000000000000000000e+00
-1.449692832764505113e+00,-3.270000000000000129e-01,0.000000000000000000e+00
-1.447187713310580381e+00,-3.270000000000000129e-01,0.000000000000000000e+00
-1.444682593856655428e+00,-3.270000000000000129e-01,0.000000000000000000e+00
-1.442177474402730475e+00,-3.270000000000000129e-01,0.000000000000000000e+00
-1.439672354948805522e+00,-3.270000000000000129e-01,0.000000000000000000e+00
-1.437167235494880568e+00,-3.270000000000000129e-01,0.000000000000000000e+00
-1.434662116040955837e+00,-3.270000000000000129e-01,0.000000000000000000e+00
-1.432156996587030884e+00,-3.270000000000000129e-01,0.000000000000000000e+00
-1.429651877133105931e+00,-3.270000000000000129e-01,0.000000000000000000e+00
-1.427146757679180977e+00,-3.270000000000000129e-01,0.000000000000000000e+00
-1.424641638225256024e+00,-3.270000000000000129e-01,0.000000000000000000e+00
-1.422136518771331071e+00,-3.270000000000000129e-01,0.000000000000000000e+00
-1.419631399317406117e+00,-3.270000000000000129e-01,0.000000000000000000e+00
-1.417126279863481386e+00,-3.270000000000000129e-01,0.000000000000000000e+00
-1.414621160409556433e+00,-3.270000000000000129e-01,0.000000000000000000e+00
-1.412116040955631480e+00,-3.270000000000000129e-01,0.000000000000000000e+00
-1.409610921501706526e+00,-3.270000000000000129e-01,0.000000000000000000e+00
-1.407105802047781573e+00,-3.270000000000000129e-01,0.000000000000000000e+00
-1.404600682593856842e+00,-3.270000000000000129e-01,0.000000000000000000e+00
-1.402095563139931889e+00,-3.270000000000000129e-01,0.000000000000000000e+00
-1.399590443686006935e+00,-3.270000000000000129e-01,0.000000000000000000e+00
-1.397085324232081982e+00,-3.270000000000000129e-01,0.000000000000000000e+00
-1.394580204778157029e+00,-3.270000000000000129e-01,0.000000000000000000e+00
-1.392075085324232075e+00,-3.270000000000000129e-01,0.000000000000000000e+00
-1.389569965870307344e+00,-3.270000000000000129e-01,0.000000000000000000e+00
-1.387064846416382391e+00,-3.270000000000000129e-01,0.000000000000000000e+00
-1.384559726962457438e+00,-3.270000000000000129e-01,0.000000000000000000e+00
-1.382054607508532484e+00,-3.270000000000000129e-01,0.000000000000000000e+00
-1.379549488054607531e+00,-3.270000000000000129e-01,0.000000000000000000e+00
-1.377044368600682578e+00,-3.270000000000000129e-01,0.000000000000000000e+00
-1.374539249146757847e+00,-3.270000000000000129e-01,0.000000000000000000e+00
-1.372034129692832893e+00,-3.270000000000000129e-01,0.000000000000000000e+00
-1.369529010238907940e+00,-3.270000000000000129e-01,0.000000000000000000e+00
-1.367023890784982987e+00,-3.270000000000000129e-01,0.000000000000000000e+00
-1.364518771331058034e+00,-3.270000000000000129e-01,0.000000000000000000e+00
-1.362013651877133302e+00,-3.270000000000000129e-01,0.000000000000000000e+00
-1.359508532423208349e+00,-3.270000000000000129e-01,0.000000000000000000e+00
-1.357003412969283396e+00,-3.270000000000000129e-01,0.000000000000000000e+00
-1.354498293515358442e+00,-3.270000000000000129e-01,0.000000000000000000e+00
-1.351993174061433489e+00,-3.270000000000000129e-01,0.000000000000000000e+00
-1.349488054607508758e+00,-3.270000000000000129e-01,0.000000000000000000e+00
-1.346982935153583583e+00,-3.270000000000000129e-01,0.000000000000000000e+00
-1.344477815699658851e+00,-3.270000000000000129e-01,0.000000000000000000e+00
-1.341972696245733898e+00,-3.270000000000000129e-01,0.000000000000000000e+00
-1.339467576791808945e+00,-3.270000000000000129e-01,0.000000000000000000e+00
-1.336962457337883992e+00,-3.270000000000000129e-01,0.000000000000000000e+00
-1.334457337883959038e+00,-3.270000000000000129e-01,0.000000000000000000e+00
-1.331952218430034307e+00,-3.270000000000000129e-01,0.000000000000000000e+00
-1.329447098976109354e+00,-3.270000000000000129e-01,0.000000000000000000e+00
-1.326941979522184401e+00,-3.270000000000000129e-01,0.000000000000000000e+00
-1.324436860068259447e+00,-3.270000000000000129e-01,0.000000000000000000e+00
-1.321931740614334494e+00,-3.270000000000000129e-01,0.000000000000000000e+00
-1.319426621160409763e+00,-3.270000000000000129e-01,0.000000000000000000e+00
-1.316921501706484809e+00,-3.270000000000000129e-01,0.000000000000000000e+00
-1.314416382252559856e+00,-3.270000000000000129e-01,0.000000000000000000e+00
-1.311911262798634903e+00,-3.270000000000000129e-01,0.000000000000000000e+00
-1.309406143344709950e+00,-3.270000000000000129e-01,0.000000000000000000e+00
-1.306901023890784996e+00,-3.270000000000000129e-01,0.000000000000000000e+00
-1.304395904436860043e+00,-3.270000000000000129e-01,0.000000000000000000e+00
-1.301890784982935312e+00,-3.270000000000000129e-01,0.000000000000000000e+00
-1.299385665529010359e+00,-3.270000000000000129e-01,0.000000000000000000e+00
-1.296880546075085405e+00,-3.270000000000000129e-01,0.000000000000000000e+00
-1.294375426621160452e+00,-3.270000000000000129e-01,0.000000000000000000e+00
-1.291870307167235499e+00,-3.270000000000000129e-01,0.000000000000000000e+00
-1.289365187713310767e+00,-3.270000000000000129e-01,0.000000000000000000e+00
-1.286860068259385814e+00,-3.270000000000000129e-01,0.000000000000000000e+00
-1.284354948805460861e+00,-3.270000000000000129e-01,0.000000000000000000e+00
-1.281849829351535908e+00,-3.270000000000000129e-01,0.000000000000000000e+00
-1.279344709897610954e+00,-3.270000000000000129e-01,0.000000000000000000e+00
-1.276839590443686223e+00,-3.270000000000000129e-01,0.000000000000000000e+00
-1.274334470989761048e+00,-3.270000000000000129e-01,0.000000000000000000e+00
-1.271829351535836317e+00,-3.270000000000000129e-01,0.000000000000000000e+00
-1.269324232081911363e+00,-3.270000000000000129e-01,0.000000000000000000e+00
-1.266819112627986410e+00,-3.270000000000000129e-01,0.000000000000000000e+00
-1.264313993174061457e+00,-3.270000000000000129e-01,0.000000000000000000e+00
-1.261808873720136503e+00,-3.270000000000000129e-01,0.000000000000000000e+00
-1.259303754266211772e+00,-3.270000000000000129e-01,0.000000000000000000e+00
-1.256798634812286819e+00,-3.270000000000000129e-01,0.000000000000000000e+00
-1.254293515358361866e+00,-3.270000000000000129e-01,0.000000000000000000e+00
-1.251788395904436912e+00,-3.270000000000000129e-01,0.000000000000000000e+00
-1.249283276450511959e+00,-3.270000000000000129e-01,0.000000000000000000e+00
-1.246778156996587228e+00,-3.270000000000000129e-01,0.000000000000000000e+00
-1.244273037542662275e+00,-3.270000000000000129e-01,0.000000000000000000e+00
-1.241767918088737321e+00,-3.270000000000000129e-01,0.000000000000000000e+00
-1.239262798634812368e+00,-3.270000000000000129e-01,0.000000000000000000e+00
-1.236757679180887415e+00,-3.270000000000000129e-01,0.000000000000000000e+00
-1.234252559726962684e+00,-3.270000000000000129e-01,0.000000000000000000e+00
-1.231747440273037508e+00,-3.270000000000000129e-01,0.000000000000000000e+00
-1.229242320819112777e+00,-3.270000000000000129e-01,0.000000000000000000e+00
-1.226737201365187824e+00,-3.270000000000000129e-01,0.000000000000000000e+00
-1.224232081911262870e+00,-3.270000000000000129e-01,0.000000000000000000e+00
-1.221726962457337917e+00,-3.270000000000000129e-01,0.000000000000000000e+00
-1.219221843003412964e+00,-3.270000000000000129e-01,0.000000000000000000e+00
-1.216716723549488233e+00,-3.270000000000000129e-01,0.000000000000000000e+00
-1.214211604095563279e+00,-3.270000000000000129e-01,0.000000000000000000e+00
-1.211706484641638326e+00,-3.270000000000000129e-01,0.000000000000000000e+00
-1.209201365187713373e+00,-3.270000000000000129e-01,0.000000000000000000e+00
-1.206696245733788420e+00,-3.270000000000000129e-01,0.000000000000000000e+00
-1.204191126279863688e+00,-3.270000000000000129e-01,0.000000000000000000e+00
-1.201686006825938735e+00,-3.270000000000000129e-01,0.000000000000000000e+00
-1.199180887372013782e+00,-3.270000000000000129e-01,0.000000000000000000e+00
-1.196675767918088829e+00,-3.270000000000000129e-01,0.000000000000000000e+00
-1.194170648464163875e+00,-3.270000000000000129e-01,0.000000000000000000e+00
-1.191665529010238922e+00,-3.270000000000000129e-01,0.000000000000000000e+00
-1.189160409556313969e+00,-3.270000000000000129e-01,0.000000000000000000e+00
-1.186655290102389237e+00,-3.270000000000000129e-01,0.000000000000000000e+00
-1.184150170648464284e+00,-3.270000000000000129e-01,0.000000000000000000e+00
-1.181645051194539331e+00,-3.270000000000000129e-01,0.000000000000000000e+00
-1.179139931740614378e+00,-3.270000000000000129e-01,0.000000000000000000e+00
-1.176634812286689424e+00,-3.270000000000000129e-01,0.000000000000000000e+00
-1.174129692832764693e+00,-3.270000000000000129e-01,0.000000000000000000e+00
-1.171624573378839740e+00,-3.270000000000000129e-01,0.000000000000000000e+00
-1.169119453924914787e+00,-3.270000000000000129e-01,0.000000000000000000e+00
-1.166614334470989833e+00,-3.270000000000000129e-01,0.000000000000000000e+00
-1.164109215017064880e+00,-3.270000000000000129e-01,0.000000000000000000e+00
-1.161604095563140149e+00,-3.270000000000000129e-01,0.000000000000000000e+00
-1.159098976109214973e+00,-3.270000000000000129e-01,0.000000000000000000e+00
-1.156593856655290242e+00,-3.270000000000000129e-01,0.000000000000000000e+00
-1.154088737201365289e+00,-3.270000000000000129e-01,0.000000000000000000e+00
-1.151583617747440336e+00,-3.270000000000000129e-01,0.000000000000000000e+00
-1.149078498293515382e+00,-3.270000000000000129e-01,0.000000000000000000e+00
-1.146573378839590429e+00,-3.270000000000000129e-01,0.000000000000000000e+00
-1.144068259385665698e+00,-3.270000000000000129e-01,0.000000000000000000e+00
-1.141563139931740745e+00,-3.270000000000000129e-01,0.000000000000000000e+00
-1.139058020477815791e+00,-3.270000000000000129e-01,0.000000000000000000e+00
-1.136552901023890838e+00,-3.270000000000000129e-01,0.000000000000000000e+00
-1.134047781569965885e+00,-3.270000000000000129e-01,0.000000000000000000e+00
-1.131542662116041154e+00,-3.270000000000000129e-01,0.000000000000000000e+00
-1.129037542662116200e+00,-3.270000000000000129e-01,0.000000000000000000e+00
-1.126532423208191247e+00,-3.270000000000000129e-01,0.000000000000000000e+00
-1.124027303754266294e+00,-3.270000000000000129e-01,0.000000000000000000e+00
-1.121522184300341340e+00,-3.270000000000000129e-01,0.000000000000000000e+00
-1.119017064846416609e+00,-3.270000000000000129e-01,0.000000000000000000e+00
-1.116511945392491434e+00,-3.270000000000000129e-01,0.000000000000000000e+00
-1.114006825938566703e+00,-3.270000000000000129e-01,0.000000000000000000e+00
-1.111501706484641749e+00,-3.270000000000000129e-01,0.000000000000000000e+00
-1.108996587030716796e+00,-3.270000000000000129e-01,0.000000000000000000e+00
-1.106491467576791843e+00,-3.270000000000000129e-01,0.000000000000000000e+00
-1.103986348122866890e+00,-3.270000000000000129e-01,0.000000000000000000e+00
-1.101481228668942158e+00,-3.270000000000000129e-01,0.000000000000000000e+00
-1.098976109215017205e+00,-3.270000000000000129e-01,0.000000000000000000e+00
-1.096470989761092252e+00,-3.270000000000000129e-01,0.000000000000000000e+00
-1.093965870307167298e+00,-3.270000000000000129e-01,0.000000000000000000e+00
-1.091460750853242345e+00,-3.270000000000000129e-01,0.000000000000000000e+00
-1.088955631399317614e+00,-3.270000000000000129e-01,0.000000000000000000e+00
-1.086450511945392439e+00,-3.270000000000000129e-01,0.000000000000000000e+00
-1.083945392491467707e+00,-3.270000000000000129e-01,0.000000000000000000e+00
-1.081440273037542754e+00,-3.270000000000000129e-01,0.000000000000000000e+00
-1.078935153583617801e+00,-3.270000000000000129e-01,0.000000000000000000e+00
-1.076430034129693070e+00,-3.270000000000000129e-01,0.000000000000000000e+00
-1.073924914675767894e+00,-3.270000000000000129e-01,0.000000000000000000e+00
-1.071419795221843163e+00,-3.270000000000000129e-01,0.000000000000000000e+00
-1.068914675767918210e+00,-3.270000000000000129e-01,0.000000000000000000e+00
-1.066409556313993257e+00,-3.270000000000000129e-01,0.000000000000000000e+00
-1.063904436860068303e+00,-3.270000000000000129e-01,0.000000000000000000e+00
-1.061399317406143350e+00,-3.270000000000000129e-01,0.000000000000000000e+00
-1.058894197952218619e+00,-3.270000000000000129e-01,0.000000000000000000e+00
-1.056389078498293443e+00,-3.270000000000000129e-01,0.000000000000000000e+00
-1.053883959044368712e+00,-3.270000000000000129e-01,0.000000000000000000e+00
-1.051378839590443759e+00,-3.270000000000000129e-01,0.000000000000000000e+00
-1.048873720136518806e+00,-3.270000000000000129e-01,0.000000000000000000e+00
-1.046368600682594074e+00,-3.270000000000000129e-01,0.000000000000000000e+00
-1.043863481228668899e+00,-3.270000000000000129e-01,0.000000000000000000e+00
-1.041358361774744168e+00,-3.270000000000000129e-01,0.000000000000000000e+00
-1.038853242320819215e+00,-3.270000000000000129e-01,0.000000000000000000e+00
-1.036348122866894261e+00,-3.270000000000000129e-01,0.000000000000000000e+00
-1.033843003412969530e+00,-3.270000000000000129e-01,0.000000000000000000e+00
-1.031337883959044355e+00,-3.270000000000000129e-01,0.000000000000000000e+00
-1.028832764505119624e+00,-3.270000000000000129e-01,0.000000000000000000e+00
-1.026327645051194670e+00,-3.270000000000000129e-01,0.000000000000000000e+00
-1.023822525597269717e+00,-3.270000000000000129e-01,0.000000000000000000e+00
-1.021317406143344764e+00,-3.270000000000000129e-01,0.000000000000000000e+00
-1.018812286689419810e+00,-3.270000000000000129e-01,0.000000000000000000e+00
-1.016307167235495079e+00,-3.270000000000000129e-01,0.000000000000000000e+00
-1.013802047781569904e+00,-3.270000000000000129e-01,0.000000000000000000e+00
-1.011296928327645173e+00,-3.270000000000000129e-01,0.000000000000000000e+00
-1.008791808873720219e+00,-3.270000000000000129e-01,0.000000000000000000e+00
-1.006286689419795266e+00,-3.270000000000000129e-01,0.000000000000000000e+00
-1.003781569965870535e+00,-3.270000000000000129e-01,0.000000000000000000e+00
-1.001276450511945360e+00,-3.270000000000000129e-01,0.000000000000000000e+00
-9.987713310580205173e-01,-3.270000000000000129e-01,0.000000000000000000e+00
-9.962662116040956750e-01,-3.270000000000000129e-01,0.000000000000000000e+00
-9.937610921501707217e-01,-3.270000000000000129e-01,0.000000000000000000e+00
-9.912559726962457685e-01,-3.270000000000000129e-01,0.000000000000000000e+00
-9.887508532423209262e-01,-3.270000000000000129e-01,0.000000000000000000e+00
-9.862457337883959729e-01,-3.270000000000000129e-01,0.000000000000000000e+00
-9.837406143344711307e-01,-3.270000000000000129e-01,0.000000000000000000e+00
-9.812354948805461774e-01,-3.270000000000000129e-01,0.000000000000000000e+00
-9.787303754266212241e-01,-3.270000000000000129e-01,0.000000000000000000e+00
-9.762252559726963819e-01,-3.270000000000000129e-01,0.000000000000000000e+00
-9.737201365187714286e-01,-3.270000000000000129e-01,0.000000000000000000e+00
-9.712150170648464753e-01,-3.270000000000000129e-01,0.000000000000000000e+00
-9.687098976109216331e-01,-3.270000000000000129e-01,0.000000000000000000e+00
-9.662047781569966798e-01,-3.270000000000000129e-01,0.000000000000000000e+00
-9.636996587030717265e-01,-3.270000000000000129e-01,0.000000000000000000e+00
-9.611945392491468843e-01,-3.270000000000000129e-01,0.000000000000000000e+00
-9.586894197952219310e-01,-3.270000000000000129e-01,0.000000000000000000e+00
-9.561843003412969777e-01,-3.270000000000000129e-01,0.000000000000000000e+00
-9.536791808873721354e-01,-3.270000000000000129e-01,0.000000000000000000e+00
-9.511740614334471822e-01,-3.270000000000000129e-01,0.000000000000000000e+00
-9.486689419795222289e-01,-3.270000000000000129e-01,0.000000000000000000e+00
-9.461638225255973866e-01,-3.270000000000000129e-01,0.000000000000000000e+00
-9.436587030716724334e-01,-3.270000000000000129e-01,0.000000000000000000e+00
-9.411535836177474801e-01,-3.270000000000000129e-01,0.000000000000000000e+00
-9.386484641638226378e-01,-3.270000000000000129e-01,0.000000000000000000e+00
-9.361433447098976846e-01,-3.270000000000000129e-01,0.000000000000000000e+00
-9.336382252559727313e-01,-3.270000000000000129e-01,0.000000000000000000e+00
-9.311331058020478890e-01,-3.270000000000000129e-01,0.000000000000000000e+00
-9.286279863481229357e-01,-3.270000000000000129e-01,0.000000000000000000e+00
-9.261228668941980935e-01,-3.270000000000000129e-01,0.000000000000000000e+00
-9.236177474402731402e-01,-3.270000000000000129e-01,0.000000000000000000e+00
-9.211126279863481869e-01,-3.270000000000000129e-01,0.000000000000000000e+00
-9.186075085324233447e-01,-3.270000000000000129e-01,0.000000000000000000e+00
-9.161023890784983914e-01,-3.270000000000000129e-01,0.000000000000000000e+00
-9.135972696245734381e-01,-3.270000000000000129e-01,0.000000000000000000e+00
-9.110921501706485959e-01,-3.270000000000000129e-01,0.000000000000000000e+00
-9.085870307167236426e-01,-3.270000000000000129e-01,0.000000000000000000e+00
-9.060819112627986893e-01,-3.270000000000000129e-01,0.000000000000000000e+00
-9.035767918088738471e-01,-3.270000000000000129e-01,0.000000000000000000e+00
-9.010716723549488938e-01,-3.270000000000000129e-01,0.000000000000000000e+00
-8.985665529010239405e-01,-3.270000000000000129e-01,0.000000000000000000e+00
-8.960614334470990983e-01,-3.270000000000000129e-01,0.000000000000000000e+00
-8.935563139931741450e-01,-3.270000000000000129e-01,0.000000000000000000e+00
-8.910511945392491917e-01,-3.270000000000000129e-01,0.000000000000000000e+00
-8.885460750853243495e-01,-3.270000000000000129e-01,0.000000000000000000e+00
-8.860409556313993962e-01,-3.270000000000000129e-01,0.000000000000000000e+00
-8.835358361774744429e-01,-3.270000000000000129e-01,0.000000000000000000e+00
-8.810307167235496006e-01,-3.270000000000000129e-01,0.000000000000000000e+00
-8.785255972696246474e-01,-3.270000000000000129e-01,0.000000000000000000e+00
-8.760204778156996941e-01,-3.270000000000000129e-01,0.000000000000000000e+00
-8.735153583617748518e-01,-3.270000000000000129e-01,0.000000000000000000e+00
-8.710102389078498986e-01,-3.270000000000000129e-01,0.000000000000000000e+00
-8.685051194539250563e-01,-3.270000000000000129e-01,0.000000000000000000e+00
-8.660000000000001030e-01,-3.270000000000000129e-01,0.000000000000000000e+00
-8.634948805460751498e-01,-3.270000000000000129e-01,0.000000000000000000e+00
-8.609897610921503075e-01,-3.270000000000000129e-01,0.000000000000000000e+00
-8.584846416382253542e-01,-3.270000000000000129e-01,0.000000000000000000e+00
-8.559795221843004009e-01,-3.270000000000000129e-01,0.000000000000000000e+00
-8.534744027303755587e-01,-3.270000000000000129e-01,0.000000000000000000e+00
-8.509692832764506054e-01,-3.270000000000000129e-01,0.000000000000000000e+00
-8.484641638225256521e-01,-3.270000000000000129e-01,0.000000000000000000e+00
-8.459590443686008099e-01,-3.270000000000000129e-01,0.000000000000000000e+00
-8.434539249146758566e-01,-3.270000000000000129e-01,0.000000000000000000e+00
-8.409488054607509033e-01,-3.270000000000000129e-01,0.000000000000000000e+00
-8.384436860068260611e-01,-3.270000000000000129e-01,0.000000000000000000e+00
-8.359385665529011078e-01,-3.270000000000000129e-01,0.000000000000000000e+00
-8.334334470989761545e-01,-3.270000000000000129e-01,0.000000000000000000e+00
-8.309283276450513123e-01,-3.270000000000000129e-01,0.000000000000000000e+00
-8.284232081911263590e-01,-3.270000000000000129e-01,0.000000000000000000e+00
-8.259180887372014057e-01,-3.270000000000000129e-01,0.000000000000000000e+00
-8.234129692832765635e-01,-3.270000000000000129e-01,0.000000000000000000e+00
-8.209078498293516102e-01,-3.270000000000000129e-01,0.000000000000000000e+00
-8.184027303754266569e-01,-3.270000000000000129e-01,0.000000000000000000e+00
-8.158976109215018147e-01,-3.270000000000000129e-01,0.000000000000000000e+00
-8.133924914675768614e-01,-3.270000000000000129e-01,0.000000000000000000e+00
-8.108873720136520191e-01,-3.270000000000000129e-01,0.000000000000000000e+00
-8.083822525597270658e-01,-3.270000000000000129e-01,0.000000000000000000e+00
-8.058771331058021126e-01,-3.270000000000000129e-01,0.000000000000000000e+00
-8.033720136518772703e-01,-3.270000000000000129e-01,0.000000000000000000e+00
-8.008668941979523170e-01,-3.270000000000000129e-01,0.000000000000000000e+00
-7.983617747440273638e-01,-3.270000000000000129e-01,0.000000000000000000e+00
-7.958566552901025215e-01,-3.270000000000000129e-01,0.000000000000000000e+00
-7.933515358361775682e-01,-3.270000000000000129e-01,0.000000000000000000e+00
-7.908464163822526150e-01,-3.270000000000000129e-01,0.000000000000000000e+00
-7.883412969283277727e-01,-3.270000000000000129e-01,0.000000000000000000e+00
-7.858361774744028194e-01,-3.270000000000000129e-01,0.000000000000000000e+00
-7.833310580204778661e-01,-3.270000000000000129e-01,0.000000000000000000e+00
-7.808259385665530239e-01,-3.270000000000000129e-01,0.000000000000000000e+00
-7.783208191126280706e-01,-3.270000000000000129e-01,0.000000000000000000e+00
-7.758156996587031173e-01,-3.270000000000000129e-01,0.000000000000000000e+00
-7.733105802047782751e-01,-3.270000000000000129e-01,0.000000000000000000e+00
-7.708054607508533218e-01,-3.270000000000000129e-01,0.000000000000000000e+00
-7.683003412969283685e-01,-3.270000000000000129e-01,0.000000000000000000e+00
-7.657952218430035263e-01,-3.270000000000000129e-01,0.000000000000000000e+00
-7.632901023890785730e-01,-3.270000000000000129e-01,0.000000000000000000e+00
-7.607849829351536197e-01,-3.270000000000000129e-01,0.000000000000000000e+00
-7.582798634812287775e-01,-3.270000000000000129e-01,0.000000000000000000e+00
-7.557747440273038242e-01,-3.270000000000000129e-01,0.000000000000000000e+00
-7.532696245733789819e-01,-3.270000000000000129e-01,0.000000000000000000e+00
-7.507645051194540287e-01,-3.270000000000000129e-01,0.000000000000000000e+00
-7.482593856655290754e-01,-3.270000000000000129e-01,0.000000000000000000e+00
-7.457542662116042331e-01,-3.270000000000000129e-01,0.000000000000000000e+00
-7.432491467576792799e-01,-3.270000000000000129e-01,0.000000000000000000e+00
-7.407440273037543266e-01,-3.270000000000000129e-01,0.000000000000000000e+00
-7.382389078498294843e-01,-3.270000000000000129e-01,0.000000000000000000e+00
-7.357337883959045310e-01,-3.270000000000000129e-01,0.000000000000000000e+00
-7.332286689419795778e-01,-3.270000000000000129e-01,0.000000000000000000e+00
-7.307235494880547355e-01,-3.270000000000000129e-01,0.000000000000000000e+00
-7.282184300341297822e-01,-3.270000000000000129e-01,0.000000000000000000e+00
-7.257133105802048290e-01,-3.270000000000000129e-01,0.000000000000000000e+00
-7.232081911262799867e-01,-3.270000000000000129e-01,0.000000000000000000e+00
-7.207030716723550334e-01,-3.270000000000000129e-01,0.000000000000000000e+00
-7.181979522184300802e-01,-3.270000000000000129e-01,0.000000000000000000e+00
-7.156928327645052379e-01,-3.270000000000000129e-01,0.000000000000000000e+00
-7.131877133105802846e-01,-3.270000000000000129e-01,0.000000000000000000e+00
-7.106825938566553313e-01,-3.270000000000000129e-01,0.000000000000000000e+00
-7.081774744027304891e-01,-3.270000000000000129e-01,0.000000000000000000e+00
-7.056723549488055358e-01,-3.270000000000000129e-01,0.000000000000000000e+00
-7.031672354948805825e-01,-3.270000000000000129e-01,0.000000000000000000e+00
-7.006621160409557403e-01,-3.270000000000000129e-01,0.000000000000000000e+00
-6.981569965870307870e-01,-3.270000000000000129e-01,0.000000000000000000e+00
-6.956518771331059448e-01,-3.270000000000000129e-01,0.000000000000000000e+00
-6.931467576791809915e-01,-3.270000000000000129e-01,0.000000000000000000e+00
-6.906416382252560382e-01,-3.270000000000000129e-01,0.000000000000000000e+00
-6.881365187713311959e-01,-3.270000000000000129e-01,0.000000000000000000e+00
-6.856313993174062427e-01,-3.270000000000000129e-01,0.000000000000000000e+00
-6.831262798634812894e-01,-3.270000000000000129e-01,0.000000000000000000e+00
-6.806211604095564471e-01,-3.270000000000000129e-01,0.000000000000000000e+00
-6.781160409556314939e-01,-3.270000000000000129e-01,0.000000000000000000e+00
-6.756109215017065406e-01,-3.270000000000000129e-01,0.000000000000000000e+00
-6.731058020477816983e-01,-3.270000000000000129e-01,0.000000000000000000e+00
-6.706006825938567451e-01,-3.270000000000000129e-01,0.000000000000000000e+00
-6.680955631399317918e-01,-3.270000000000000129e-01,0.000000000000000000e+00
-6.655904436860069495e-01,-3.270000000000000129e-01,0.000000000000000000e+00
-6.630853242320819962e-01,-3.270000000000000129e-01,0.000000000000000000e+00
-6.605802047781570430e-01,-3.270000000000000129e-01,0.000000000000000000e+00
-6.580750853242322007e-01,-3.270000000000000129e-01,0.000000000000000000e+00
-6.555699658703072474e-01,-3.270000000000000129e-01,0.000000000000000000e+00
-6.530648464163822942e-01,-3.270000000000000129e-01,0.000000000000000000e+00
-6.505597269624574519e-01,-3.270000000000000129e-01,0.000000000000000000e+00
-6.480546075085324986e-01,-3.270000000000000129e-01,0.000000000000000000e+00
-6.455494880546075454e-01,-3.270000000000000129e-01,0.000000000000000000e+00
-6.430443686006827031e-01,-3.270000000000000129e-01,0.000000000000000000e+00
-6.405392491467577498e-01,-3.270000000000000129e-01,0.000000000000000000e+00
-6.380341296928329076e-01,-3.270000000000000129e-01,0.000000000000000000e+00
-6.355290102389079543e-01,-3.270000000000000129e-01,0.000000000000000000e+00
-6.330238907849830010e-01,-3.270000000000000129e-01,0.000000000000000000e+00
-6.305187713310581588e-01,-3.270000000000000129e-01,0.000000000000000000e+00
-6.280136518771332055e-01,-3.270000000000000129e-01,0.000000000000000000e+00
-6.255085324232082522e-01,-3.270000000000000129e-01,0.000000000000000000e+00
-6.230034129692834100e-01,-3.270000000000000129e-01,0.000000000000000000e+00
-6.204982935153584567e-01,-3.270000000000000129e-01,0.000000000000000000e+00
-6.179931740614335034e-01,-3.270000000000000129e-01,0.000000000000000000e+00
-6.154880546075086611e-01,-3.270000000000000129e-01,0.000000000000000000e+00
-6.129829351535837079e-01,-3.270000000000000129e-01,0.000000000000000000e+00
-6.104778156996587546e-01,-3.270000000000000129e-01,0.000000000000000000e+00
-6.079726962457339123e-01,-3.270000000000000129e-01,0.000000000000000000e+00
-6.054675767918089591e-01,-3.270000000000000129e-01,0.000000000000000000e+00
-6.029624573378840058e-01,-3.270000000000000129e-01,0.000000000000000000e+00
-6.004573378839591635e-01,-3.270000000000000129e-01,0.000000000000000000e+00
-5.979522184300343213e-01,-3.270000000000000129e-01,0.000000000000000000e+00
-5.954470989761093680e-01,-3.270000000000000129e-01,0.000000000000000000e+00
-5.929419795221844147e-01,-3.270000000000000129e-01,0.000000000000000000e+00
-5.904368600682594614e-01,-3.270000000000000129e-01,0.000000000000000000e+00
-5.879317406143345082e-01,-3.270000000000000129e-01,0.000000000000000000e+00
-5.854266211604095549e-01,-3.270000000000000129e-01,0.000000000000000000e+00
-5.829215017064848237e-01,-3.270000000000000129e-01,0.000000000000000000e+00
-5.804163822525598704e-01,-3.270000000000000129e-01,0.000000000000000000e+00
-5.779112627986349171e-01,-3.270000000000000129e-01,0.000000000000000000e+00
-5.754061433447099638e-01,-3.270000000000000129e-01,0.000000000000000000e+00
-5.729010238907850106e-01,-3.270000000000000129e-01,0.000000000000000000e+00
-5.703959044368600573e-01,-3.270000000000000129e-01,0.000000000000000000e+00
-5.678907849829353260e-01,-3.270000000000000129e-01,0.000000000000000000e+00
-5.653856655290103728e-01,-3.270000000000000129e-01,0.000000000000000000e+00
-5.628805460750854195e-01,-3.270000000000000129e-01,0.000000000000000000e+00
-5.603754266211604662e-01,-3.270000000000000129e-01,0.000000000000000000e+00
-5.578703071672355129e-01,-3.270000000000000129e-01,0.000000000000000000e+00
-5.553651877133105597e-01,-3.270000000000000129e-01,0.000000000000000000e+00
-5.528600682593858284e-01,-3.270000000000000129e-01,0.000000000000000000e+00
-5.503549488054608751e-01,-3.270000000000000129e-01,0.000000000000000000e+00
-5.478498293515359219e-01,-3.270000000000000129e-01,0.000000000000000000e+00
-5.453447098976109686e-01,-3.270000000000000129e-01,0.000000000000000000e+00
-5.428395904436860153e-01,-3.270000000000000129e-01,0.000000000000000000e+00
-5.403344709897612841e-01,-3.270000000000000129e-01,0.000000000000000000e+00
-5.378293515358363308e-01,-3.270000000000000129e-01,0.000000000000000000e+00
-5.353242320819113775e-01,-3.270000000000000129e-01,0.000000000000000000e+00
-5.328191126279864243e-01,-3.270000000000000129e-01,0.000000000000000000e+00
-5.303139931740614710e-01,-3.270000000000000129e-01,0.000000000000000000e+00
-5.278088737201365177e-01,-3.270000000000000129e-01,0.000000000000000000e+00
-5.253037542662117865e-01,-3.270000000000000129e-01,0.000000000000000000e+00
-5.227986348122868332e-01,-3.270000000000000129e-01,0.000000000000000000e+00
-5.202935153583618799e-01,-3.270000000000000129e-01,0.000000000000000000e+00
-5.177883959044369266e-01,-3.270000000000000129e-01,0.000000000000000000e+00
-5.152832764505119734e-01,-3.270000000000000129e-01,0.000000000000000000e+00
-5.127781569965870201e-01,-3.270000000000000129e-01,0.000000000000000000e+00
-5.102730375426622889e-01,-3.270000000000000129e-01,0.000000000000000000e+00
-5.077679180887373356e-01,-3.270000000000000129e-01,0.000000000000000000e+00
-5.052627986348123823e-01,-3.270000000000000129e-01,0.000000000000000000e+00
-5.027576791808874290e-01,-3.270000000000000129e-01,0.000000000000000000e+00
-5.002525597269624758e-01,-3.270000000000000129e-01,0.000000000000000000e+00
-4.977474402730375225e-01,-3.270000000000000129e-01,0.000000000000000000e+00
-4.952423208191127912e-01,-3.270000000000000129e-01,0.000000000000000000e+00
-4.927372013651878380e-01,-3.270000000000000129e-01,0.000000000000000000e+00
-4.902320819112628847e-01,-3.270000000000000129e-01,0.000000000000000000e+00
-4.877269624573379314e-01,-3.270000000000000129e-01,0.000000000000000000e+00
-4.852218430034129781e-01,-3.270000000000000129e-01,0.000000000000000000e+00
-4.827167235494882469e-01,-3.270000000000000129e-01,0.000000000000000000e+00
-4.802116040955632936e-01,-3.270000000000000129e-01,0.000000000000000000e+00
-4.777064846416383403e-01,-3.270000000000000129e-01,0.000000000000000000e+00
-4.752013651877133871e-01,-3.270000000000000129e-01,0.000000000000000000e+00
-4.726962457337884338e-01,-3.270000000000000129e-01,0.000000000000000000e+00
-4.701911262798634805e-01,-3.270000000000000129e-01,0.000000000000000000e+00
-4.676860068259387493e-01,-3.270000000000000129e-01,0.000000000000000000e+00
-4.651808873720137960e-01,-3.270000000000000129e-01,0.000000000000000000e+00
-4.626757679180888427e-01,-3.270000000000000129e-01,0.000000000000000000e+00
-4.601706484641638895e-01,-3.270000000000000129e-01,0.000000000000000000e+00
-4.576655290102389362e-01,-3.270000000000000129e-01,0.000000000000000000e+00
-4.551604095563139829e-01,-3.270000000000000129e-01,0.000000000000000000e+00
-4.526552901023892517e-01,-3.270000000000000129e-01,0.000000000000000000e+00
-4.501501706484642984e-01,-3.270000000000000129e-01,0.000000000000000000e+00
-4.476450511945393451e-01,-3.270000000000000129e-01,0.000000000000000000e+00
-4.451399317406143918e-01,-3.270000000000000129e-01,0.000000000000000000e+00
-4.426348122866894386e-01,-3.270000000000000129e-01,0.000000000000000000e+00
-4.401296928327644853e-01,-3.270000000000000129e-01,0.000000000000000000e+00
-4.376245733788397541e-01,-3.270000000000000129e-01,0.000000000000000000e+00
-4.351194539249148008e-01,-3.270000000000000129e-01,0.000000000000000000e+00
-4.326143344709898475e-01,-3.270000000000000129e-01,0.000000000000000000e+00
-4.301092150170648942e-01,-3.270000000000000129e-01,0.000000000000000000e+00
-4.276040955631399409e-01,-3.270000000000000129e-01,0.000000000000000000e+00
-4.250989761092152097e-01,-3.270000000000000129e-01,0.000000000000000000e+00
-4.225938566552902564e-01,-3.270000000000000129e-01,0.000000000000000000e+00
-4.200887372013653032e-01,-3.270000000000000129e-01,0.000000000000000000e+00
-4.175836177474403499e-01,-3.270000000000000129e-01,0.000000000000000000e+00
-4.150784982935153966e-01,-3.270000000000000129e-01,0.000000000000000000e+00
-4.125733788395904433e-01,-3.270000000000000129e-01,0.000000000000000000e+00
-4.100682593856657121e-01,-3.270000000000000129e-01,0.000000000000000000e+00
-4.075631399317407588e-01,-3.270000000000000129e-01,0.000000000000000000e+00
-4.050580204778158055e-01,-3.270000000000000129e-01,0.000000000000000000e+00
-4.025529010238908523e-01,-3.270000000000000129e-01,0.000000000000000000e+00
-4.000477815699658990e-01,-3.270000000000000129e-01,0.000000000000000000e+00
-3.975426621160409457e-01,-3.270000000000000129e-01,0.000000000000000000e+00
-3.950375426621162145e-01,-3.270000000000000129e-01,0.000000000000000000e+00
-3.925324232081912612e-01,-3.270000000000000129e-01,0.000000000000000000e+00
-3.900273037542663079e-01,-3.270000000000000129e-01,0.000000000000000000e+00
-3.875221843003413547e-01,-3.270000000000000129e-01,0.000000000000000000e+00
-3.850170648464164014e-01,-3.270000000000000129e-01,0.000000000000000000e+00
-3.825119453924914481e-01,-3.270000000000000129e-01,0.000000000000000000e+00
-3.800068259385667169e-01,-3.270000000000000129e-01,0.000000000000000000e+00
-3.775017064846417636e-01,-3.270000000000000129e-01,0.000000000000000000e+00
-3.749965870307168103e-01,-3.270000000000000129e-01,0.000000000000000000e+00
-3.724914675767918570e-01,-3.270000000000000129e-01,0.000000000000000000e+00
-3.699863481228669038e-01,-3.270000000000000129e-01,0.000000000000000000e+00
-3.674812286689421725e-01,-3.270000000000000129e-01,0.000000000000000000e+00
-3.649761092150172193e-01,-3.270000000000000129e-01,0.000000000000000000e+00
-3.624709897610922660e-01,-3.270000000000000129e-01,0.000000000000000000e+00
-3.599658703071673127e-01,-3.270000000000000129e-01,0.000000000000000000e+00
-3.574607508532423594e-01,-3.270000000000000129e-01,0.000000000000000000e+00
-3.549556313993174061e-01,-3.270000000000000129e-01,0.000000000000000000e+00
-3.524505119453926749e-01,-3.270000000000000129e-01,0.000000000000000000e+00
-3.499453924914677216e-01,-3.270000000000000129e-01,0.000000000000000000e+00
-3.474402730375427684e-01,-3.270000000000000129e-01,0.000000000000000000e+00
-3.449351535836178151e-01,-3.270000000000000129e-01,0.000000000000000000e+00
-3.424300341296928618e-01,-3.270000000000000129e-01,0.000000000000000000e+00
-3.399249146757679085e-01,-3.270000000000000129e-01,0.000000000000000000e+00
-3.374197952218431773e-01,-3.270000000000000129e-01,0.000000000000000000e+00
-3.349146757679182240e-01,-3.270000000000000129e-01,0.000000000000000000e+00
-3.324095563139932707e-01,-3.270000000000000129e-01,0.000000000000000000e+00
-3.299044368600683175e-01,-3.270000000000000129e-01,0.000000000000000000e+00
-3.273993174061433642e-01,-3.270000000000000129e-01,0.000000000000000000e+00
-3.248941979522184109e-01,-3.270000000000000129e-01,0.000000000000000000e+00
-3.223890784982936797e-01,-3.270000000000000129e-01,0.000000000000000000e+00
-3.198839590443687264e-01,-3.270000000000000129e-01,0.000000000000000000e+00
-3.173788395904437731e-01,-3.270000000000000129e-01,0.000000000000000000e+00
-3.148737201365188199e-01,-3.270000000000000129e-01,0.000000000000000000e+00
-3.123686006825938666e-01,-3.270000000000000129e-01,0.000000000000000000e+00
-3.098634812286691353e-01,-3.270000000000000129e-01,0.000000000000000000e+00
-3.073583617747441821e-01,-3.270000000000000129e-01,0.000000000000000000e+00
-3.048532423208192288e-01,-3.270000000000000129e-01,0.000000000000000000e+00
-3.023481228668942755e-01,-3.270000000000000129e-01,0.000000000000000000e+00
-2.998430034129693222e-01,-3.270000000000000129e-01,0.000000000000000000e+00
-2.973378839590443690e-01,-3.270000000000000129e-01,0.000000000000000000e+00
-2.948327645051196377e-01,-3.270000000000000129e-01,0.000000000000000000e+00
-2.923276450511946845e-01,-3.270000000000000129e-01,0.000000000000000000e+00
-2.898225255972697312e-01,-3.270000000000000129e-01,0.000000000000000000e+00
-2.873174061433447779e-01,-3.270000000000000129e-01,0.000000000000000000e+00
-2.848122866894198246e-01,-3.270000000000000129e-01,0.000000000000000000e+00
-2.823071672354948713e-01,-3.270000000000000129e-01,0.000000000000000000e+00
-2.798020477815701401e-01,-3.270000000000000129e-01,0.000000000000000000e+00
-2.772969283276451868e-01,-3.270000000000000129e-01,0.000000000000000000e+00
-2.747918088737202336e-01,-3.270000000000000129e-01,0.000000000000000000e+00
-2.722866894197952803e-01,-3.270000000000000129e-01,0.000000000000000000e+00
-2.697815699658703270e-01,-3.270000000000000129e-01,0.000000000000000000e+00
-2.672764505119453737e-01,-3.270000000000000129e-01,0.000000000000000000e+00
-2.647713310580206425e-01,-3.270000000000000129e-01,0.000000000000000000e+00
-2.622662116040956892e-01,-3.270000000000000129e-01,0.000000000000000000e+00
-2.597610921501707359e-01,-3.270000000000000129e-01,0.000000000000000000e+00
-2.572559726962457827e-01,-3.270000000000000129e-01,0.000000000000000000e+00
-2.547508532423208294e-01,-3.270000000000000129e-01,0.000000000000000000e+00
-2.522457337883960982e-01,-3.270000000000000129e-01,0.000000000000000000e+00
-2.497406143344711449e-01,-3.270000000000000129e-01,0.000000000000000000e+00
-2.472354948805461916e-01,-3.270000000000000129e-01,0.000000000000000000e+00
-2.447303754266212383e-01,-3.270000000000000129e-01,0.000000000000000000e+00
-2.422252559726962851e-01,-3.270000000000000129e-01,0.000000000000000000e+00
-2.397201365187713318e-01,-3.270000000000000129e-01,0.000000000000000000e+00
-2.372150170648466005e-01,-3.270000000000000129e-01,0.000000000000000000e+00
-2.347098976109216473e-01,-3.270000000000000129e-01,0.000000000000000000e+00
-2.322047781569966940e-01,-3.270000000000000129e-01,0.000000000000000000e+00
-2.296996587030717407e-01,-3.270000000000000129e-01,0.000000000000000000e+00
-2.271945392491467874e-01,-3.270000000000000129e-01,0.000000000000000000e+00
-2.246894197952218342e-01,-3.270000000000000129e-01,0.000000000000000000e+00
-2.221843003412971029e-01,-3.270000000000000129e-01,0.000000000000000000e+00
-2.196791808873721497e-01,-3.270000000000000129e-01,0.000000000000000000e+00
-2.171740614334471964e-01,-3.270000000000000129e-01,0.000000000000000000e+00
-2.146689419795222431e-01,-3.270000000000000129e-01,0.000000000000000000e+00
-2.121638225255972898e-01,-3.270000000000000129e-01,0.000000000000000000e+00
-2.096587030716723365e-01,-3.270000000000000129e-01,0.000000000000000000e+00
-2.071535836177476053e-01,-3.270000000000000129e-01,0.000000000000000000e+00
-2.046484641638226520e-01,-3.270000000000000129e-01,0.000000000000000000e+00
-2.021433447098976988e-01,-3.270000000000000129e-01,0.000000000000000000e+00
-1.996382252559727455e-01,-3.270000000000000129e-01,0.000000000000000000e+00
-1.971331058020477922e-01,-3.270000000000000129e-01,0.000000000000000000e+00
-1.946279863481230610e-01,-3.270000000000000129e-01,0.000000000000000000e+00
-1.921228668941981077e-01,-3.270000000000000129e-01,0.000000000000000000e+00
-1.896177474402731544e-01,-3.270000000000000129e-01,0.000000000000000000e+00
-1.871126279863482011e-01,-3.270000000000000129e-01,0.000000000000000000e+00
-1.846075085324232479e-01,-3.270000000000000129e-01,0.000000000000000000e+00
-1.821023890784982946e-01,-3.270000000000000129e-01,0.000000000000000000e+00
-1.795972696245735634e-01,-3.270000000000000129e-01,0.000000000000000000e+00
-1.770921501706486101e-01,-3.270000000000000129e-01,0.000000000000000000e+00
-1.745870307167236568e-01,-3.270000000000000129e-01,0.000000000000000000e+00
-1.720819112627987035e-01,-3.270000000000000129e-01,0.000000000000000000e+00
-1.695767918088737503e-01,-3.270000000000000129e-01,0.000000000000000000e+00
-1.670716723549487970e-01,-3.270000000000000129e-01,0.000000000000000000e+00
-1.645665529010240657e-01,-3.270000000000000129e-01,0.000000000000000000e+00
-1.620614334470991125e-01,-3.270000000000000129e-01,0.000000000000000000e+00
-1.595563139931741592e-01,-3.270000000000000129e-01,0.000000000000000000e+00
-1.570511945392492059e-01,-3.270000000000000129e-01,0.000000000000000000e+00
-1.545460750853242526e-01,-3.270000000000000129e-01,0.000000000000000000e+00
-1.520409556313992994e-01,-3.270000000000000129e-01,0.000000000000000000e+00
-1.495358361774745681e-01,-3.270000000000000129e-01,0.000000000000000000e+00
-1.470307167235496149e-01,-3.270000000000000129e-01,0.000000000000000000e+00
-1.445255972696246616e-01,-3.270000000000000129e-01,0.000000000000000000e+00
-1.420204778156997083e-01,-3.270000000000000129e-01,0.000000000000000000e+00
-1.395153583617747550e-01,-3.270000000000000129e-01,0.000000000000000000e+00
-1.370102389078500238e-01,-3.270000000000000129e-01,0.000000000000000000e+00
-1.345051194539250705e-01,-3.270000000000000129e-01,0.000000000000000000e+00
-1.320000000000000062e-01,-3.270000000000000129e-01,0.000000000000000000e+00
-1.320000000000000062e-01,-3.270000000000000129e-01,2.421678715189834019e+00
-1.294727272727272671e-01,-3.270000000000000129e-01,2.364600363605096511e+00
-1.269454545454545558e-01,-3.270000000000000129e-01,5.293218986534622417e+00
-1.244181818181818167e-01,-3.270000000000000129e-01,2.336818193200894456e+00
-1.218909090909090914e-01,-3.270000000000000129e-01,2.148237772681243385e+00
-1.193636363636363662e-01,-3.270000000000000129e-01,2.194023490117543496e+00
-1.168363636363636410e-01,-3.270000000000000129e-01,1.946646778432960634e+00
-1.143090909090909157e-01,-3.270000000000000129e-01,1.675072400610968515e+00
-1.117818181818181905e-01,-3.270000000000000129e-01,1.434644512478292500e+00
-1.092545454545454653e-01,-3.270000000000000129e-01,1.225363114034912160e+00
-1.067272727272727262e-01,-3.270000000000000129e-01,1.047228205280842150e+00
-1.042000000000000010e-01,-3.270000000000000129e-01,9.002397862160596009e-01
-1.016727272727272757e-01,-3.270000000000000129e-01,7.843978568406123619e-01
-9.914545454545455050e-02,-3.270000000000000129e-01,6.997024171544481419e-01
-9.661818181818182527e-02,-3.270000000000000129e-01,6.440586208359529996e-01
-9.409090909090908617e-02,-3.270000000000000129e-01,5.995580829287143754e-01
-9.156363636363637482e-02,-3.270000000000000129e-01,5.571156696004525566e-01
-8.903636363636363571e-02,-3.270000000000000129e-01,5.166602560570038305e-01
-8.650909090909091048e-02,-3.270000000000000129e-01,4.781918422983831296e-01
-8.398181818181818525e-02,-3.270000000000000129e-01,4.417104283245771312e-01
-8.145454545454546003e-02,-3.270000000000000129e-01,4.072160141356187535e-01
-7.892727272727273480e-02,-3.270000000000000129e-01,3.747085997314675287e-01
-7.639999999999999569e-02,-3.270000000000000129e-01,3.441881851121424973e-01
-7.387272727272728434e-02,-3.270000000000000129e-01,3.156547702776464903e-01
-7.134545454545454524e-02,-3.270000000000000129e-01,2.891083552279705149e-01
-6.881818181818182001e-02,-3.270000000000000129e-01,2.645489399631185123e-01
-6.629090909090909478e-02,-3.270000000000000129e-01,2.419765244830975881e-01
-6.376363636363636955e-02,-3.270000000000000129e-01,2.213911087879078532e-01
-6.123636363636364432e-02,-3.270000000000000129e-01,2.027926928775151960e-01
-5.870909090909090522e-02,-3.270000000000000129e-01,1.861812767519614165e-01
-5.618181818181817999e-02,-3.270000000000000129e-01,1.715568604112431561e-01
-5.365454545454545476e-02,-3.270000000000000129e-01,1.589194438553395705e-01
-5.112727272727272954e-02,-3.270000000000000129e-01,1.482690270842616509e-01
-4.860000000000000431e-02,-3.270000000000000129e-01,1.396056100980203607e-01
-4.607272727272727908e-02,-3.270000000000000129e-01,1.329291928965772585e-01
-4.354545454545455385e-02,-3.270000000000000129e-01,1.282397754799756151e-01
-4.101818181818181475e-02,-3.270000000000000129e-01,1.255373578482010255e-01
-3.849090909090908952e-02,-3.270000000000000129e-01,1.248219400012513802e-01
-3.596363636363636429e-02,-3.270000000000000129e-01,1.260935219390999507e-01
-3.343636363636363906e-02,-3.270000000000000129e-01,1.293521036618126008e-01
-3.090909090909091383e-02,-3.270000000000000129e-01,1.345976851693234666e-01
-2.838181818181818861e-02,-3.270000000000000129e-01,1.418302664616701847e-01
-2.585454545454544950e-02,-3.270000000000000129e-01,1.510498475388331319e-01
-2.332727272727272427e-02,-3.270000000000000129e-01,1.622564284008374269e-01
-2.079999999999999905e-02,-3.270000000000000129e-01,1.754500090476344420e-01
-1.827272727272727382e-02,-3.270000000000000129e-01,1.906305894792845734e-01
-1.574545454545454859e-02,-3.270000000000000129e-01,2.077981696957493796e-01
-1.321818181818182336e-02,-3.270000000000000129e-01,2.269527496970385749e-01
-1.069090909090908426e-02,-3.270000000000000129e-01,2.480943294831614299e-01
-8.163636363636359028e-03,-3.270000000000000129e-01,2.712229090540977383e-01
-5.636363636363633800e-03,-3.270000000000000129e-01,2.963384884098503314e-01
-3.109090909090922450e-03,-3.270000000000000129e-01,3.234410675504564847e-01
-5.818181818181833442e-04,-5.818181818181833442e-04,3.525306464758420910e-01
1.945454545454555761e-03,-3.270000000000000129e-01,3.836072251861070148e-01
4.472727272727267112e-03,-3.270000000000000129e-01,4.166708036811572202e-01
7.000000000000000146e-03,-3.270000000000000129e-01,0.000000000000000000e+00
7.000000000000000146e-03,-3.270000000000000129e-01,0.000000000000000000e+00
1.000000000000000021e-02,-3.270000000000000129e-01,0.000000000000000000e+00
1.300000000000000114e-02,-3.270000000000000129e-01,-4.625929269271486900e-15
1.600000000000000033e-02,-3.270000000000000129e-01,0.000000000000000000e+00
1.600000000000000033e-02,-3.270000000000000129e-01,-2.070878721859048255e-01
1.877777777777777865e-02,-3.270000000000000129e-01,-1.117719680464795695e-01
2.155555555555555697e-02,-3.270000000000000129e-01,-4.368917937546017843e-02
2.433333333333333182e-02,-3.270000000000000129e-01,-2.839506172836455105e-03
2.711111111111111360e-02,-3.270000000000000129e-01,1.077705156136644742e-02
2.988888888888888845e-02,-3.270000000000000129e-01,-2.839506172836462044e-03
3.266666666666666330e-02,-3.270000000000000129e-01,-4.368917937545507141e-02
3.544444444444444509e-02,-3.270000000000000129e-01,-1.117719680464794307e-01
3.822222222222222687e-02,-3.270000000000000129e-01,-2.070878721859150673e-01
4.100000000000000172e-02,-3.270000000000000129e-01,0.000000000000000000e+00
4.300000000000000350e-02,-3.270000000000000129e-01,0.000000000000000000e+00
4.499999999999999833e-02,-3.270000000000000129e-01,0.000000000000000000e+00
4.700000000000000011e-02,-3.270000000000000129e-01,1.476286212622189564e-01
4.900000000000000189e-02,-3.270000000000000129e-01,-1.313317336938486235e-01
5.159259259259259267e-02,-3.270000000000000129e-01,-1.065573764987326477e-01
5.418518518518518345e-02,-3.270000000000000129e-01,-8.409326857131320387e-02
5.677777777777778118e-02,-3.270000000000000129e-01,-6.393940991155351583e-02
5.937037037037037196e-02,-3.270000000000000129e-01,-4.609580051948502372e-02
6.196296296296296274e-02,-3.270000000000000129e-01,-3.056244039508645982e-02
6.455555555555556047e-02,-3.270000000000000129e-01,-1.733932953836342036e-02
6.714814814814815125e-02,-3.270000000000000129e-01,-6.426467949331719949e-03
6.974074074074074203e-02,-3.270000000000000129e-01,2.176144372040676560e-03
7.233333333333333282e-02,-3.270000000000000129e-01,8.468507425721652493e-03
7.492592592592592360e-02,-3.270000000000000129e-01,1.245062121172726619e-02
7.751851851851851438e-02,-3.270000000000000129e-01,1.412248573006287186e-02
8.011111111111110517e-02,-3.270000000000000129e-01,1.348410098071240772e-02
8.270370370370369595e-02,-3.270000000000000129e-01,1.053546696368652669e-02
8.529629629629630061e-02,-3.270000000000000129e-01,5.276583678985397041e-03
8.788888888888889139e-02,-3.270000000000000129e-01,-2.292548873412563349e-03
9.048148148148148218e-02,-3.270000000000000129e-01,-1.217193069345912093e-02
9.307407407407407296e-02,-3.270000000000000129e-01,-2.436156178119174703e-02
9.566666666666666374e-02,-3.270000000000000129e-01,-3.886144213661558294e-02
9.825925925925926840e-02,-3.270000000000000129e-01,-5.567157175970449678e-02
1.008518518518518592e-01,-3.270000000000000129e-01,-7.479195065047926361e-02
1.034444444444444500e-01,-3.270000000000000129e-01,-9.622257880892404192e-02
1.060370370370370408e-01,-3.270000000000000129e-01,-1.199634562350548883e-01
1.086296296296296315e-01,-3.270000000000000129e-01,-1.460145829288557462e-01
1.112222222222222223e-01,-3.270000000000000129e-01,-1.743759588903426860e-01
1.138148148148148131e-01,-3.270000000000000129e-01,-2.050475841194996096e-01
1.164074074074074039e-01,-3.270000000000000129e-01,-2.380294586163372583e-01
1.189999999999999947e-01,-3.270000000000000129e-01,0.000000000000000000e+00
1.189999999999999947e-01,-3.270000000000000129e-01,0.000000000000000000e+00
1.219999999999999973e-01,-3.270000000000000129e-01,0.000000000000000000e+00
1.250000000000000000e-01,-3.270000000000000129e-01,0.000000000000000000e+00
1.280000000000000027e-01,-3.270000000000000129e-01,0.000000000000000000e+00
1.280000000000000027e-01,-3.270000000000000129e-01,-5.245037790944754308e-01
1.305833333333333290e-01,-3.270000000000000129e-01,-4.458124666850311613e-01
1.331666666666666554e-01,-3.270000000000000129e-01,-3.758283953554828472e-01
1.357500000000000095e-01,-3.270000000000000129e-01,-3.145515651058105044e-01
1.383333333333333359e-01,-3.270000000000000129e-01,-2.619819759360180189e-01
1.409166666666666623e-01,-3.270000000000000129e-01,-2.181196278461340343e-01
1.435000000000000164e-01,-3.270000000000000129e-01,-1.829645208361171671e-01
1.460833333333333428e-01,-3.270000000000000129e-01,-1.565166549060034162e-01
1.486666666666666692e-01,-3.270000000000000129e-01,-1.387760300557736026e-01
1.512499999999999956e-01,-3.270000000000000129e-01,-1.297426462854062712e-01
1.538333333333333219e-01,-3.270000000000000129e-01,-1.294165035949698117e-01
1.564166666666666761e-01,-3.270000000000000129e-01,-1.377976019843932531e-01
1.590000000000000024e-01,-3.270000000000000129e-01,-1.548859414536938595e-01
1.615833333333333288e-01,-3.270000000000000129e-01,-1.806815220029087121e-01
1.641666666666666829e-01,-3.270000000000000129e-01,-2.151843436320060310e-01
1.667500000000000093e-01,-3.270000000000000129e-01,-2.583944063409799874e-01
1.693333333333333357e-01,-3.270000000000000129e-01,-3.103117101298271119e-01
1.719166666666666621e-01,-3.270000000000000129e-01,-3.709362549985851243e-01
1.744999999999999885e-01,-3.270000000000000129e-01,-4.402680409472330414e-01
1.770833333333333426e-01,-3.270000000000000129e-01,-5.183070679757582067e-01
1.796666666666666690e-01,-3.270000000000000129e-01,-6.050533360841681141e-01
1.822499999999999953e-01,-3.270000000000000129e-01,-7.005068452724649841e-01
1.848333333333333495e-01,-3.270000000000000129e-01,-8.046675955406557001e-01
1.874166666666666758e-01,-3.270000000000000129e-01,-9.175355868887333788e-01
1.900000000000000022e-01,-3.270000000000000129e-01,-1.039110819316689804e+00
1.925833333333333286e-01,-3.270000000000000129e-01,-1.169393292824546293e+00
1.951666666666666550e-01,-3.270000000000000129e-01,-1.308383007412277976e+00
1.977500000000000091e-01,-3.270000000000000129e-01,-1.456079963079902839e+00
2.003333333333333355e-01,-3.270000000000000129e-01,-1.612484159827408448e+00
2.029166666666666619e-01,-3.270000000000000129e-01,-1.777595597654816340e+00
2.055000000000000160e-01,-3.270000000000000129e-01,-1.951414276562092986e+00
2.080833333333333424e-01,-3.270000000000000129e-01,-2.133940196549274582e+00
2.106666666666666687e-01,-3.270000000000000129e-01,-2.325173357616329373e+00
2.132499999999999951e-01,-3.270000000000000129e-01,-2.525113759763278676e+00
2.158333333333333215e-01,-3.270000000000000129e-01,-2.733761402990109612e+00
2.184166666666666756e-01,-3.270000000000000129e-01,-2.951116287296835061e+00
2.210000000000000020e-01,-3.270000000000000129e-01,0.000000000000000000e+00
2.210000000000000020e-01,-3.270000000000000129e-01,0.000000000000000000e+00
2.235027223230489912e-01,-3.270000000000000129e-01,0.000000000000000000e+00
2.260054446460980082e-01,-3.270000000000000129e-01,0.000000000000000000e+00
2.285081669691469974e-01,-3.270000000000000129e-01,0.000000000000000000e+00
2.310108892921960144e-01,-3.270000000000000129e-01,0.000000000000000000e+00
2.335136116152450036e-01,-3.270000000000000129e-01,0.000000000000000000e+00
2.360163339382940206e-01,-3.270000000000000129e-01,0.000000000000000000e+00
2.385190562613430099e-01,-3.270000000000000129e-01,0.000000000000000000e+00
2.410217785843920268e-01,-3.270000000000000129e-01,0.000000000000000000e+00
2.435245009074410161e-01,-3.270000000000000129e-01,0.000000000000000000e+00
2.460272232304900331e-01,-3.270000000000000129e-01,0.000000000000000000e+00
2.485299455535390223e-01,-3.270000000000000129e-01,0.000000000000000000e+00
2.510326678765880115e-01,-3.270000000000000129e-01,0.000000000000000000e+00
2.535353901996370007e-01,-3.270000000000000129e-01,0.000000000000000000e+00
2.560381125226860455e-01,-3.270000000000000129e-01,0.000000000000000000e+00
2.585408348457350347e-01,-3.270000000000000129e-01,0.000000000000000000e+00
2.610435571687840239e-01,-3.270000000000000129e-01,0.000000000000000000e+00
2.635462794918330132e-01,-3.270000000000000129e-01,0.000000000000000000e+00
2.660490018148820579e-01,-3.270000000000000129e-01,0.000000000000000000e+00
2.685517241379310471e-01,-3.270000000000000129e-01,0.000000000000000000e+00
2.710544464609800364e-01,-3.270000000000000129e-01,0.000000000000000000e+00
2.735571687840290256e-01,-3.270000000000000129e-01,0.000000000000000000e+00
2.760598911070780703e-01,-3.270000000000000129e-01,0.000000000000000000e+00
2.785626134301270596e-01,-3.270000000000000129e-01,0.000000000000000000e+00
2.810653357531760488e-01,-3.270000000000000129e-01,0.000000000000000000e+00
2.835680580762250380e-01,-3.270000000000000129e-01,0.000000000000000000e+00
2.860707803992740272e-01,-3.270000000000000129e-01,0.000000000000000000e+00
2.885735027223230720e-01,-3.270000000000000129e-01,0.000000000000000000e+00
2.910762250453720612e-01,-3.270000000000000129e-01,0.000000000000000000e+00
2.935789473684210504e-01,-3.270000000000000129e-01,0.000000000000000000e+00
2.960816696914700397e-01,-3.270000000000000129e-01,0.000000000000000000e+00
2.985843920145190289e-01,-3.270000000000000129e-01,0.000000000000000000e+00
3.010871143375680736e-01,-3.270000000000000129e-01,0.000000000000000000e+00
3.035898366606170629e-01,-3.270000000000000129e-01,0.000000000000000000e+00
3.060925589836660521e-01,-3.270000000000000129e-01,0.000000000000000000e+00
3.085952813067150968e-01,-3.270000000000000129e-01,0.000000000000000000e+00
3.110980036297640861e-01,-3.270000000000000129e-01,0.000000000000000000e+00
3.136007259528130753e-01,-3.270000000000000129e-01,0.000000000000000000e+00
3.161034482758620645e-01,-3.270000000000000129e-01,0.000000000000000000e+00
3.186061705989110537e-01,-3.270000000000000129e-01,0.000000000000000000e+00
3.211088929219600985e-01,-3.270000000000000129e-01,0.000000000000000000e+00
3.236116152450090877e-01,-3.270000000000000129e-01,0.000000000000000000e+00
3.261143375680580769e-01,-3.270000000000000129e-01,0.000000000000000000e+00
3.286170598911070662e-01,-3.270000000000000129e-01,0.000000000000000000e+00
3.311197822141560554e-01,-3.270000000000000129e-01,0.000000000000000000e+00
3.336225045372051001e-01,-3.270000000000000129e-01,0.000000000000000000e+00
3.361252268602540894e-01,-3.270000000000000129e-01,0.000000000000000000e+00
3.386279491833030786e-01,-3.270000000000000129e-01,0.000000000000000000e+00
3.411306715063521233e-01,-3.270000000000000129e-01,0.000000000000000000e+00
3.436333938294010570e-01,-3.270000000000000129e-01,0.000000000000000000e+00
3.461361161524501018e-01,-3.270000000000000129e-01,0.000000000000000000e+00
3.486388384754990910e-01,-3.270000000000000129e-01,0.000000000000000000e+00
3.511415607985480802e-01,-3.270000000000000129e-01,0.000000000000000000e+00
3.536442831215971250e-01,-3.270000000000000129e-01,0.000000000000000000e+00
3.561470054446460587e-01,-3.270000000000000129e-01,0.000000000000000000e+00
3.586497277676951034e-01,-3.270000000000000129e-01,0.000000000000000000e+00
3.611524500907440927e-01,-3.270000000000000129e-01,0.000000000000000000e+00
3.636551724137930819e-01,-3.270000000000000129e-01,0.000000000000000000e+00
3.661578947368421266e-01,-3.270000000000000129e-01,0.000000000000000000e+00
3.686606170598911159e-01,-3.270000000000000129e-01,0.000000000000000000e+00
3.711633393829401051e-01,-3.270000000000000129e-01,0.000000000000000000e+00
3.736660617059891498e-01,-3.270000000000000129e-01,0.000000000000000000e+00
3.761687840290380835e-01,-3.270000000000000129e-01,0.000000000000000000e+00
3.786715063520871283e-01,-3.270000000000000129e-01,0.000000000000000000e+00
3.811742286751361175e-01,-3.270000000000000129e-01,0.000000000000000000e+00
3.836769509981851067e-01,-3.270000000000000129e-01,0.000000000000000000e+00
3.861796733212341515e-01,-3.270000000000000129e-01,0.000000000000000000e+00
3.886823956442830852e-01,-3.270000000000000129e-01,0.000000000000000000e+00
3.911851179673321299e-01,-3.270000000000000129e-01,0.000000000000000000e+00
3.936878402903811192e-01,-3.270000000000000129e-01,0.000000000000000000e+00
3.961905626134301084e-01,-3.270000000000000129e-01,0.000000000000000000e+00
3.986932849364791531e-01,-3.270000000000000129e-01,0.000000000000000000e+00
4.011960072595281424e-01,-3.270000000000000129e-01,0.000000000000000000e+00
4.036987295825771316e-01,-3.270000000000000129e-01,0.000000000000000000e+00
4.062014519056261763e-01,-3.270000000000000129e-01,0.000000000000000000e+00
4.087041742286751100e-01,-3.270000000000000129e-01,0.000000000000000000e+00
4.112068965517241548e-01,-3.270000000000000129e-01,0.000000000000000000e+00
4.137096188747731440e-01,-3.270000000000000129e-01,0.000000000000000000e+00
4.162123411978221332e-01,-3.270000000000000129e-01,0.000000000000000000e+00
4.187150635208711780e-01,-3.270000000000000129e-01,0.000000000000000000e+00
4.212177858439201117e-01,-3.270000000000000129e-01,0.000000000000000000e+00
4.237205081669691564e-01,-3.270000000000000129e-01,0.000000000000000000e+00
4.262232304900181457e-01,-3.270000000000000129e-01,0.000000000000000000e+00
4.287259528130671349e-01,-3.270000000000000129e-01,0.000000000000000000e+00
4.312286751361161796e-01,-3.270000000000000129e-01,0.000000000000000000e+00
4.337313974591651689e-01,-3.270000000000000129e-01,0.000000000000000000e+00
4.362341197822141581e-01,-3.270000000000000129e-01,0.000000000000000000e+00
4.387368421052631473e-01,-3.270000000000000129e-01,0.000000000000000000e+00
4.412395644283121365e-01,-3.270000000000000129e-01,0.000000000000000000e+00
4.437422867513611813e-01,-3.270000000000000129e-01,0.000000000000000000e+00
4.462450090744101705e-01,-3.270000000000000129e-01,0.000000000000000000e+00
4.487477313974591597e-01,-3.270000000000000129e-01,0.000000000000000000e+00
4.512504537205082045e-01,-3.270000000000000129e-01,0.000000000000000000e+00
4.537531760435571382e-01,-3.270000000000000129e-01,0.000000000000000000e+00
4.562558983666061829e-01,-3.270000000000000129e-01,0.000000000000000000e+00
4.587586206896551722e-01,-3.270000000000000129e-01,0.000000000000000000e+00
4.612613430127041614e-01,-3.270000000000000129e-01,0.000000000000000000e+00
4.637640653357532061e-01,-3.270000000000000129e-01,0.000000000000000000e+00
4.662667876588021398e-01,-3.270000000000000129e-01,0.000000000000000000e+00
4.687695099818511846e-01,-3.270000000000000129e-01,0.000000000000000000e+00
4.712722323049002293e-01,-3.270000000000000129e-01,0.000000000000000000e+00
4.737749546279491630e-01,-3.270000000000000129e-01,0.000000000000000000e+00
4.762776769509982078e-01,-3.270000000000000129e-01,0.000000000000000000e+00
4.787803992740471415e-01,-3.270000000000000129e-01,0.000000000000000000e+00
4.812831215970961862e-01,-3.270000000000000129e-01,0.000000000000000000e+00
4.837858439201452310e-01,-3.270000000000000129e-01,0.000000000000000000e+00
4.862885662431941647e-01,-3.270000000000000129e-01,0.000000000000000000e+00
4.887912885662432094e-01,-3.270000000000000129e-01,0.000000000000000000e+00
4.912940108892921431e-01,-3.270000000000000129e-01,0.000000000000000000e+00
4.937967332123411879e-01,-3.270000000000000129e-01,0.000000000000000000e+00
4.962994555353902326e-01,-3.270000000000000129e-01,0.000000000000000000e+00
4.988021778584391663e-01,-3.270000000000000129e-01,0.000000000000000000e+00
5.013049001814882111e-01,-3.270000000000000129e-01,0.000000000000000000e+00
5.038076225045372558e-01,-3.270000000000000129e-01,0.000000000000000000e+00
5.063103448275861895e-01,-3.270000000000000129e-01,0.000000000000000000e+00
5.088130671506352343e-01,-3.270000000000000129e-01,0.000000000000000000e+00
5.113157894736841680e-01,-3.270000000000000129e-01,0.000000000000000000e+00
5.138185117967332127e-01,-3.270000000000000129e-01,0.000000000000000000e+00
5.163212341197822575e-01,-3.270000000000000129e-01,0.000000000000000000e+00
5.188239564428311912e-01,-3.270000000000000129e-01,0.000000000000000000e+00
5.213266787658802359e-01,-3.270000000000000129e-01,0.000000000000000000e+00
5.238294010889291696e-01,-3.270000000000000129e-01,0.000000000000000000e+00
5.263321234119782144e-01,-3.270000000000000129e-01,0.000000000000000000e+00
5.288348457350272591e-01,-3.270000000000000129e-01,0.000000000000000000e+00
5.313375680580761928e-01,-3.270000000000000129e-01,0.000000000000000000e+00
5.338402903811252376e-01,-3.270000000000000129e-01,0.000000000000000000e+00
5.363430127041742823e-01,-3.270000000000000129e-01,0.000000000000000000e+00
5.388457350272232160e-01,-3.270000000000000129e-01,0.000000000000000000e+00
5.413484573502722608e-01,-3.270000000000000129e-01,0.000000000000000000e+00
5.438511796733211945e-01,-3.270000000000000129e-01,0.000000000000000000e+00
5.463539019963702392e-01,-3.270000000000000129e-01,0.000000000000000000e+00
5.488566243194192840e-01,-3.270000000000000129e-01,0.000000000000000000e+00
5.513593466424682177e-01,-3.270000000000000129e-01,0.000000000000000000e+00
5.538620689655172624e-01,-3.270000000000000129e-01,0.000000000000000000e+00
5.563647912885661961e-01,-3.270000000000000129e-01,0.000000000000000000e+00
5.588675136116152409e-01,-3.270000000000000129e-01,0.000000000000000000e+00
5.613702359346642856e-01,-3.270000000000000129e-01,0.000000000000000000e+00
5.638729582577132193e-01,-3.270000000000000129e-01,0.000000000000000000e+00
5.663756805807622641e-01,-3.270000000000000129e-01,0.000000000000000000e+00
5.688784029038111978e-01,-3.270000000000000129e-01,0.000000000000000000e+00
5.713811252268602425e-01,-3.270000000000000129e-01,0.000000000000000000e+00
5.738838475499092873e-01,-3.270000000000000129e-01,0.000000000000000000e+00
5.763865698729582210e-01,-3.270000000000000129e-01,0.000000000000000000e+00
5.788892921960072657e-01,-3.270000000000000129e-01,0.000000000000000000e+00
5.813920145190563105e-01,-3.270000000000000129e-01,0.000000000000000000e+00
5.838947368421052442e-01,-3.270000000000000129e-01,0.000000000000000000e+00
5.863974591651542889e-01,-3.270000000000000129e-01,0.000000000000000000e+00
5.889001814882032226e-01,-3.270000000000000129e-01,0.000000000000000000e+00
5.914029038112522674e-01,-3.270000000000000129e-01,0.000000000000000000e+00
5.939056261343013121e-01,-3.270000000000000129e-01,0.000000000000000000e+00
5.964083484573502458e-01,-3.270000000000000129e-01,0.000000000000000000e+00
5.989110707803992906e-01,-3.270000000000000129e-01,0.000000000000000000e+00
6.014137931034482243e-01,-3.270000000000000129e-01,0.000000000000000000e+00
6.039165154264972690e-01,-3.270000000000000129e-01,0.000000000000000000e+00
6.064192377495463138e-01,-3.270000000000000129e-01,0.000000000000000000e+00
6.089219600725952475e-01,-3.270000000000000129e-01,0.000000000000000000e+00
6.114246823956442922e-01,-3.270000000000000129e-01,0.000000000000000000e+00
6.139274047186933370e-01,-3.270000000000000129e-01,0.000000000000000000e+00
6.164301270417422707e-01,-3.270000000000000129e-01,0.000000000000000000e+00
6.189328493647913154e-01,-3.270000000000000129e-01,0.000000000000000000e+00
6.214355716878402491e-01,-3.270000000000000129e-01,0.000000000000000000e+00
6.239382940108892939e-01,-3.270000000000000129e-01,0.000000000000000000e+00
6.264410163339383386e-01,-3.270000000000000129e-01,0.000000000000000000e+00
6.289437386569872723e-01,-3.270000000000000129e-01,0.000000000000000000e+00
6.314464609800363171e-01,-3.270000000000000129e-01,0.000000000000000000e+00
6.339491833030852508e-01,-3.270000000000000129e-01,0.000000000000000000e+00
6.364519056261342955e-01,-3.270000000000000129e-01,0.000000000000000000e+00
6.389546279491833403e-01,-3.270000000000000129e-01,0.000000000000000000e+00
6.414573502722322740e-01,-3.270000000000000129e-01,0.000000000000000000e+00
6.439600725952813187e-01,-3.270000000000000129e-01,0.000000000000000000e+00
6.464627949183303635e-01,-3.270000000000000129e-01,0.000000000000000000e+00
6.489655172413792972e-01,-3.270000000000000129e-01,0.000000000000000000e+00
6.514682395644283419e-01,-3.270000000000000129e-01,0.000000000000000000e+00
6.539709618874772756e-01,-3.270000000000000129e-01,0.000000000000000000e+00
6.564736842105263204e-01,-3.270000000000000129e-01,0.000000000000000000e+00
6.589764065335753651e-01,-3.270000000000000129e-01,0.000000000000000000e+00
6.614791288566242988e-01,-3.270000000000000129e-01,0.000000000000000000e+00
6.639818511796733436e-01,-3.270000000000000129e-01,0.000000000000000000e+00
6.664845735027222773e-01,-3.270000000000000129e-01,0.000000000000000000e+00
6.689872958257713220e-01,-3.270000000000000129e-01,0.000000000000000000e+00
6.714900181488203668e-01,-3.270000000000000129e-01,0.000000000000000000e+00
6.739927404718693005e-01,-3.270000000000000129e-01,0.000000000000000000e+00
6.764954627949183452e-01,-3.270000000000000129e-01,0.000000000000000000e+00
6.789981851179672789e-01,-3.270000000000000129e-01,0.000000000000000000e+00
6.815009074410163237e-01,-3.270000000000000129e-01,0.000000000000000000e+00
6.840036297640653684e-01,-3.270000000000000129e-01,0.000000000000000000e+00
6.865063520871143021e-01,-3.270000000000000129e-01,0.000000000000000000e+00
6.890090744101633469e-01,-3.270000000000000129e-01,0.000000000000000000e+00
6.915117967332123916e-01,-3.270000000000000129e-01,0.000000000000000000e+00
6.940145190562613253e-01,-3.270000000000000129e-01,0.000000000000000000e+00
6.965172413793103701e-01,-3.270000000000000129e-01,0.000000000000000000e+00
6.990199637023593038e-01,-3.270000000000000129e-01,0.000000000000000000e+00
7.015226860254083485e-01,-3.270000000000000129e-01,0.000000000000000000e+00
7.040254083484573933e-01,-3.270000000000000129e-01,0.000000000000000000e+00
7.065281306715063270e-01,-3.270000000000000129e-01,0.000000000000000000e+00
7.090308529945553717e-01,-3.270000000000000129e-01,0.000000000000000000e+00
7.115335753176043054e-01,-3.270000000000000129e-01,0.000000000000000000e+00
7.140362976406533502e-01,-3.270000000000000129e-01,0.000000000000000000e+00
7.165390199637023949e-01,-3.270000000000000129e-01,0.000000000000000000e+00
7.190417422867513286e-01,-3.270000000000000129e-01,0.000000000000000000e+00
7.215444646098003734e-01,-3.270000000000000129e-01,0.000000000000000000e+00
7.240471869328493071e-01,-3.270000000000000129e-01,0.000000000000000000e+00
7.265499092558983518e-01,-3.270000000000000129e-01,0.000000000000000000e+00
7.290526315789472855e-01,-3.270000000000000129e-01,0.000000000000000000e+00
7.315553539019963303e-01,-3.270000000000000129e-01,0.000000000000000000e+00
7.340580762250453750e-01,-3.270000000000000129e-01,0.000000000000000000e+00
7.365607985480943087e-01,-3.270000000000000129e-01,0.000000000000000000e+00
7.390635208711433535e-01,-3.270000000000000129e-01,0.000000000000000000e+00
7.415662431941923982e-01,-3.270000000000000129e-01,0.000000000000000000e+00
7.440689655172413319e-01,-3.270000000000000129e-01,0.000000000000000000e+00
7.465716878402903767e-01,-3.270000000000000129e-01,0.000000000000000000e+00
7.490744101633393104e-01,-3.270000000000000129e-01,0.000000000000000000e+00
7.515771324863883551e-01,-3.270000000000000129e-01,0.000000000000000000e+00
7.540798548094373999e-01,-3.270000000000000129e-01,0.000000000000000000e+00
7.565825771324863336e-01,-3.270000000000000129e-01,0.000000000000000000e+00
7.590852994555353783e-01,-3.270000000000000129e-01,0.000000000000000000e+00
7.615880217785843120e-01,-3.270000000000000129e-01,0.000000000000000000e+00
7.640907441016333568e-01,-3.270000000000000129e-01,0.000000000000000000e+00
7.665934664246824015e-01,-3.270000000000000129e-01,0.000000000000000000e+00
7.690961887477313352e-01,-3.270000000000000129e-01,0.000000000000000000e+00
7.715989110707803800e-01,-3.270000000000000129e-01,0.000000000000000000e+00
7.741016333938294247e-01,-3.270000000000000129e-01,0.000000000000000000e+00
7.766043557168783584e-01,-3.270000000000000129e-01,0.000000000000000000e+00
7.791070780399274032e-01,-3.270000000000000129e-01,0.000000000000000000e+00
7.816098003629763369e-01,-3.270000000000000129e-01,0.000000000000000000e+00
7.841125226860253816e-01,-3.270000000000000129e-01,0.000000000000000000e+00
7.866152450090744264e-01,-3.270000000000000129e-01,0.000000000000000000e+00
7.891179673321233601e-01,-3.270000000000000129e-01,0.000000000000000000e+00
7.916206896551724048e-01,-3.270000000000000129e-01,0.000000000000000000e+00
7.941234119782213385e-01,-3.270000000000000129e-01,0.000000000000000000e+00
7.966261343012703833e-01,-3.270000000000000129e-01,0.000000000000000000e+00
7.991288566243194280e-01,-3.270000000000000129e-01,0.000000000000000000e+00
8.016315789473683617e-01,-3.270000000000000129e-01,0.000000000000000000e+00
8.041343012704174065e-01,-3.270000000000000129e-01,0.000000000000000000e+00
8.066370235934664512e-01,-3.270000000000000129e-01,0.000000000000000000e+00
8.091397459165153849e-01,-3.270000000000000129e-01,0.000000000000000000e+00
8.116424682395644297e-01,-3.270000000000000129e-01,0.000000000000000000e+00
8.141451905626133634e-01,-3.270000000000000129e-01,0.000000000000000000e+00
8.166479128856624081e-01,-3.270000000000000129e-01,0.000000000000000000e+00
8.191506352087114529e-01,-3.270000000000000129e-01,0.000000000000000000e+00
8.216533575317603866e-01,-3.270000000000000129e-01,0.000000000000000000e+00
8.241560798548094313e-01,-3.270000000000000129e-01,0.000000000000000000e+00
8.266588021778583650e-01,-3.270000000000000129e-01,0.000000000000000000e+00
8.291615245009074098e-01,-3.270000000000000129e-01,0.000000000000000000e+00
8.316642468239564545e-01,-3.270000000000000129e-01,0.000000000000000000e+00
8.341669691470053882e-01,-3.270000000000000129e-01,0.000000000000000000e+00
8.366696914700544330e-01,-3.270000000000000129e-01,0.000000000000000000e+00
8.391724137931033667e-01,-3.270000000000000129e-01,0.000000000000000000e+00
8.416751361161524114e-01,-3.270000000000000129e-01,0.000000000000000000e+00
8.441778584392014562e-01,-3.270000000000000129e-01,0.000000000000000000e+00
8.466805807622503899e-01,-3.270000000000000129e-01,0.000000000000000000e+00
8.491833030852994346e-01,-3.270000000000000129e-01,0.000000000000000000e+00
8.516860254083484794e-01,-3.270000000000000129e-01,0.000000000000000000e+00
8.541887477313974131e-01,-3.270000000000000129e-01,0.000000000000000000e+00
8.566914700544464578e-01,-3.270000000000000129e-01,0.000000000000000000e+00
8.591941923774953915e-01,-3.270000000000000129e-01,0.000000000000000000e+00
8.616969147005444363e-01,-3.270000000000000129e-01,0.000000000000000000e+00
8.641996370235934810e-01,-3.270000000000000129e-01,0.000000000000000000e+00
8.667023593466424147e-01,-3.270000000000000129e-01,0.000000000000000000e+00
8.692050816696914595e-01,-3.270000000000000129e-01,0.000000000000000000e+00
8.717078039927403932e-01,-3.270000000000000129e-01,0.000000000000000000e+00
8.742105263157894379e-01,-3.270000000000000129e-01,0.000000000000000000e+00
8.767132486388384827e-01,-3.270000000000000129e-01,0.000000000000000000e+00
8.792159709618874164e-01,-3.270000000000000129e-01,0.000000000000000000e+00
8.817186932849364611e-01,-3.270000000000000129e-01,0.000000000000000000e+00
8.842214156079855059e-01,-3.270000000000000129e-01,0.000000000000000000e+00
8.867241379310344396e-01,-3.270000000000000129e-01,0.000000000000000000e+00
8.892268602540834843e-01,-3.270000000000000129e-01,0.000000000000000000e+00
8.917295825771324180e-01,-3.270000000000000129e-01,0.000000000000000000e+00
8.942323049001814628e-01,-3.270000000000000129e-01,0.000000000000000000e+00
8.967350272232305075e-01,-3.270000000000000129e-01,0.000000000000000000e+00
8.992377495462794412e-01,-3.270000000000000129e-01,0.000000000000000000e+00
9.017404718693284860e-01,-3.270000000000000129e-01,0.000000000000000000e+00
9.042431941923774197e-01,-3.270000000000000129e-01,0.000000000000000000e+00
9.067459165154264644e-01,-3.270000000000000129e-01,0.000000000000000000e+00
9.092486388384755092e-01,-3.270000000000000129e-01,0.000000000000000000e+00
9.117513611615244429e-01,-3.270000000000000129e-01,0.000000000000000000e+00
9.142540834845734876e-01,-3.270000000000000129e-01,0.000000000000000000e+00
9.167568058076224213e-01,-3.270000000000000129e-01,0.000000000000000000e+00
9.192595281306714661e-01,-3.270000000000000129e-01,0.000000000000000000e+00
9.217622504537205108e-01,-3.270000000000000129e-01,0.000000000000000000e+00
9.242649727767694445e-01,-3.270000000000000129e-01,0.000000000000000000e+00
9.267676950998184893e-01,-3.270000000000000129e-01,0.000000000000000000e+00
9.292704174228675340e-01,-3.270000000000000129e-01,0.000000000000000000e+00
9.317731397459164677e-01,-3.270000000000000129e-01,0.000000000000000000e+00
9.342758620689655125e-01,-3.270000000000000129e-01,0.000000000000000000e+00
9.367785843920144462e-01,-3.270000000000000129e-01,0.000000000000000000e+00
9.392813067150634909e-01,-3.270000000000000129e-01,0.000000000000000000e+00
9.417840290381125357e-01,-3.270000000000000129e-01,0.000000000000000000e+00
9.442867513611614694e-01,-3.270000000000000129e-01,0.000000000000000000e+00
9.467894736842105141e-01,-3.270000000000000129e-01,0.000000000000000000e+00
9.492921960072594478e-01,-3.270000000000000129e-01,0.000000000000000000e+00
9.517949183303084926e-01,-3.270000000000000129e-01,0.000000000000000000e+00
9.542976406533575373e-01,-3.270000000000000129e-01,0.000000000000000000e+00
9.568003629764064710e-01,-3.270000000000000129e-01,0.000000000000000000e+00
9.593030852994555158e-01,-3.270000000000000129e-01,0.000000000000000000e+00
9.618058076225045605e-01,-3.270000000000000129e-01,0.000000000000000000e+00
9.643085299455534942e-01,-3.270000000000000129e-01,0.000000000000000000e+00
9.668112522686025390e-01,-3.270000000000000129e-01,0.000000000000000000e+00
9.693139745916514727e-01,-3.270000000000000129e-01,0.000000000000000000e+00
9.718166969147005174e-01,-3.270000000000000129e-01,0.000000000000000000e+00
9.743194192377495622e-01,-3.270000000000000129e-01,0.000000000000000000e+00
9.768221415607984959e-01,-3.270000000000000129e-01,0.000000000000000000e+00
9.793248638838475406e-01,-3.270000000000000129e-01,0.000000000000000000e+00
9.818275862068964743e-01,-3.270000000000000129e-01,0.000000000000000000e+00
9.843303085299455191e-01,-3.270000000000000129e-01,0.000000000000000000e+00
9.868330308529945638e-01,-3.270000000000000129e-01,0.000000000000000000e+00
9.893357531760434975e-01,-3.270000000000000129e-01,0.000000000000000000e+00
9.918384754990925423e-01,-3.270000000000000129e-01,0.000000000000000000e+00
9.943411978221415870e-01,-3.270000000000000129e-01,0.000000000000000000e+00
9.968439201451905207e-01,-3.270000000000000129e-01,0.000000000000000000e+00
9.993466424682395655e-01,-3.270000000000000129e-01,0.000000000000000000e+00
1.001849364791288499e+00,-3.270000000000000129e-01,0.000000000000000000e+00
1.004352087114337655e+00,-3.270000000000000129e-01,0.000000000000000000e+00
1.006854809437386589e+00,-3.270000000000000129e-01,0.000000000000000000e+00
1.009357531760435522e+00,-3.270000000000000129e-01,0.000000000000000000e+00
1.011860254083484678e+00,-3.270000000000000129e-01,0.000000000000000000e+00
1.014362976406533612e+00,-3.270000000000000129e-01,0.000000000000000000e+00
1.016865698729582546e+00,-3.270000000000000129e-01,0.000000000000000000e+00
1.019368421052631701e+00,-3.270000000000000129e-01,0.000000000000000000e+00
1.021871143375680635e+00,-3.270000000000000129e-01,0.000000000000000000e+00
1.024373865698729569e+00,-3.270000000000000129e-01,0.000000000000000000e+00
1.026876588021778502e+00,-3.270000000000000129e-01,0.000000000000000000e+00
1.029379310344827658e+00,-3.270000000000000129e-01,0.000000000000000000e+00
1.031882032667876592e+00,-3.270000000000000129e-01,0.000000000000000000e+00
1.034384754990925526e+00,-3.270000000000000129e-01,0.000000000000000000e+00
1.036887477313974681e+00,-3.270000000000000129e-01,0.000000000000000000e+00
1.039390199637023615e+00,-3.270000000000000129e-01,0.000000000000000000e+00
1.041892921960072549e+00,-3.270000000000000129e-01,0.000000000000000000e+00
1.044395644283121705e+00,-3.270000000000000129e-01,0.000000000000000000e+00
1.046898366606170638e+00,-3.270000000000000129e-01,0.000000000000000000e+00
1.049401088929219572e+00,-3.270000000000000129e-01,0.000000000000000000e+00
1.051903811252268728e+00,-3.270000000000000129e-01,0.000000000000000000e+00
1.054406533575317662e+00,-3.270000000000000129e-01,0.000000000000000000e+00
1.056909255898366595e+00,-3.270000000000000129e-01,0.000000000000000000e+00
1.059411978221415529e+00,-3.270000000000000129e-01,0.000000000000000000e+00
1.061914700544464685e+00,-3.270000000000000129e-01,0.000000000000000000e+00
1.064417422867513618e+00,-3.270000000000000129e-01,0.000000000000000000e+00
1.066920145190562552e+00,-3.270000000000000129e-01,0.000000000000000000e+00
1.069422867513611708e+00,-3.270000000000000129e-01,0.000000000000000000e+00
1.071925589836660642e+00,-3.270000000000000129e-01,0.000000000000000000e+00
1.074428312159709575e+00,-3.270000000000000129e-01,0.000000000000000000e+00
1.076931034482758731e+00,-3.270000000000000129e-01,0.000000000000000000e+00
1.079433756805807665e+00,-3.270000000000000129e-01,0.000000000000000000e+00
1.081936479128856599e+00,-3.270000000000000129e-01,0.000000000000000000e+00
1.084439201451905754e+00,-3.270000000000000129e-01,0.000000000000000000e+00
1.086941923774954688e+00,-3.270000000000000129e-01,0.000000000000000000e+00
1.089444646098003622e+00,-3.270000000000000129e-01,0.000000000000000000e+00
1.091947368421052555e+00,-3.270000000000000129e-01,0.000000000000000000e+00
1.094450090744101711e+00,-3.270000000000000129e-01,0.000000000000000000e+00
1.096952813067150645e+00,-3.270000000000000129e-01,0.000000000000000000e+00
1.099455535390199579e+00,-3.270000000000000129e-01,0.000000000000000000e+00
1.101958257713248734e+00,-3.270000000000000129e-01,0.000000000000000000e+00
1.104460980036297668e+00,-3.270000000000000129e-01,0.000000000000000000e+00
1.106963702359346602e+00,-3.270000000000000129e-01,0.000000000000000000e+00
1.109466424682395758e+00,-3.270000000000000129e-01,0.000000000000000000e+00
1.111969147005444691e+00,-3.270000000000000129e-01,0.000000000000000000e+00
1.114471869328493625e+00,-3.270000000000000129e-01,0.000000000000000000e+00
1.116974591651542781e+00,-3.270000000000000129e-01,0.000000000000000000e+00
1.119477313974591715e+00,-3.270000000000000129e-01,0.000000000000000000e+00
1.121980036297640648e+00,-3.270000000000000129e-01,0.000000000000000000e+00
1.124482758620689582e+00,-3.270000000000000129e-01,0.000000000000000000e+00
1.126985480943738738e+00,-3.270000000000000129e-01,0.000000000000000000e+00
1.129488203266787671e+00,-3.270000000000000129e-01,0.000000000000000000e+00
1.131990925589836605e+00,-3.270000000000000129e-01,0.000000000000000000e+00
1.134493647912885761e+00,-3.270000000000000129e-01,0.000000000000000000e+00
1.136996370235934695e+00,-3.270000000000000129e-01,0.000000000000000000e+00
1.139499092558983628e+00,-3.270000000000000129e-01,0.000000000000000000e+00
1.142001814882032784e+00,-3.270000000000000129e-01,0.000000000000000000e+00
1.144504537205081718e+00,-3.270000000000000129e-01,0.000000000000000000e+00
1.147007259528130652e+00,-3.270000000000000129e-01,0.000000000000000000e+00
1.149509981851179807e+00,-3.270000000000000129e-01,0.000000000000000000e+00
1.152012704174228741e+00,-3.270000000000000129e-01,0.000000000000000000e+00
1.154515426497277675e+00,-3.270000000000000129e-01,0.000000000000000000e+00
1.157018148820326608e+00,-3.270000000000000129e-01,0.000000000000000000e+00
1.159520871143375764e+00,-3.270000000000000129e-01,0.000000000000000000e+00
1.162023593466424698e+00,-3.270000000000000129e-01,0.000000000000000000e+00
1.164526315789473632e+00,-3.270000000000000129e-01,0.000000000000000000e+00
1.167029038112522787e+00,-3.270000000000000129e-01,0.000000000000000000e+00
1.169531760435571721e+00,-3.270000000000000129e-01,0.000000000000000000e+00
1.172034482758620655e+00,-3.270000000000000129e-01,0.000000000000000000e+00
1.174537205081669811e+00,-3.270000000000000129e-01,0.000000000000000000e+00
1.177039927404718744e+00,-3.270000000000000129e-01,0.000000000000000000e+00
1.179542649727767678e+00,-3.270000000000000129e-01,0.000000000000000000e+00
1.182045372050816834e+00,-3.270000000000000129e-01,0.000000000000000000e+00
1.184548094373865768e+00,-3.270000000000000129e-01,0.000000000000000000e+00
1.187050816696914701e+00,-3.270000000000000129e-01,0.000000000000000000e+00
1.189553539019963635e+00,-3.270000000000000129e-01,0.000000000000000000e+00
1.192056261343012791e+00,-3.270000000000000129e-01,0.000000000000000000e+00
1.194558983666061724e+00,-3.270000000000000129e-01,0.000000000000000000e+00
1.197061705989110658e+00,-3.270000000000000129e-01,0.000000000000000000e+00
1.199564428312159814e+00,-3.270000000000000129e-01,0.000000000000000000e+00
1.202067150635208748e+00,-3.270000000000000129e-01,0.000000000000000000e+00
1.204569872958257681e+00,-3.270000000000000129e-01,0.000000000000000000e+00
1.207072595281306837e+00,-3.270000000000000129e-01,0.000000000000000000e+00
1.209575317604355771e+00,-3.270000000000000129e-01,0.000000000000000000e+00
1.212078039927404705e+00,-3.270000000000000129e-01,0.000000000000000000e+00
1.214580762250453638e+00,-3.270000000000000129e-01,0.000000000000000000e+00
1.217083484573502794e+00,-3.270000000000000129e-01,0.000000000000000000e+00
1.219586206896551728e+00,-3.270000000000000129e-01,0.000000000000000000e+00
1.222088929219600884e+00,-3.270000000000000129e-01,0.000000000000000000e+00
1.224591651542649817e+00,-3.270000000000000129e-01,0.000000000000000000e+00
1.227094373865698751e+00,-3.270000000000000129e-01,0.000000000000000000e+00
1.229597096188747907e+00,-3.270000000000000129e-01,0.000000000000000000e+00
1.232099818511796840e+00,-3.270000000000000129e-01,0.000000000000000000e+00
1.234602540834845774e+00,-3.270000000000000129e-01,0.000000000000000000e+00
1.237105263157894708e+00,-3.270000000000000129e-01,0.000000000000000000e+00
1.239607985480943864e+00,-3.270000000000000129e-01,0.000000000000000000e+00
1.242110707803992797e+00,-3.270000000000000129e-01,0.000000000000000000e+00
1.244613430127041731e+00,-3.270000000000000129e-01,0.000000000000000000e+00
1.247116152450090887e+00,-3.270000000000000129e-01,0.000000000000000000e+00
1.249618874773139821e+00,-3.270000000000000129e-01,0.000000000000000000e+00
1.252121597096188754e+00,-3.270000000000000129e-01,0.000000000000000000e+00
1.254624319419237910e+00,-3.270000000000000129e-01,0.000000000000000000e+00
1.257127041742286844e+00,-3.270000000000000129e-01,0.000000000000000000e+00
1.259629764065335777e+00,-3.270000000000000129e-01,0.000000000000000000e+00
1.262132486388384933e+00,-3.270000000000000129e-01,0.000000000000000000e+00
1.264635208711433867e+00,-3.270000000000000129e-01,0.000000000000000000e+00
1.267137931034482801e+00,-3.270000000000000129e-01,0.000000000000000000e+00
1.269640653357531734e+00,-3.270000000000000129e-01,0.000000000000000000e+00
1.272143375680580890e+00,-3.270000000000000129e-01,0.000000000000000000e+00
1.274646098003629824e+00,-3.270000000000000129e-01,0.000000000000000000e+00
1.277148820326678758e+00,-3.270000000000000129e-01,0.000000000000000000e+00
1.279651542649727913e+00,-3.270000000000000129e-01,0.000000000000000000e+00
1.282154264972776847e+00,-3.270000000000000129e-01,0.000000000000000000e+00
1.284656987295825781e+00,-3.270000000000000129e-01,0.000000000000000000e+00
1.287159709618874937e+00,-3.270000000000000129e-01,0.000000000000000000e+00
1.289662431941923870e+00,-3.270000000000000129e-01,0.000000000000000000e+00
1.292165154264972804e+00,-3.270000000000000129e-01,0.000000000000000000e+00
1.294667876588021960e+00,-3.270000000000000129e-01,0.000000000000000000e+00
1.297170598911070893e+00,-3.270000000000000129e-01,0.000000000000000000e+00
1.299673321234119827e+00,-3.270000000000000129e-01,0.000000000000000000e+00
1.302176043557168761e+00,-3.270000000000000129e-01,0.000000000000000000e+00
1.304678765880217917e+00,-3.270000000000000129e-01,0.000000000000000000e+00
1.307181488203266850e+00,-3.270000000000000129e-01,0.000000000000000000e+00
1.309684210526315784e+00,-3.270000000000000129e-01,0.000000000000000000e+00
1.312186932849364940e+00,-3.270000000000000129e-01,0.000000000000000000e+00
1.314689655172413874e+00,-3.270000000000000129e-01,0.000000000000000000e+00
1.317192377495462807e+00,-3.270000000000000129e-01,0.000000000000000000e+00
1.319695099818511963e+00,-3.270000000000000129e-01,0.000000000000000000e+00
1.322197822141560897e+00,-3.270000000000000129e-01,0.000000000000000000e+00
1.324700544464609830e+00,-3.270000000000000129e-01,0.000000000000000000e+00
1.327203266787658986e+00,-3.270000000000000129e-01,0.000000000000000000e+00
1.329705989110707920e+00,-3.270000000000000129e-01,0.000000000000000000e+00
1.332208711433756854e+00,-3.270000000000000129e-01,0.000000000000000000e+00
1.334711433756805787e+00,-3.270000000000000129e-01,0.000000000000000000e+00
1.337214156079854943e+00,-3.270000000000000129e-01,0.000000000000000000e+00
1.339716878402903877e+00,-3.270000000000000129e-01,0.000000000000000000e+00
1.342219600725952811e+00,-3.270000000000000129e-01,0.000000000000000000e+00
1.344722323049001966e+00,-3.270000000000000129e-01,0.000000000000000000e+00
1.347225045372050900e+00,-3.270000000000000129e-01,0.000000000000000000e+00
1.349727767695099834e+00,-3.270000000000000129e-01,0.000000000000000000e+00
1.352230490018148990e+00,-3.270000000000000129e-01,0.000000000000000000e+00
1.354733212341197923e+00,-3.270000000000000129e-01,0.000000000000000000e+00
1.357235934664246857e+00,-3.270000000000000129e-01,0.000000000000000000e+00
1.359738656987296013e+00,-3.270000000000000129e-01,0.000000000000000000e+00
1.362241379310344946e+00,-3.270000000000000129e-01,0.000000000000000000e+00
1.364744101633393880e+00,-3.270000000000000129e-01,0.000000000000000000e+00
1.367246823956442814e+00,-3.270000000000000129e-01,0.000000000000000000e+00
1.369749546279491970e+00,-3.270000000000000129e-01,0.000000000000000000e+00
1.372252268602540903e+00,-3.270000000000000129e-01,0.000000000000000000e+00
1.374754990925589837e+00,-3.270000000000000129e-01,0.000000000000000000e+00
1.377257713248638993e+00,-3.270000000000000129e-01,0.000000000000000000e+00
1.379760435571687927e+00,-3.270000000000000129e-01,0.000000000000000000e+00
1.382263157894736860e+00,-3.270000000000000129e-01,0.000000000000000000e+00
1.384765880217786016e+00,-3.270000000000000129e-01,0.000000000000000000e+00
1.387268602540834950e+00,-3.270000000000000129e-01,0.000000000000000000e+00
1.389771324863883883e+00,-3.270000000000000129e-01,0.000000000000000000e+00
1.392274047186933039e+00,-3.270000000000000129e-01,0.000000000000000000e+00
1.394776769509981973e+00,-3.270000000000000129e-01,0.000000000000000000e+00
1.397279491833030907e+00,-3.270000000000000129e-01,0.000000000000000000e+00
1.399782214156079840e+00,-3.270000000000000129e-01,0.000000000000000000e+00
1.402284936479128996e+00,-3.270000000000000129e-01,0.000000000000000000e+00
1.404787658802177930e+00,-3.270000000000000129e-01,0.000000000000000000e+00
1.407290381125226864e+00,-3.270000000000000129e-01,0.000000000000000000e+00
1.409793103448276019e+00,-3.270000000000000129e-01,0.000000000000000000e+00
1.412295825771324953e+00,-3.270000000000000129e-01,0.000000000000000000e+00
1.414798548094373887e+00,-3.270000000000000129e-01,0.000000000000000000e+00
1.417301270417423043e+00,-3.270000000000000129e-01,0.000000000000000000e+00
1.419803992740471976e+00,-3.270000000000000129e-01,0.000000000000000000e+00
1.422306715063520910e+00,-3.270000000000000129e-01,0.000000000000000000e+00
1.424809437386569844e+00,-3.270000000000000129e-01,0.000000000000000000e+00
1.427312159709618999e+00,-3.270000000000000129e-01,0.000000000000000000e+00
1.429814882032667933e+00,-3.270000000000000129e-01,0.000000000000000000e+00
1.432317604355716867e+00,-3.270000000000000129e-01,0.000000000000000000e+00
1.434820326678766023e+00,-3.270000000000000129e-01,0.000000000000000000e+00
1.437323049001814956e+00,-3.270000000000000129e-01,0.000000000000000000e+00
1.439825771324863890e+00,-3.270000000000000129e-01,0.000000000000000000e+00
1.442328493647913046e+00,-3.270000000000000129e-01,0.000000000000000000e+00
1.444831215970961980e+00,-3.270000000000000129e-01,0.000000000000000000e+00
1.447333938294010913e+00,-3.270000000000000129e-01,0.000000000000000000e+00
1.449836660617060069e+00,-3.270000000000000129e-01,0.000000000000000000e+00
1.452339382940109003e+00,-3.270000000000000129e-01,0.000000000000000000e+00
1.454842105263157936e+00,-3.270000000000000129e-01,0.000000000000000000e+00
1.457344827586206870e+00,-3.270000000000000129e-01,0.000000000000000000e+00
1.459847549909256026e+00,-3.270000000000000129e-01,0.000000000000000000e+00
1.462350272232304960e+00,-3.270000000000000129e-01,0.000000000000000000e+00
1.464852994555353893e+00,-3.270000000000000129e-01,0.000000000000000000e+00
1.467355716878403049e+00,-3.270000000000000129e-01,0.000000000000000000e+00
1.469858439201451983e+00,-3.270000000000000129e-01,0.000000000000000000e+00
1.472361161524500917e+00,-3.270000000000000129e-01,0.000000000000000000e+00
1.474863883847550072e+00,-3.270000000000000129e-01,0.000000000000000000e+00
1.477366606170599006e+00,-3.270000000000000129e-01,0.000000000000000000e+00
1.479869328493647940e+00,-3.270000000000000129e-01,0.000000000000000000e+00
1.482372050816697095e+00,-3.270000000000000129e-01,0.000000000000000000e+00
1.484874773139746029e+00,-3.270000000000000129e-01,0.000000000000000000e+00
1.487377495462794963e+00,-3.270000000000000129e-01,0.000000000000000000e+00
1.489880217785843897e+00,-3.270000000000000129e-01,0.000000000000000000e+00
1.492382940108893052e+00,-3.270000000000000129e-01,0.000000000000000000e+00
1.494885662431941986e+00,-3.270000000000000129e-01,0.000000000000000000e+00
1.497388384754990920e+00,-3.270000000000000129e-01,0.000000000000000000e+00
1.499891107078040076e+00,-3.270000000000000129e-01,0.000000000000000000e+00
1.502393829401089009e+00,-3.270000000000000129e-01,0.000000000000000000e+00
1.504896551724137943e+00,-3.270000000000000129e-01,0.000000000000000000e+00
1.507399274047187099e+00,-3.270000000000000129e-01,0.000000000000000000e+00
1.509901996370236033e+00,-3.270000000000000129e-01,0.000000000000000000e+00
1.512404718693284966e+00,-3.270000000000000129e-01,0.000000000000000000e+00
1.514907441016334122e+00,-3.270000000000000129e-01,0.000000000000000000e+00
1.517410163339383056e+00,-3.270000000000000129e-01,0.000000000000000000e+00
1.519912885662431989e+00,-3.270000000000000129e-01,0.000000000000000000e+00
1.522415607985480923e+00,-3.270000000000000129e-01,0.000000000000000000e+00
1.524918330308530079e+00,-3.270000000000000129e-01,0.000000000000000000e+00
1.527421052631579013e+00,-3.270000000000000129e-01,0.000000000000000000e+00
1.529923774954627946e+00,-3.270000000000000129e-01,0.000000000000000000e+00
1.532426497277677102e+00,-3.270000000000000129e-01,0.000000000000000000e+00
1.534929219600726036e+00,-3.270000000000000129e-01,0.000000000000000000e+00
1.537431941923774970e+00,-3.270000000000000129e-01,0.000000000000000000e+00
1.539934664246824125e+00,-3.270000000000000129e-01,0.000000000000000000e+00
1.542437386569873059e+00,-3.270000000000000129e-01,0.000000000000000000e+00
1.544940108892921993e+00,-3.270000000000000129e-01,0.000000000000000000e+00
1.547442831215971148e+00,-3.270000000000000129e-01,0.000000000000000000e+00
1.549945553539020082e+00,-3.270000000000000129e-01,0.000000000000000000e+00
1.552448275862069016e+00,-3.270000000000000129e-01,0.000000000000000000e+00
1.554950998185117950e+00,-3.270000000000000129e-01,0.000000000000000000e+00
1.557453720508167105e+00,-3.270000000000000129e-01,0.000000000000000000e+00
1.559956442831216039e+00,-3.270000000000000129e-01,0.000000000000000000e+00
1.562459165154264973e+00,-3.270000000000000129e-01,0.000000000000000000e+00
1.564961887477314129e+00,-3.270000000000000129e-01,0.000000000000000000e+00
1.567464609800363062e+00,-3.270000000000000129e-01,0.000000000000000000e+00
1.569967332123411996e+00,-3.270000000000000129e-01,0.000000000000000000e+00
1.572470054446461152e+00,-3.270000000000000129e-01,0.000000000000000000e+00
1.574972776769510086e+00,-3.270000000000000129e-01,0.000000000000000000e+00
1.577475499092559019e+00,-3.270000000000000129e-01,0.000000000000000000e+00
1.579978221415608175e+00,-3.270000000000000129e-01,0.000000000000000000e+00
1.582480943738657109e+00,-3.270000000000000129e-01,0.000000000000000000e+00
1.584983666061706042e+00,-3.270000000000000129e-01,0.000000000000000000e+00
1.587486388384754976e+00,-3.270000000000000129e-01,0.000000000000000000e+00
1.589989110707804132e+00,-3.270000000000000129e-01,0.000000000000000000e+00
1.592491833030853066e+00,-3.270000000000000129e-01,0.000000000000000000e+00
1.594994555353901999e+00,-3.270000000000000129e-01,0.000000000000000000e+00
1.597497277676951155e+00,-3.270000000000000129e-01,0.000000000000000000e+00
