-1.600000000000000089e+00,-1.829999999999999960e-01,0.000000000000000000e+00
-1.597496350364963513e+00,-1.829999999999999960e-01,0.000000000000000000e+00
-1.594992700729927160e+00,-1.829999999999999960e-01,0.000000000000000000e+00
-1.592489051094890584e+00,-1.829999999999999960e-01,0.000000000000000000e+00
-1.589985401459854009e+00,-1.829999999999999960e-01,0.000000000000000000e+00
-1.587481751824817655e+00,-1.829999999999999960e-01,0.000000000000000000e+00
-1.584978102189781080e+00,-1.829999999999999960e-01,0.000000000000000000e+00
-1.582474452554744504e+00,-1.829999999999999960e-01,0.000000000000000000e+00
-1.579970802919708150e+00,-1.829999999999999960e-01,0.000000000000000000e+00
-1.577467153284671575e+00,-1.829999999999999960e-01,0.000000000000000000e+00
-1.574963503649635221e+00,-1.829999999999999960e-01,0.000000000000000000e+00
-1.572459854014598646e+00,-1.829999999999999960e-01,0.000000000000000000e+00
-1.569956204379562070e+00,-1.829999999999999960e-01,0.000000000000000000e+00
-1.567452554744525717e+00,-1.829999999999999960e-01,0.000000000000000000e+00
-1.564948905109489141e+00,-1.829999999999999960e-01,0.000000000000000000e+00
-1.562445255474452566e+00,-1.829999999999999960e-01,0.000000000000000000e+00
-1.559941605839416212e+00,-1.829999999999999960e-01,0.000000000000000000e+00
-1.557437956204379637e+00,-1.829999999999999960e-01,0.000000000000000000e+00
-1.554934306569343061e+00,-1.829999999999999960e-01,0.000000000000000000e+00
-1.552430656934306707e+00,-1.829999999999999960e-01,0.000000000000000000e+00
-1.549927007299270132e+00,-1.829999999999999960e-01,0.000000000000000000e+00
-1.547423357664233556e+00,-1.829999999999999960e-01,0.000000000000000000e+00
-1.544919708029197203e+00,-1.829999999999999960e-01,0.000000000000000000e+00
-1.542416058394160627e+00,-1.829999999999999960e-01,0.000000000000000000e+00
-1.539912408759124274e+00,-1.829999999999999960e-01,0.000000000000000000e+00
-1.537408759124087698e+00,-1.829999999999999960e-01,0.000000000000000000e+00
-1.534905109489051123e+00,-1.829999999999999960e-01,0.000000000000000000e+00
-1.532401459854014769e+00,-1.829999999999999960e-01,0.000000000000000000e+00
-1.529897810218978194e+00,-1.829999999999999960e-01,0.000000000000000000e+00
-1.527394160583941618e+00,-1.829999999999999960e-01,0.000000000000000000e+00
-1.524890510948905264e+00,-1.829999999999999960e-01,0.000000000000000000e+00
-1.522386861313868689e+00,-1.829999999999999960e-01,0.000000000000000000e+00
-1.519883211678832113e+00,-1.829999999999999960e-01,0.000000000000000000e+00
-1.517379562043795760e+00,-1.829999999999999960e-01,0.000000000000000000e+00
-1.514875912408759184e+00,-1.829999999999999960e-01,0.000000000000000000e+00
-1.512372262773722609e+00,-1.829999999999999960e-01,0.000000000000000000e+00
-1.509868613138686255e+00,-1.829999999999999960e-01,0.000000000000000000e+00
-1.507364963503649680e+00,-1.829999999999999960e-01,0.000000000000000000e+00
-1.504861313868613326e+00,-1.829999999999999960e-01,0.000000000000000000e+00
-1.502357664233576751e+00,-1.829999999999999960e-01,0.000000000000000000e+00
-1.499854014598540175e+00,-1.829999999999999960e-01,0.000000000000000000e+00
-1.497350364963503822e+00,-1.829999999999999960e-01,0.000000000000000000e+00
-1.494846715328467246e+00,-1.829999999999999960e-01,0.000000000000000000e+00
-1.492343065693430670e+00,-1.829999999999999960e-01,0.000000000000000000e+00
-1.489839416058394317e+00,-1.829999999999999960e-01,0.000000000000000000e+00
-1.487335766423357741e+00,-1.829999999999999960e-01,0.000000000000000000e+00
-1.484832116788321166e+00,-1.829999999999999960e-01,0.000000000000000000e+00
-1.482328467153284812e+00,-1.829999999999999960e-01,0.000000000000000000e+00
-1.479824817518248237e+00,-1.829999999999999960e-01,0.000000000000000000e+00
-1.477321167883211661e+00,-1.829999999999999960e-01,0.000000000000000000e+00
-1.474817518248175308e+00,-1.829999999999999960e-01,0.000000000000000000e+00
-1.472313868613138732e+00,-1.829999999999999960e-01,0.000000000000000000e+00
-1.469810218978102156e+00,-1.829999999999999960e-01,0.000000000000000000e+00
-1.467306569343065803e+00,-1.829999999999999960e-01,0.000000000000000000e+00
-1.464802919708029227e+00,-1.829999999999999960e-01,0.000000000000000000e+00
-1.462299270072992652e+00,-1.829999999999999960e-01,0.000000000000000000e+00
-1.459795620437956298e+00,-1.829999999999999960e-01,0.000000000000000000e+00
-1.457291970802919723e+00,-1.829999999999999960e-01,0.000000000000000000e+00
-1.454788321167883369e+00,-1.829999999999999960e-01,0.000000000000000000e+00
-1.452284671532846794e+00,-1.829999999999999960e-01,0.000000000000000000e+00
-1.449781021897810218e+00,-1.829999999999999960e-01,0.000000000000000000e+00
-1.447277372262773865e+00,-1.829999999999999960e-01,0.000000000000000000e+00
-1.444773722627737289e+00,-1.829999999999999960e-01,0.000000000000000000e+00
-1.442270072992700713e+00,-1.829999999999999960e-01,0.000000000000000000e+00
-1.439766423357664360e+00,-1.829999999999999960e-01,0.000000000000000000e+00
-1.437262773722627784e+00,-1.829999999999999960e-01,0.000000000000000000e+00
-1.434759124087591431e+00,-1.829999999999999960e-01,0.000000000000000000e+00
-1.432255474452554855e+00,-1.829999999999999960e-01,0.000000000000000000e+00
-1.429751824817518280e+00,-1.829999999999999960e-01,0.000000000000000000e+00
-1.427248175182481926e+00,-1.829999999999999960e-01,0.000000000000000000e+00
-1.424744525547445351e+00,-1.829999999999999960e-01,0.000000000000000000e+00
-1.422240875912408775e+00,-1.829999999999999960e-01,0.000000000000000000e+00
-1.419737226277372422e+00,-1.829999999999999960e-01,0.000000000000000000e+00
-1.417233576642335846e+00,-1.829999999999999960e-01,0.000000000000000000e+00
-1.414729927007299271e+00,-1.829999999999999960e-01,0.000000000000000000e+00
-1.412226277372262917e+00,-1.829999999999999960e-01,0.000000000000000000e+00
-1.409722627737226341e+00,-1.829999999999999960e-01,0.000000000000000000e+00
-1.407218978102189766e+00,-1.829999999999999960e-01,0.000000000000000000e+00
-1.404715328467153412e+00,-1.829999999999999960e-01,0.000000000000000000e+00
-1.402211678832116837e+00,-1.829999999999999960e-01,0.000000000000000000e+00
-1.399708029197080261e+00,-1.829999999999999960e-01,0.000000000000000000e+00
-1.397204379562043908e+00,-1.829999999999999960e-01,0.000000000000000000e+00
-1.394700729927007332e+00,-1.829999999999999960e-01,0.000000000000000000e+00
-1.392197080291970757e+00,-1.829999999999999960e-01,0.000000000000000000e+00
-1.389693430656934403e+00,-1.829999999999999960e-01,0.000000000000000000e+00
-1.387189781021897828e+00,-1.829999999999999960e-01,0.000000000000000000e+00
-1.384686131386861474e+00,-1.829999999999999960e-01,0.000000000000000000e+00
-1.382182481751824898e+00,-1.829999999999999960e-01,0.000000000000000000e+00
-1.379678832116788323e+00,-1.829999999999999960e-01,0.000000000000000000e+00
-1.377175182481751969e+00,-1.829999999999999960e-01,0.000000000000000000e+00
-1.374671532846715394e+00,-1.829999999999999960e-01,0.000000000000000000e+00
-1.372167883211678818e+00,-1.829999999999999960e-01,0.000000000000000000e+00
-1.369664233576642465e+00,-1.829999999999999960e-01,0.000000000000000000e+00
-1.367160583941605889e+00,-1.829999999999999960e-01,0.000000000000000000e+00
-1.364656934306569314e+00,-1.829999999999999960e-01,0.000000000000000000e+00
-1.362153284671532960e+00,-1.829999999999999960e-01,0.000000000000000000e+00
-1.359649635036496385e+00,-1.829999999999999960e-01,0.000000000000000000e+00
-1.357145985401460031e+00,-1.829999999999999960e-01,0.000000000000000000e+00
-1.354642335766423455e+00,-1.829999999999999960e-01,0.000000000000000000e+00
-1.352138686131386880e+00,-1.829999999999999960e-01,0.000000000000000000e+00
-1.349635036496350526e+00,-1.829999999999999960e-01,0.000000000000000000e+00
-1.347131386861313951e+00,-1.829999999999999960e-01,0.000000000000000000e+00
-1.344627737226277375e+00,-1.829999999999999960e-01,0.000000000000000000e+00
-1.342124087591241022e+00,-1.829999999999999960e-01,0.000000000000000000e+00
-1.339620437956204446e+00,-1.829999999999999960e-01,0.000000000000000000e+00
-1.337116788321167871e+00,-1.829999999999999960e-01,0.000000000000000000e+00
-1.334613138686131517e+00,-1.829999999999999960e-01,0.000000000000000000e+00
-1.332109489051094942e+00,-1.829999999999999960e-01,0.000000000000000000e+00
-1.329605839416058366e+00,-1.829999999999999960e-01,0.000000000000000000e+00
-1.327102189781022012e+00,-1.829999999999999960e-01,0.000000000000000000e+00
-1.324598540145985437e+00,-1.829999999999999960e-01,0.000000000000000000e+00
-1.322094890510948861e+00,-1.829999999999999960e-01,0.000000000000000000e+00
-1.319591240875912508e+00,-1.829999999999999960e-01,0.000000000000000000e+00
-1.317087591240875932e+00,-1.829999999999999960e-01,0.000000000000000000e+00
-1.314583941605839357e+00,-1.829999999999999960e-01,0.000000000000000000e+00
-1.312080291970803003e+00,-1.829999999999999960e-01,0.000000000000000000e+00
-1.309576642335766428e+00,-1.829999999999999960e-01,0.000000000000000000e+00
-1.307072992700729852e+00,-1.829999999999999960e-01,0.000000000000000000e+00
-1.304569343065693499e+00,-1.829999999999999960e-01,0.000000000000000000e+00
-1.302065693430656923e+00,-1.829999999999999960e-01,0.000000000000000000e+00
-1.299562043795620569e+00,-1.829999999999999960e-01,0.000000000000000000e+00
-1.297058394160583994e+00,-1.829999999999999960e-01,0.000000000000000000e+00
-1.294554744525547418e+00,-1.829999999999999960e-01,0.000000000000000000e+00
-1.292051094890511065e+00,-1.829999999999999960e-01,0.000000000000000000e+00
-1.289547445255474489e+00,-1.829999999999999960e-01,0.000000000000000000e+00
-1.287043795620438136e+00,-1.829999999999999960e-01,0.000000000000000000e+00
-1.284540145985401560e+00,-1.829999999999999960e-01,0.000000000000000000e+00
-1.282036496350364985e+00,-1.829999999999999960e-01,0.000000000000000000e+00
-1.279532846715328631e+00,-1.829999999999999960e-01,0.000000000000000000e+00
-1.277029197080292056e+00,-1.829999999999999960e-01,0.000000000000000000e+00
-1.274525547445255480e+00,-1.829999999999999960e-01,0.000000000000000000e+00
-1.272021897810219127e+00,-1.829999999999999960e-01,0.000000000000000000e+00
-1.269518248175182551e+00,-1.829999999999999960e-01,0.000000000000000000e+00
-1.267014598540145975e+00,-1.829999999999999960e-01,0.000000000000000000e+00
-1.264510948905109622e+00,-1.829999999999999960e-01,0.000000000000000000e+00
-1.262007299270073046e+00,-1.829999999999999960e-01,0.000000000000000000e+00
-1.259503649635036471e+00,-1.829999999999999960e-01,0.000000000000000000e+00
-1.257000000000000117e+00,-1.829999999999999960e-01,0.000000000000000000e+00
-1.254496350364963542e+00,-1.829999999999999960e-01,0.000000000000000000e+00
-1.251992700729926966e+00,-1.829999999999999960e-01,0.000000000000000000e+00
-1.249489051094890613e+00,-1.829999999999999960e-01,0.000000000000000000e+00
-1.246985401459854037e+00,-1.829999999999999960e-01,0.000000000000000000e+00
-1.244481751824817461e+00,-1.829999999999999960e-01,0.000000000000000000e+00
-1.241978102189781108e+00,-1.829999999999999960e-01,0.000000000000000000e+00
-1.239474452554744532e+00,-1.829999999999999960e-01,0.000000000000000000e+00
-1.236970802919707957e+00,-1.829999999999999960e-01,0.000000000000000000e+00
-1.234467153284671603e+00,-1.829999999999999960e-01,0.000000000000000000e+00
-1.231963503649635028e+00,-1.829999999999999960e-01,0.000000000000000000e+00
-1.229459854014598452e+00,-1.829999999999999960e-01,0.000000000000000000e+00
-1.226956204379562099e+00,-1.829999999999999960e-01,0.000000000000000000e+00
-1.224452554744525523e+00,-1.829999999999999960e-01,0.000000000000000000e+00
-1.221948905109489170e+00,-1.829999999999999960e-01,0.000000000000000000e+00
-1.219445255474452594e+00,-1.829999999999999960e-01,0.000000000000000000e+00
-1.216941605839416241e+00,-1.829999999999999960e-01,0.000000000000000000e+00
-1.214437956204379665e+00,-1.829999999999999960e-01,0.000000000000000000e+00
-1.211934306569343089e+00,-1.829999999999999960e-01,0.000000000000000000e+00
-1.209430656934306736e+00,-1.829999999999999960e-01,0.000000000000000000e+00
-1.206927007299270160e+00,-1.829999999999999960e-01,0.000000000000000000e+00
-1.204423357664233585e+00,-1.829999999999999960e-01,0.000000000000000000e+00
-1.201919708029197231e+00,-1.829999999999999960e-01,0.000000000000000000e+00
-1.199416058394160656e+00,-1.829999999999999960e-01,0.000000000000000000e+00
-1.196912408759124080e+00,-1.829999999999999960e-01,0.000000000000000000e+00
-1.194408759124087727e+00,-1.829999999999999960e-01,0.000000000000000000e+00
-1.191905109489051151e+00,-1.829999999999999960e-01,0.000000000000000000e+00
-1.189401459854014576e+00,-1.829999999999999960e-01,0.000000000000000000e+00
-1.186897810218978222e+00,-1.829999999999999960e-01,0.000000000000000000e+00
-1.184394160583941646e+00,-1.829999999999999960e-01,0.000000000000000000e+00
-1.181890510948905071e+00,-1.829999999999999960e-01,0.000000000000000000e+00
-1.179386861313868717e+00,-1.829999999999999960e-01,0.000000000000000000e+00
-1.176883211678832142e+00,-1.829999999999999960e-01,0.000000000000000000e+00
-1.174379562043795566e+00,-1.829999999999999960e-01,0.000000000000000000e+00
-1.171875912408759213e+00,-1.829999999999999960e-01,0.000000000000000000e+00
-1.169372262773722637e+00,-1.829999999999999960e-01,0.000000000000000000e+00
-1.166868613138686062e+00,-1.829999999999999960e-01,0.000000000000000000e+00
-1.164364963503649708e+00,-1.829999999999999960e-01,0.000000000000000000e+00
-1.161861313868613133e+00,-1.829999999999999960e-01,0.000000000000000000e+00
-1.159357664233576557e+00,-1.829999999999999960e-01,0.000000000000000000e+00
-1.156854014598540203e+00,-1.829999999999999960e-01,0.000000000000000000e+00
-1.154350364963503628e+00,-1.829999999999999960e-01,0.000000000000000000e+00
-1.151846715328467274e+00,-1.829999999999999960e-01,0.000000000000000000e+00
-1.149343065693430699e+00,-1.829999999999999960e-01,0.000000000000000000e+00
-1.146839416058394123e+00,-1.829999999999999960e-01,0.000000000000000000e+00
-1.144335766423357770e+00,-1.829999999999999960e-01,0.000000000000000000e+00
-1.141832116788321194e+00,-1.829999999999999960e-01,0.000000000000000000e+00
-1.139328467153284841e+00,-1.829999999999999960e-01,0.000000000000000000e+00
-1.136824817518248265e+00,-1.829999999999999960e-01,0.000000000000000000e+00
-1.134321167883211690e+00,-1.829999999999999960e-01,0.000000000000000000e+00
-1.131817518248175336e+00,-1.829999999999999960e-01,0.000000000000000000e+00
-1.129313868613138760e+00,-1.829999999999999960e-01,0.000000000000000000e+00
-1.126810218978102185e+00,-1.829999999999999960e-01,0.000000000000000000e+00
-1.124306569343065831e+00,-1.829999999999999960e-01,0.000000000000000000e+00
-1.121802919708029256e+00,-1.829999999999999960e-01,0.000000000000000000e+00
-1.119299270072992680e+00,-1.829999999999999960e-01,0.000000000000000000e+00
-1.116795620437956327e+00,-1.829999999999999960e-01,0.000000000000000000e+00
-1.114291970802919751e+00,-1.829999999999999960e-01,0.000000000000000000e+00
-1.111788321167883176e+00,-1.829999999999999960e-01,0.000000000000000000e+00
-1.109284671532846822e+00,-1.829999999999999960e-01,0.000000000000000000e+00
-1.106781021897810247e+00,-1.829999999999999960e-01,0.000000000000000000e+00
-1.104277372262773671e+00,-1.829999999999999960e-01,0.000000000000000000e+00
-1.101773722627737317e+00,-1.829999999999999960e-01,0.000000000000000000e+00
-1.099270072992700742e+00,-1.829999999999999960e-01,0.000000000000000000e+00
-1.096766423357664166e+00,-1.829999999999999960e-01,0.000000000000000000e+00
-1.094262773722627813e+00,-1.829999999999999960e-01,0.000000000000000000e+00
-1.091759124087591237e+00,-1.829999999999999960e-01,0.000000000000000000e+00
-1.089255474452554662e+00,-1.829999999999999960e-01,0.000000000000000000e+00
-1.086751824817518308e+00,-1.829999999999999960e-01,0.000000000000000000e+00
-1.084248175182481733e+00,-1.829999999999999960e-01,0.000000000000000000e+00
-1.081744525547445157e+00,-1.829999999999999960e-01,0.000000000000000000e+00
-1.079240875912408804e+00,-1.829999999999999960e-01,0.000000000000000000e+00
-1.076737226277372450e+00,-1.829999999999999960e-01,0.000000000000000000e+00
-1.074233576642335652e+00,-1.829999999999999960e-01,0.000000000000000000e+00
-1.071729927007299299e+00,-1.829999999999999960e-01,0.000000000000000000e+00
-1.069226277372262945e+00,-1.829999999999999960e-01,0.000000000000000000e+00
-1.066722627737226148e+00,-1.829999999999999960e-01,0.000000000000000000e+00
-1.064218978102189794e+00,-1.829999999999999960e-01,0.000000000000000000e+00
-1.061715328467153441e+00,-1.829999999999999960e-01,0.000000000000000000e+00
-1.059211678832116865e+00,-1.829999999999999960e-01,0.000000000000000000e+00
-1.056708029197080290e+00,-1.829999999999999960e-01,0.000000000000000000e+00
-1.054204379562043936e+00,-1.829999999999999960e-01,0.000000000000000000e+00
-1.051700729927007361e+00,-1.829999999999999960e-01,0.000000000000000000e+00
-1.049197080291970785e+00,-1.829999999999999960e-01,0.000000000000000000e+00
-1.046693430656934432e+00,-1.829999999999999960e-01,0.000000000000000000e+00
-1.044189781021897856e+00,-1.829999999999999960e-01,0.000000000000000000e+00
-1.041686131386861280e+00,-1.829999999999999960e-01,0.000000000000000000e+00
-1.039182481751824927e+00,-1.829999999999999960e-01,0.000000000000000000e+00
-1.036678832116788351e+00,-1.829999999999999960e-01,0.000000000000000000e+00
-1.034175182481751776e+00,-1.829999999999999960e-01,0.000000000000000000e+00
-1.031671532846715422e+00,-1.829999999999999960e-01,0.000000000000000000e+00
-1.029167883211678847e+00,-1.829999999999999960e-01,0.000000000000000000e+00
-1.026664233576642271e+00,-1.829999999999999960e-01,0.000000000000000000e+00
-1.024160583941605918e+00,-1.829999999999999960e-01,0.000000000000000000e+00
-1.021656934306569342e+00,-1.829999999999999960e-01,0.000000000000000000e+00
-1.019153284671532766e+00,-1.829999999999999960e-01,0.000000000000000000e+00
-1.016649635036496413e+00,-1.829999999999999960e-01,0.000000000000000000e+00
-1.014145985401459837e+00,-1.829999999999999960e-01,0.000000000000000000e+00
-1.011642335766423262e+00,-1.829999999999999960e-01,0.000000000000000000e+00
-1.009138686131386908e+00,-1.829999999999999960e-01,0.000000000000000000e+00
-1.006635036496350333e+00,-1.829999999999999960e-01,0.000000000000000000e+00
-1.004131386861313757e+00,-1.829999999999999960e-01,0.000000000000000000e+00
-1.001627737226277404e+00,-1.829999999999999960e-01,0.000000000000000000e+00
-9.991240875912409392e-01,-1.829999999999999960e-01,0.000000000000000000e+00
-9.966204379562043636e-01,-1.829999999999999960e-01,0.000000000000000000e+00
-9.941167883211678991e-01,-1.829999999999999960e-01,0.000000000000000000e+00
-9.916131386861314345e-01,-1.829999999999999960e-01,0.000000000000000000e+00
-9.891094890510948590e-01,-1.829999999999999960e-01,0.000000000000000000e+00
-9.866058394160583944e-01,-1.829999999999999960e-01,0.000000000000000000e+00
-9.841021897810219299e-01,-1.829999999999999960e-01,0.000000000000000000e+00
-9.815985401459854653e-01,-1.829999999999999960e-01,0.000000000000000000e+00
-9.790948905109488898e-01,-1.829999999999999960e-01,0.000000000000000000e+00
-9.765912408759124252e-01,-1.829999999999999960e-01,0.000000000000000000e+00
-9.740875912408759607e-01,-1.829999999999999960e-01,0.000000000000000000e+00
-9.715839416058393851e-01,-1.829999999999999960e-01,0.000000000000000000e+00
-9.690802919708029206e-01,-1.829999999999999960e-01,0.000000000000000000e+00
-9.665766423357664561e-01,-1.829999999999999960e-01,0.000000000000000000e+00
-9.640729927007299915e-01,-1.829999999999999960e-01,0.000000000000000000e+00
-9.615693430656934160e-01,-1.829999999999999960e-01,0.000000000000000000e+00
-9.590656934306569514e-01,-1.829999999999999960e-01,0.000000000000000000e+00
-9.565620437956204869e-01,-1.829999999999999960e-01,0.000000000000000000e+00
-9.540583941605839113e-01,-1.829999999999999960e-01,0.000000000000000000e+00
-9.515547445255474468e-01,-1.829999999999999960e-01,0.000000000000000000e+00
-9.490510948905109823e-01,-1.829999999999999960e-01,0.000000000000000000e+00
-9.465474452554745177e-01,-1.829999999999999960e-01,0.000000000000000000e+00
-9.440437956204379422e-01,-1.829999999999999960e-01,0.000000000000000000e+00
-9.415401459854014776e-01,-1.829999999999999960e-01,0.000000000000000000e+00
-9.390364963503650131e-01,-1.829999999999999960e-01,0.000000000000000000e+00
-9.365328467153284375e-01,-1.829999999999999960e-01,0.000000000000000000e+00
-9.340291970802919730e-01,-1.829999999999999960e-01,0.000000000000000000e+00
-9.315255474452555084e-01,-1.829999999999999960e-01,0.000000000000000000e+00
-9.290218978102190439e-01,-1.829999999999999960e-01,0.000000000000000000e+00
-9.265182481751824684e-01,-1.829999999999999960e-01,0.000000000000000000e+00
-9.240145985401460038e-01,-1.829999999999999960e-01,0.000000000000000000e+00
-9.215109489051095393e-01,-1.829999999999999960e-01,0.000000000000000000e+00
-9.190072992700729637e-01,-1.829999999999999960e-01,0.000000000000000000e+00
-9.165036496350364992e-01,-1.829999999999999960e-01,0.000000000000000000e+00
-9.140000000000000346e-01,-1.829999999999999960e-01,0.000000000000000000e+00
-9.114963503649635701e-01,-1.829999999999999960e-01,0.000000000000000000e+00
-9.089927007299269945e-01,-1.829999999999999960e-01,0.000000000000000000e+00
-9.064890510948905300e-01,-1.829999999999999960e-01,0.000000000000000000e+00
-9.039854014598540655e-01,-1.829999999999999960e-01,0.000000000000000000e+00
-9.014817518248174899e-01,-1.829999999999999960e-01,0.000000000000000000e+00
-8.989781021897810254e-01,-1.829999999999999960e-01,0.000000000000000000e+00
-8.964744525547445608e-01,-1.829999999999999960e-01,0.000000000000000000e+00
-8.939708029197079853e-01,-1.829999999999999960e-01,0.000000000000000000e+00
-8.914671532846715207e-01,-1.829999999999999960e-01,0.000000000000000000e+00
-8.889635036496350562e-01,-1.829999999999999960e-01,0.000000000000000000e+00
-8.864598540145985917e-01,-1.829999999999999960e-01,0.000000000000000000e+00
-8.839562043795620161e-01,-1.829999999999999960e-01,0.000000000000000000e+00
-8.814525547445255516e-01,-1.829999999999999960e-01,0.000000000000000000e+00
-8.789489051094890870e-01,-1.829999999999999960e-01,0.000000000000000000e+00
-8.764452554744525115e-01,-1.829999999999999960e-01,0.000000000000000000e+00
-8.739416058394160469e-01,-1.829999999999999960e-01,0.000000000000000000e+00
-8.714379562043795824e-01,-1.829999999999999960e-01,0.000000000000000000e+00
-8.689343065693431178e-01,-1.829999999999999960e-01,0.000000000000000000e+00
-8.664306569343065423e-01,-1.829999999999999960e-01,0.000000000000000000e+00
-8.639270072992700777e-01,-1.829999999999999960e-01,0.000000000000000000e+00
-8.614233576642336132e-01,-1.829999999999999960e-01,0.000000000000000000e+00
-8.589197080291970376e-01,-1.829999999999999960e-01,0.000000000000000000e+00
-8.564160583941605731e-01,-1.829999999999999960e-01,0.000000000000000000e+00
-8.539124087591241086e-01,-1.829999999999999960e-01,0.000000000000000000e+00
-8.514087591240876440e-01,-1.829999999999999960e-01,0.000000000000000000e+00
-8.489051094890510685e-01,-1.829999999999999960e-01,0.000000000000000000e+00
-8.464014598540146039e-01,-1.829999999999999960e-01,0.000000000000000000e+00
-8.438978102189781394e-01,-1.829999999999999960e-01,0.000000000000000000e+00
-8.413941605839415638e-01,-1.829999999999999960e-01,0.000000000000000000e+00
-8.388905109489050993e-01,-1.829999999999999960e-01,0.000000000000000000e+00
-8.363868613138686348e-01,-1.829999999999999960e-01,0.000000000000000000e+00
-8.338832116788321702e-01,-1.829999999999999960e-01,0.000000000000000000e+00
-8.313795620437955947e-01,-1.829999999999999960e-01,0.000000000000000000e+00
-8.288759124087591301e-01,-1.829999999999999960e-01,0.000000000000000000e+00
-8.263722627737226656e-01,-1.829999999999999960e-01,0.000000000000000000e+00
-8.238686131386860900e-01,-1.829999999999999960e-01,0.000000000000000000e+00
-8.213649635036496255e-01,-1.829999999999999960e-01,0.000000000000000000e+00
-8.188613138686131609e-01,-1.829999999999999960e-01,0.000000000000000000e+00
-8.163576642335766964e-01,-1.829999999999999960e-01,0.000000000000000000e+00
-8.138540145985401209e-01,-1.829999999999999960e-01,0.000000000000000000e+00
-8.113503649635036563e-01,-1.829999999999999960e-01,0.000000000000000000e+00
-8.088467153284671918e-01,-1.829999999999999960e-01,0.000000000000000000e+00
-8.063430656934306162e-01,-1.829999999999999960e-01,0.000000000000000000e+00
-8.038394160583941517e-01,-1.829999999999999960e-01,0.000000000000000000e+00
-8.013357664233576871e-01,-1.829999999999999960e-01,0.000000000000000000e+00
-7.988321167883212226e-01,-1.829999999999999960e-01,0.000000000000000000e+00
-7.963284671532846470e-01,-1.829999999999999960e-01,0.000000000000000000e+00
-7.938248175182481825e-01,-1.829999999999999960e-01,0.000000000000000000e+00
-7.913211678832117180e-01,-1.829999999999999960e-01,0.000000000000000000e+00
-7.888175182481751424e-01,-1.829999999999999960e-01,0.000000000000000000e+00
-7.863138686131386779e-01,-1.829999999999999960e-01,0.000000000000000000e+00
-7.838102189781022133e-01,-1.829999999999999960e-01,0.000000000000000000e+00
-7.813065693430656378e-01,-1.829999999999999960e-01,0.000000000000000000e+00
-7.788029197080291732e-01,-1.829999999999999960e-01,0.000000000000000000e+00
-7.762992700729927087e-01,-1.829999999999999960e-01,0.000000000000000000e+00
-7.737956204379562442e-01,-1.829999999999999960e-01,0.000000000000000000e+00
-7.712919708029196686e-01,-1.829999999999999960e-01,0.000000000000000000e+00
-7.687883211678832041e-01,-1.829999999999999960e-01,0.000000000000000000e+00
-7.662846715328467395e-01,-1.829999999999999960e-01,0.000000000000000000e+00
-7.637810218978101640e-01,-1.829999999999999960e-01,0.000000000000000000e+00
-7.612773722627736994e-01,-1.829999999999999960e-01,0.000000000000000000e+00
-7.587737226277372349e-01,-1.829999999999999960e-01,0.000000000000000000e+00
-7.562700729927007703e-01,-1.829999999999999960e-01,0.000000000000000000e+00
-7.537664233576641948e-01,-1.829999999999999960e-01,0.000000000000000000e+00
-7.512627737226277302e-01,-1.829999999999999960e-01,0.000000000000000000e+00
-7.487591240875912657e-01,-1.829999999999999960e-01,0.000000000000000000e+00
-7.462554744525546901e-01,-1.829999999999999960e-01,0.000000000000000000e+00
-7.437518248175182256e-01,-1.829999999999999960e-01,0.000000000000000000e+00
-7.412481751824817611e-01,-1.829999999999999960e-01,0.000000000000000000e+00
-7.387445255474452965e-01,-1.829999999999999960e-01,0.000000000000000000e+00
-7.362408759124087210e-01,-1.829999999999999960e-01,0.000000000000000000e+00
-7.337372262773722564e-01,-1.829999999999999960e-01,0.000000000000000000e+00
-7.312335766423357919e-01,-1.829999999999999960e-01,0.000000000000000000e+00
-7.287299270072992163e-01,-1.829999999999999960e-01,0.000000000000000000e+00
-7.262262773722627518e-01,-1.829999999999999960e-01,0.000000000000000000e+00
-7.237226277372262873e-01,-1.829999999999999960e-01,0.000000000000000000e+00
-7.212189781021898227e-01,-1.829999999999999960e-01,0.000000000000000000e+00
-7.187153284671532472e-01,-1.829999999999999960e-01,0.000000000000000000e+00
-7.162116788321167826e-01,-1.829999999999999960e-01,0.000000000000000000e+00
-7.137080291970803181e-01,-1.829999999999999960e-01,0.000000000000000000e+00
-7.112043795620437425e-01,-1.829999999999999960e-01,0.000000000000000000e+00
-7.087007299270072780e-01,-1.829999999999999960e-01,0.000000000000000000e+00
-7.061970802919708134e-01,-1.829999999999999960e-01,0.000000000000000000e+00
-7.036934306569343489e-01,-1.829999999999999960e-01,0.000000000000000000e+00
-7.011897810218977733e-01,-1.829999999999999960e-01,0.000000000000000000e+00
-6.986861313868613088e-01,-1.829999999999999960e-01,0.000000000000000000e+00
-6.961824817518248443e-01,-1.829999999999999960e-01,0.000000000000000000e+00
-6.936788321167882687e-01,-1.829999999999999960e-01,0.000000000000000000e+00
-6.911751824817518042e-01,-1.829999999999999960e-01,0.000000000000000000e+00
-6.886715328467153396e-01,-1.829999999999999960e-01,0.000000000000000000e+00
-6.861678832116787641e-01,-1.829999999999999960e-01,0.000000000000000000e+00
-6.836642335766422995e-01,-1.829999999999999960e-01,0.000000000000000000e+00
-6.811605839416058350e-01,-1.829999999999999960e-01,0.000000000000000000e+00
-6.786569343065693705e-01,-1.829999999999999960e-01,0.000000000000000000e+00
-6.761532846715327949e-01,-1.829999999999999960e-01,0.000000000000000000e+00
-6.736496350364963304e-01,-1.829999999999999960e-01,0.000000000000000000e+00
-6.711459854014598658e-01,-1.829999999999999960e-01,0.000000000000000000e+00
-6.686423357664232903e-01,-1.829999999999999960e-01,0.000000000000000000e+00
-6.661386861313868257e-01,-1.829999999999999960e-01,0.000000000000000000e+00
-6.636350364963503612e-01,-1.829999999999999960e-01,0.000000000000000000e+00
-6.611313868613138967e-01,-1.829999999999999960e-01,0.000000000000000000e+00
-6.586277372262773211e-01,-1.829999999999999960e-01,0.000000000000000000e+00
-6.561240875912408566e-01,-1.829999999999999960e-01,0.000000000000000000e+00
-6.536204379562043920e-01,-1.829999999999999960e-01,0.000000000000000000e+00
-6.511167883211678165e-01,-1.829999999999999960e-01,0.000000000000000000e+00
-6.486131386861313519e-01,-1.829999999999999960e-01,0.000000000000000000e+00
-6.461094890510948874e-01,-1.829999999999999960e-01,0.000000000000000000e+00
-6.436058394160584228e-01,-1.829999999999999960e-01,0.000000000000000000e+00
-6.411021897810218473e-01,-1.829999999999999960e-01,0.000000000000000000e+00
-6.385985401459853827e-01,-1.829999999999999960e-01,0.000000000000000000e+00
-6.360948905109489182e-01,-1.829999999999999960e-01,0.000000000000000000e+00
-6.335912408759123426e-01,-1.829999999999999960e-01,0.000000000000000000e+00
-6.310875912408758781e-01,-1.829999999999999960e-01,0.000000000000000000e+00
-6.285839416058394136e-01,-1.829999999999999960e-01,0.000000000000000000e+00
-6.260802919708029490e-01,-1.829999999999999960e-01,0.000000000000000000e+00
-6.235766423357663735e-01,-1.829999999999999960e-01,0.000000000000000000e+00
-6.210729927007299089e-01,-1.829999999999999960e-01,0.000000000000000000e+00
-6.185693430656934444e-01,-1.829999999999999960e-01,0.000000000000000000e+00
-6.160656934306568688e-01,-1.829999999999999960e-01,0.000000000000000000e+00
-6.135620437956204043e-01,-1.829999999999999960e-01,0.000000000000000000e+00
-6.110583941605839398e-01,-1.829999999999999960e-01,0.000000000000000000e+00
-6.085547445255474752e-01,-1.829999999999999960e-01,0.000000000000000000e+00
-6.060510948905108997e-01,-1.829999999999999960e-01,0.000000000000000000e+00
-6.035474452554744351e-01,-1.829999999999999960e-01,0.000000000000000000e+00
-6.010437956204379706e-01,-1.829999999999999960e-01,0.000000000000000000e+00
-5.985401459854013950e-01,-1.829999999999999960e-01,0.000000000000000000e+00
-5.960364963503650415e-01,-1.829999999999999960e-01,0.000000000000000000e+00
-5.935328467153284659e-01,-1.829999999999999960e-01,0.000000000000000000e+00
-5.910291970802918904e-01,-1.829999999999999960e-01,0.000000000000000000e+00
-5.885255474452555369e-01,-1.829999999999999960e-01,0.000000000000000000e+00
-5.860218978102189613e-01,-1.829999999999999960e-01,0.000000000000000000e+00
-5.835182481751823858e-01,-1.829999999999999960e-01,0.000000000000000000e+00
-5.810145985401460322e-01,-1.829999999999999960e-01,0.000000000000000000e+00
-5.785109489051094567e-01,-1.829999999999999960e-01,0.000000000000000000e+00
-5.760072992700728811e-01,-1.829999999999999960e-01,0.000000000000000000e+00
-5.735036496350365276e-01,-1.829999999999999960e-01,0.000000000000000000e+00
-5.709999999999999520e-01,-1.829999999999999960e-01,0.000000000000000000e+00
-5.684963503649633765e-01,-1.829999999999999960e-01,0.000000000000000000e+00
-5.659927007299270230e-01,-1.829999999999999960e-01,0.000000000000000000e+00
-5.634890510948904474e-01,-1.829999999999999960e-01,0.000000000000000000e+00
-5.609854014598540939e-01,-1.829999999999999960e-01,0.000000000000000000e+00
-5.584817518248175183e-01,-1.829999999999999960e-01,0.000000000000000000e+00
-5.559781021897809428e-01,-1.829999999999999960e-01,0.000000000000000000e+00
-5.534744525547445892e-01,-1.829999999999999960e-01,0.000000000000000000e+00
-5.509708029197080137e-01,-1.829999999999999960e-01,0.000000000000000000e+00
-5.484671532846714381e-01,-1.829999999999999960e-01,0.000000000000000000e+00
-5.459635036496350846e-01,-1.829999999999999960e-01,0.000000000000000000e+00
-5.434598540145985091e-01,-1.829999999999999960e-01,0.000000000000000000e+00
-5.409562043795619335e-01,-1.829999999999999960e-01,0.000000000000000000e+00
-5.384525547445255800e-01,-1.829999999999999960e-01,0.000000000000000000e+00
-5.359489051094890044e-01,-1.829999999999999960e-01,0.000000000000000000e+00
-5.334452554744524289e-01,-1.829999999999999960e-01,0.000000000000000000e+00
-5.309416058394160753e-01,-1.829999999999999960e-01,0.000000000000000000e+00
-5.284379562043794998e-01,-1.829999999999999960e-01,0.000000000000000000e+00
-5.259343065693429242e-01,-1.829999999999999960e-01,0.000000000000000000e+00
-5.234306569343065707e-01,-1.829999999999999960e-01,0.000000000000000000e+00
-5.209270072992699951e-01,-1.829999999999999960e-01,0.000000000000000000e+00
-5.184233576642336416e-01,-1.829999999999999960e-01,0.000000000000000000e+00
-5.159197080291970661e-01,-1.829999999999999960e-01,0.000000000000000000e+00
-5.134160583941604905e-01,-1.829999999999999960e-01,0.000000000000000000e+00
-5.109124087591241370e-01,-1.829999999999999960e-01,0.000000000000000000e+00
-5.084087591240875614e-01,-1.829999999999999960e-01,0.000000000000000000e+00
-5.059051094890509859e-01,-1.829999999999999960e-01,0.000000000000000000e+00
-5.034014598540146324e-01,-1.829999999999999960e-01,0.000000000000000000e+00
-5.008978102189780568e-01,-1.829999999999999960e-01,0.000000000000000000e+00
-4.983941605839414812e-01,-1.829999999999999960e-01,0.000000000000000000e+00
-4.958905109489051277e-01,-1.829999999999999960e-01,0.000000000000000000e+00
-4.933868613138685522e-01,-1.829999999999999960e-01,0.000000000000000000e+00
-4.908832116788319766e-01,-1.829999999999999960e-01,0.000000000000000000e+00
-4.883795620437956231e-01,-1.829999999999999960e-01,0.000000000000000000e+00
-4.858759124087590475e-01,-1.829999999999999960e-01,0.000000000000000000e+00
-4.833722627737226940e-01,-1.829999999999999960e-01,0.000000000000000000e+00
-4.808686131386861184e-01,-1.829999999999999960e-01,0.000000000000000000e+00
-4.783649635036495429e-01,-1.829999999999999960e-01,0.000000000000000000e+00
-4.758613138686131894e-01,-1.829999999999999960e-01,0.000000000000000000e+00
-4.733576642335766138e-01,-1.829999999999999960e-01,0.000000000000000000e+00
-4.708540145985400383e-01,-1.829999999999999960e-01,0.000000000000000000e+00
-4.683503649635036847e-01,-1.829999999999999960e-01,0.000000000000000000e+00
-4.658467153284671092e-01,-1.829999999999999960e-01,0.000000000000000000e+00
-4.633430656934305336e-01,-1.829999999999999960e-01,0.000000000000000000e+00
-4.608394160583941801e-01,-1.829999999999999960e-01,0.000000000000000000e+00
-4.583357664233576045e-01,-1.829999999999999960e-01,0.000000000000000000e+00
-4.558321167883210290e-01,-1.829999999999999960e-01,0.000000000000000000e+00
-4.533284671532846755e-01,-1.829999999999999960e-01,0.000000000000000000e+00
-4.508248175182480999e-01,-1.829999999999999960e-01,0.000000000000000000e+00
-4.483211678832117464e-01,-1.829999999999999960e-01,0.000000000000000000e+00
-4.458175182481751708e-01,-1.829999999999999960e-01,0.000000000000000000e+00
-4.433138686131385953e-01,-1.829999999999999960e-01,0.000000000000000000e+00
-4.408102189781022417e-01,-1.829999999999999960e-01,0.000000000000000000e+00
-4.383065693430656662e-01,-1.829999999999999960e-01,0.000000000000000000e+00
-4.358029197080290906e-01,-1.829999999999999960e-01,0.000000000000000000e+00
-4.332992700729927371e-01,-1.829999999999999960e-01,0.000000000000000000e+00
-4.307956204379561616e-01,-1.829999999999999960e-01,0.000000000000000000e+00
-4.282919708029195860e-01,-1.829999999999999960e-01,0.000000000000000000e+00
-4.257883211678832325e-01,-1.829999999999999960e-01,0.000000000000000000e+00
-4.232846715328466569e-01,-1.829999999999999960e-01,0.000000000000000000e+00
-4.207810218978100814e-01,-1.829999999999999960e-01,0.000000000000000000e+00
-4.182773722627737278e-01,-1.829999999999999960e-01,0.000000000000000000e+00
-4.157737226277371523e-01,-1.829999999999999960e-01,0.000000000000000000e+00
-4.132700729927005767e-01,-1.829999999999999960e-01,0.000000000000000000e+00
-4.107664233576642232e-01,-1.829999999999999960e-01,0.000000000000000000e+00
-4.082627737226276476e-01,-1.829999999999999960e-01,0.000000000000000000e+00
-4.057591240875912941e-01,-1.829999999999999960e-01,0.000000000000000000e+00
-4.032554744525547186e-01,-1.829999999999999960e-01,0.000000000000000000e+00
-4.007518248175181430e-01,-1.829999999999999960e-01,0.000000000000000000e+00
-3.982481751824817895e-01,-1.829999999999999960e-01,0.000000000000000000e+00
-3.957445255474452139e-01,-1.829999999999999960e-01,0.000000000000000000e+00
-3.932408759124086384e-01,-1.829999999999999960e-01,0.000000000000000000e+00
-3.907372262773722849e-01,-1.829999999999999960e-01,0.000000000000000000e+00
-3.882335766423357093e-01,-1.829999999999999960e-01,0.000000000000000000e+00
-3.857299270072991337e-01,-1.829999999999999960e-01,0.000000000000000000e+00
-3.832262773722627802e-01,-1.829999999999999960e-01,0.000000000000000000e+00
-3.807226277372262047e-01,-1.829999999999999960e-01,0.000000000000000000e+00
-3.782189781021896291e-01,-1.829999999999999960e-01,0.000000000000000000e+00
-3.757153284671532756e-01,-1.829999999999999960e-01,0.000000000000000000e+00
-3.732116788321167000e-01,-1.829999999999999960e-01,0.000000000000000000e+00
-3.707080291970803465e-01,-1.829999999999999960e-01,0.000000000000000000e+00
-3.682043795620437709e-01,-1.829999999999999960e-01,0.000000000000000000e+00
-3.657007299270071954e-01,-1.829999999999999960e-01,0.000000000000000000e+00
-3.631970802919708419e-01,-1.829999999999999960e-01,0.000000000000000000e+00
-3.606934306569342663e-01,-1.829999999999999960e-01,0.000000000000000000e+00
-3.581897810218976907e-01,-1.829999999999999960e-01,0.000000000000000000e+00
-3.556861313868613372e-01,-1.829999999999999960e-01,0.000000000000000000e+00
-3.531824817518247617e-01,-1.829999999999999960e-01,0.000000000000000000e+00
-3.506788321167881861e-01,-1.829999999999999960e-01,0.000000000000000000e+00
-3.481751824817518326e-01,-1.829999999999999960e-01,0.000000000000000000e+00
-3.456715328467152570e-01,-1.829999999999999960e-01,0.000000000000000000e+00
-3.431678832116786815e-01,-1.829999999999999960e-01,0.000000000000000000e+00
-3.406642335766423280e-01,-1.829999999999999960e-01,0.000000000000000000e+00
-3.381605839416057524e-01,-1.829999999999999960e-01,0.000000000000000000e+00
-3.356569343065693989e-01,-1.829999999999999960e-01,0.000000000000000000e+00
-3.331532846715328233e-01,-1.829999999999999960e-01,0.000000000000000000e+00
-3.306496350364962478e-01,-1.829999999999999960e-01,0.000000000000000000e+00
-3.281459854014598942e-01,-1.829999999999999960e-01,0.000000000000000000e+00
-3.256423357664233187e-01,-1.829999999999999960e-01,0.000000000000000000e+00
-3.231386861313867431e-01,-1.829999999999999960e-01,0.000000000000000000e+00
-3.206350364963503896e-01,-1.829999999999999960e-01,0.000000000000000000e+00
-3.181313868613138141e-01,-1.829999999999999960e-01,0.000000000000000000e+00
-3.156277372262772385e-01,-1.829999999999999960e-01,0.000000000000000000e+00
-3.131240875912408850e-01,-1.829999999999999960e-01,0.000000000000000000e+00
-3.106204379562043094e-01,-1.829999999999999960e-01,0.000000000000000000e+00
-3.081167883211677339e-01,-1.829999999999999960e-01,0.000000000000000000e+00
-3.056131386861313803e-01,-1.829999999999999960e-01,0.000000000000000000e+00
-3.031094890510948048e-01,-1.829999999999999960e-01,0.000000000000000000e+00
-3.006058394160582292e-01,-1.829999999999999960e-01,0.000000000000000000e+00
-2.981021897810218757e-01,-1.829999999999999960e-01,0.000000000000000000e+00
-2.955985401459853001e-01,-1.829999999999999960e-01,0.000000000000000000e+00
-2.930948905109489466e-01,-1.829999999999999960e-01,0.000000000000000000e+00
-2.905912408759123711e-01,-1.829999999999999960e-01,0.000000000000000000e+00
-2.880875912408757955e-01,-1.829999999999999960e-01,0.000000000000000000e+00
-2.855839416058394420e-01,-1.829999999999999960e-01,0.000000000000000000e+00
-2.830802919708028664e-01,-1.829999999999999960e-01,0.000000000000000000e+00
-2.805766423357662909e-01,-1.829999999999999960e-01,0.000000000000000000e+00
-2.780729927007299374e-01,-1.829999999999999960e-01,0.000000000000000000e+00
-2.755693430656933618e-01,-1.829999999999999960e-01,0.000000000000000000e+00
-2.730656934306567862e-01,-1.829999999999999960e-01,0.000000000000000000e+00
-2.705620437956204327e-01,-1.829999999999999960e-01,0.000000000000000000e+00
-2.680583941605838572e-01,-1.829999999999999960e-01,0.000000000000000000e+00
-2.655547445255472816e-01,-1.829999999999999960e-01,0.000000000000000000e+00
-2.630510948905109281e-01,-1.829999999999999960e-01,0.000000000000000000e+00
-2.605474452554743525e-01,-1.829999999999999960e-01,0.000000000000000000e+00
-2.580437956204379990e-01,-1.829999999999999960e-01,0.000000000000000000e+00
-2.555401459854014234e-01,-1.829999999999999960e-01,0.000000000000000000e+00
-2.530364963503648479e-01,-1.829999999999999960e-01,0.000000000000000000e+00
-2.505328467153284944e-01,-1.829999999999999960e-01,0.000000000000000000e+00
-2.480291970802919188e-01,-1.829999999999999960e-01,0.000000000000000000e+00
-2.455255474452553432e-01,-1.829999999999999960e-01,0.000000000000000000e+00
-2.430218978102189897e-01,-1.829999999999999960e-01,0.000000000000000000e+00
-2.405182481751824142e-01,-1.829999999999999960e-01,0.000000000000000000e+00
-2.380145985401458386e-01,-1.829999999999999960e-01,0.000000000000000000e+00
-2.355109489051094851e-01,-1.829999999999999960e-01,0.000000000000000000e+00
-2.330072992700729095e-01,-1.829999999999999960e-01,0.000000000000000000e+00
-2.305036496350363340e-01,-1.829999999999999960e-01,0.000000000000000000e+00
-2.280000000000000082e-01,-1.829999999999999960e-01,0.000000000000000000e+00
-2.280000000000000082e-01,-1.829999999999999960e-01,2.629982336255741515e+00
-2.253000000000000003e-01,-1.829999999999999960e-01,2.447214787122597990e+00
-2.226000000000000201e-01,-1.829999999999999960e-01,2.258892723498452160e+00
-2.199000000000000121e-01,-1.829999999999999960e-01,2.065016145383301360e+00
-2.172000000000000042e-01,-1.829999999999999960e-01,1.865585052777148034e+00
-2.145000000000000240e-01,-1.829999999999999960e-01,1.660599445679989739e+00
-2.118000000000000160e-01,-1.829999999999999960e-01,1.450059324091826252e+00
-2.091000000000000081e-01,-1.829999999999999960e-01,1.233964688012661126e+00
-2.064000000000000001e-01,-1.829999999999999960e-01,1.012315537442492142e+00
-2.037000000000000199e-01,-1.829999999999999960e-01,4.672166630839883483e-01
-2.010000000000000120e-01,-1.829999999999999960e-01,0.000000000000000000e+00
-2.010000000000000120e-01,-1.829999999999999960e-01,-2.861056883675982543e-01
-1.980000000000000093e-01,-1.829999999999999960e-01,0.000000000000000000e+00
-1.950000000000000067e-01,-1.829999999999999960e-01,-8.013155857099975021e-01
-1.920000000000000040e-01,-1.829999999999999960e-01,0.000000000000000000e+00
-1.920000000000000040e-01,-1.829999999999999960e-01,-5.505517311689028803e-01
-1.894634146341463432e-01,-1.829999999999999960e-01,3.985848771687950376e-01
-1.869268292682926824e-01,-1.829999999999999960e-01,3.998507915602400042e-01
-1.843902439024390216e-01,-1.829999999999999960e-01,4.009557912585912653e-01
-1.818536585365853608e-01,-1.829999999999999960e-01,4.018998762638597011e-01
-1.793170731707317000e-01,-1.829999999999999960e-01,4.026830465760398159e-01
-1.767804878048780393e-01,-1.829999999999999960e-01,4.033053021951317207e-01
-1.742439024390243785e-01,-1.829999999999999960e-01,4.037666431211369700e-01
-1.717073170731707454e-01,-1.829999999999999960e-01,4.040670693540560632e-01
-1.691707317073170846e-01,-1.829999999999999960e-01,4.042065808938912763e-01
-1.666341463414634239e-01,-1.829999999999999960e-01,4.041851777406382240e-01
-1.640975609756097631e-01,-1.829999999999999960e-01,4.040028598942941862e-01
-1.615609756097561023e-01,-1.829999999999999960e-01,4.036596273548754832e-01
-1.590243902439024415e-01,-1.829999999999999960e-01,4.031554801223520834e-01
-1.564878048780487807e-01,-1.829999999999999960e-01,4.024904181967486339e-01
-1.539512195121951199e-01,-1.829999999999999960e-01,4.016644415780623589e-01
-1.514146341463414591e-01,-1.829999999999999960e-01,4.006775502662878186e-01
-1.488780487804877983e-01,-1.829999999999999960e-01,3.995297442614321182e-01
-1.463414634146341653e-01,-1.829999999999999960e-01,3.982210235634711659e-01
-1.438048780487805045e-01,-1.829999999999999960e-01,3.967513881724399338e-01
-1.412682926829268437e-01,-1.829999999999999960e-01,3.951208380883149962e-01
-1.387317073170731829e-01,-1.829999999999999960e-01,3.933293733110990731e-01
-1.361951219512195221e-01,-1.829999999999999960e-01,3.913769938408084847e-01
-1.336585365853658613e-01,-1.829999999999999960e-01,3.892636996774159752e-01
-1.311219512195122006e-01,-1.829999999999999960e-01,3.869894908209488005e-01
-1.285853658536585398e-01,-1.829999999999999960e-01,3.845543672713961358e-01
-1.260487804878048790e-01,-1.829999999999999960e-01,3.819583290287359989e-01
-1.235121951219512182e-01,-1.829999999999999960e-01,3.792013760930068034e-01
-1.209756097560975574e-01,-1.829999999999999960e-01,3.762835084641940608e-01
-1.184390243902439105e-01,-1.829999999999999960e-01,3.732047261422861695e-01
-1.159024390243902497e-01,-1.829999999999999960e-01,3.699650291273002822e-01
-1.133658536585365889e-01,-1.829999999999999960e-01,3.665644174192124183e-01
-1.108292682926829281e-01,-1.829999999999999960e-01,3.630028910180445045e-01
-1.082926829268292673e-01,-1.829999999999999960e-01,3.592804499237855498e-01
-1.057560975609756065e-01,-1.829999999999999960e-01,3.553970941364465452e-01
-1.032195121951219458e-01,-1.829999999999999960e-01,3.513528236560238827e-01
-1.006829268292682988e-01,-1.829999999999999960e-01,3.471476384825118444e-01
-9.814634146341463805e-02,-1.829999999999999960e-01,3.427815386159052680e-01
-9.560975609756097726e-02,-1.829999999999999960e-01,3.382545240562130906e-01
-9.307317073170731647e-02,-1.829999999999999960e-01,3.335665948034463590e-01
-9.053658536585365568e-02,-1.829999999999999960e-01,3.287177508575721552e-01
-8.799999999999999489e-02,-1.829999999999999960e-01,3.237079922186360537e-01
-8.546341463414634798e-02,-1.829999999999999960e-01,3.185373188865780469e-01
-8.292682926829268719e-02,-1.829999999999999960e-01,3.132057308614745739e-01
-8.039024390243902640e-02,-1.829999999999999960e-01,3.077132281432636840e-01
-7.785365853658536561e-02,-1.829999999999999960e-01,3.020598107319453218e-01
-7.531707317073170482e-02,-1.829999999999999960e-01,2.962454786275742769e-01
-7.278048780487804403e-02,-1.829999999999999960e-01,2.902702318301028650e-01
-7.024390243902439712e-02,-1.829999999999999960e-01,2.841340703395536238e-01
-6.770731707317073633e-02,-1.829999999999999960e-01,2.778369941558930800e-01
-6.517073170731707554e-02,-1.829999999999999960e-01,2.713790032791689177e-01
-6.263414634146341475e-02,-1.829999999999999960e-01,2.647600977093427788e-01
-6.009756097560975396e-02,-1.829999999999999960e-01,2.579802774464529103e-01
-5.756097560975609317e-02,-1.829999999999999960e-01,2.510395424904447448e-01
-5.502439024390243238e-02,-1.829999999999999960e-01,2.439378928413674097e-01
-5.248780487804877160e-02,-1.829999999999999960e-01,2.366753284992045570e-01
-4.995121951219511081e-02,-1.829999999999999960e-01,2.292518494639451954e-01
-4.741463414634145002e-02,-1.829999999999999960e-01,2.216674557356081710e-01
-4.487804878048781698e-02,-1.829999999999999960e-01,2.139221473141753038e-01
-4.234146341463415619e-02,-1.829999999999999960e-01,2.060159241996592783e-01
-3.980487804878049540e-02,-1.829999999999999960e-01,1.979487863920686708e-01
-3.726829268292683461e-02,-1.829999999999999960e-01,1.897207338913761143e-01
-3.473170731707317382e-02,-1.829999999999999960e-01,1.813317666975925169e-01
-3.219512195121951303e-02,-1.829999999999999960e-01,1.727818848107343375e-01
-2.965853658536585225e-02,-1.829999999999999960e-01,1.640710882307905849e-01
-2.712195121951219146e-02,-1.829999999999999960e-01,1.551993769577503512e-01
-2.458536585365853067e-02,-1.829999999999999960e-01,1.461667509916245722e-01
-2.204878048780486988e-02,-1.829999999999999960e-01,1.369732103324077799e-01
-1.951219512195120909e-02,-1.829999999999999960e-01,1.276187549801218457e-01
-1.697560975609754830e-02,-1.829999999999999960e-01,1.181033849347175591e-01
-1.443902439024388751e-02,-1.829999999999999960e-01,1.084271001962671815e-01
-1.190243902439025447e-02,-1.829999999999999960e-01,9.858990076470154629e-02
-9.365853658536593684e-03,-1.829999999999999960e-01,8.859178664006248094e-02
-6.829268292682932895e-03,-1.829999999999999960e-01,7.843275782232146665e-02
-4.292682926829272105e-03,-1.829999999999999960e-01,6.811281431150582877e-02
-1.756097560975611316e-03,-1.756097560975611316e-03,5.763195610760465937e-02
7.804878048780494737e-04,-1.829999999999999960e-01,4.699018321060152020e-02
3.317073170731710263e-03,-1.829999999999999960e-01,3.618749562052925306e-02
5.853658536585371053e-03,-1.829999999999999960e-01,2.522389333736049094e-02
8.390243902439031842e-03,-1.829999999999999960e-01,1.409937636110618515e-02
1.092682926829269263e-02,-1.829999999999999960e-01,2.813944691766331798e-03
1.346341463414635342e-02,-1.829999999999999960e-01,-8.632401670653645082e-03
1.600000000000000033e-02,-1.829999999999999960e-01,0.000000000000000000e+00
1.800000000000000211e-02,-1.829999999999999960e-01,0.000000000000000000e+00
2.000000000000000042e-02,-1.829999999999999960e-01,0.000000000000000000e+00
2.199999999999999872e-02,-1.829999999999999960e-01,7.198728063886530304e-01
2.400000000000000050e-02,-1.829999999999999960e-01,-8.306896660259956156e-02
2.655319148936170076e-02,-1.829999999999999960e-01,-7.371918987313787197e-02
2.910638297872340449e-02,-1.829999999999999960e-01,-6.469543333925498185e-02
3.165957446808510822e-02,-1.829999999999999960e-01,-5.599769700098890246e-02
3.421276595744680848e-02,-1.829999999999999960e-01,-4.762598085833404105e-02
3.676595744680850875e-02,-1.829999999999999960e-01,-3.958028491127417448e-02
3.931914893617020901e-02,-1.829999999999999960e-01,-3.186060915985813174e-02
4.187234042553191621e-02,-1.829999999999999960e-01,-2.446695360400464453e-02
4.442553191489361647e-02,-1.829999999999999960e-01,-1.739931824377868169e-02
4.697872340425531673e-02,-1.829999999999999960e-01,-1.065770307916942723e-02
4.953191489361702393e-02,-1.829999999999999960e-01,-4.242108110155224862e-03
5.208510638297872419e-02,-1.829999999999999960e-01,1.847466663236833808e-03
5.463829787234042445e-02,-1.829999999999999960e-01,7.611021241028461878e-03
5.719148936170212472e-02,-1.829999999999999960e-01,1.304855562323593149e-02
5.974468085106383192e-02,-1.829999999999999960e-01,1.816006980979412155e-02
6.229787234042553218e-02,-1.829999999999999960e-01,2.294556380076277768e-02
6.485106382978722550e-02,-1.829999999999999960e-01,2.740503759613088092e-02
6.740425531914892576e-02,-1.829999999999999960e-01,3.153849119588230526e-02
6.995744680851062602e-02,-1.829999999999999960e-01,3.534592460003854741e-02
7.251063829787234016e-02,-1.829999999999999960e-01,3.882733780856213041e-02
7.506382978723404042e-02,-1.829999999999999960e-01,4.198273082149595742e-02
7.761702127659574069e-02,-1.829999999999999960e-01,4.481210363882368042e-02
8.017021276595745483e-02,-1.829999999999999960e-01,4.731545626054058096e-02
8.272340425531915509e-02,-1.829999999999999960e-01,4.949278868664051118e-02
8.527659574468085535e-02,-1.829999999999999960e-01,5.134410091713999952e-02
8.782978723404255561e-02,-1.829999999999999960e-01,5.286939295203906680e-02
9.038297872340425587e-02,-1.829999999999999960e-01,5.406866479131051950e-02
9.293617021276595613e-02,-1.829999999999999960e-01,5.494191643499785060e-02
9.548936170212765639e-02,-1.829999999999999960e-01,5.548914788305758100e-02
9.804255319148935666e-02,-1.829999999999999960e-01,5.571035913551143637e-02
1.005957446808510569e-01,-1.829999999999999960e-01,5.560555019237573698e-02
1.031489361702127572e-01,-1.829999999999999960e-01,5.517472105361242302e-02
1.057021276595744574e-01,-1.829999999999999960e-01,5.441787171924868105e-02
1.082553191489361577e-01,-1.829999999999999960e-01,5.333500218927364478e-02
1.108085106382978580e-01,-1.829999999999999960e-01,5.192611246369816663e-02
1.133617021276595582e-01,-1.829999999999999960e-01,5.019120254251139418e-02
1.159148936170212585e-01,-1.829999999999999960e-01,4.813027242571823322e-02
1.184680851063829865e-01,-1.829999999999999960e-01,4.574332211330394554e-02
1.210212765957446868e-01,-1.829999999999999960e-01,4.303035160530500891e-02
1.235744680851063870e-01,-1.829999999999999960e-01,3.999136090167846463e-02
1.261276595744680873e-01,-1.829999999999999960e-01,3.662635000244605227e-02
1.286808510638297876e-01,-1.829999999999999960e-01,3.293531890762408515e-02
1.312340425531914878e-01,-1.829999999999999960e-01,2.891826761717450692e-02
1.337872340425531881e-01,-1.829999999999999960e-01,2.457519613112993384e-02
1.363404255319148883e-01,-1.829999999999999960e-01,1.990610444945775312e-02
1.388936170212765886e-01,-1.829999999999999960e-01,1.491099257221231884e-02
1.414468085106382889e-01,-1.829999999999999960e-01,9.589860499317535633e-03
1.439999999999999891e-01,-1.829999999999999960e-01,0.000000000000000000e+00
1.439999999999999891e-01,-1.829999999999999960e-01,0.000000000000000000e+00
1.469999999999999918e-01,-1.829999999999999960e-01,0.000000000000000000e+00
1.499999999999999944e-01,-1.829999999999999960e-01,0.000000000000000000e+00
1.529999999999999971e-01,-1.829999999999999960e-01,0.000000000000000000e+00
1.529999999999999971e-01,-1.829999999999999960e-01,-7.243104950771218631e-01
1.555555555555555580e-01,-1.829999999999999960e-01,-6.792308188825598725e-01
1.581111111111111189e-01,-1.829999999999999960e-01,-6.377096312617941409e-01
1.606666666666666798e-01,-1.829999999999999960e-01,-5.997469322147606086e-01
1.632222222222222130e-01,-1.829999999999999960e-01,-5.653427217414722650e-01
1.657777777777777739e-01,-1.829999999999999960e-01,-5.344969998419324408e-01
1.683333333333333348e-01,-1.829999999999999960e-01,-5.072097665161562352e-01
1.708888888888888957e-01,-1.829999999999999960e-01,-4.834810217641274943e-01
1.734444444444444566e-01,-1.829999999999999960e-01,-4.633107655858620388e-01
1.759999999999999898e-01,-1.829999999999999960e-01,-4.466989979813285050e-01
1.785555555555555507e-01,-1.829999999999999960e-01,-4.336457189505473764e-01
1.811111111111111116e-01,-1.829999999999999960e-01,-4.241509284935353619e-01
1.836666666666666725e-01,-1.829999999999999960e-01,-4.182146266102653165e-01
1.862222222222222334e-01,-1.829999999999999960e-01,-4.158368133007362966e-01
1.887777777777777666e-01,-1.829999999999999960e-01,-4.170174885649791663e-01
1.913333333333333552e-01,-1.829999999999999960e-01,-4.217566524029658370e-01
1.938888888888888884e-01,-1.829999999999999960e-01,-4.300543048146970859e-01
1.964444444444444493e-01,-1.829999999999999960e-01,-4.419104458001803515e-01
1.990000000000000102e-01,-1.829999999999999960e-01,-4.573250753594326756e-01
2.015555555555555711e-01,-1.829999999999999960e-01,-4.762981934924215843e-01
2.041111111111111320e-01,-1.829999999999999960e-01,-4.988298001991578468e-01
2.066666666666666652e-01,-1.829999999999999960e-01,-5.249198954796632233e-01
2.092222222222222261e-01,-1.829999999999999960e-01,-5.545684793339106244e-01
2.117777777777777870e-01,-1.829999999999999960e-01,-5.877755517618945547e-01
2.143333333333333479e-01,-1.829999999999999960e-01,-6.245411127636638637e-01
2.168888888888889088e-01,-1.829999999999999960e-01,-6.648651623391551579e-01
2.194444444444444420e-01,-1.829999999999999960e-01,-7.087477004884098486e-01
2.220000000000000306e-01,-1.829999999999999960e-01,-7.561887272114155012e-01
2.245555555555555638e-01,-1.829999999999999960e-01,-8.071882425081770007e-01
2.271111111111111247e-01,-1.829999999999999960e-01,-8.617462463786887961e-01
2.296666666666666856e-01,-1.829999999999999960e-01,-9.198627388229415613e-01
2.322222222222222188e-01,-1.829999999999999960e-01,-9.815377198409573900e-01
2.347777777777778074e-01,-1.829999999999999960e-01,-1.046771189432722515e+00
2.373333333333333406e-01,-1.829999999999999960e-01,-1.115563147598236826e+00
2.398888888888889015e-01,-1.829999999999999960e-01,-1.187913594337507206e+00
2.424444444444444624e-01,-1.829999999999999960e-01,-1.263822529650527882e+00
2.450000000000000233e-01,-1.829999999999999960e-01,-1.343289953537295744e+00
2.475555555555555842e-01,-1.829999999999999960e-01,-1.426315865997818344e+00
2.501111111111111174e-01,-1.829999999999999960e-01,-1.512900267032095458e+00
2.526666666666667060e-01,-1.829999999999999960e-01,-1.603043156640124423e+00
2.552222222222222392e-01,-1.829999999999999960e-01,-1.696744534821897910e+00
2.577777777777777724e-01,-1.829999999999999960e-01,-1.794004401577428798e+00
2.603333333333333610e-01,-1.829999999999999960e-01,-1.894822756906710204e+00
2.628888888888888942e-01,-1.829999999999999960e-01,-1.999199600809745681e+00
2.654444444444444828e-01,-1.829999999999999960e-01,-2.107134933286528788e+00
2.680000000000000160e-01,-1.829999999999999960e-01,0.000000000000000000e+00
2.680000000000000160e-01,-1.829999999999999960e-01,0.000000000000000000e+00
2.705037593984962463e-01,-1.829999999999999960e-01,0.000000000000000000e+00
2.730075187969924766e-01,-1.829999999999999960e-01,0.000000000000000000e+00
2.755112781954887624e-01,-1.829999999999999960e-01,0.000000000000000000e+00
2.780150375939849927e-01,-1.829999999999999960e-01,0.000000000000000000e+00
2.805187969924812230e-01,-1.829999999999999960e-01,0.000000000000000000e+00
2.830225563909774533e-01,-1.829999999999999960e-01,0.000000000000000000e+00
2.855263157894736836e-01,-1.829999999999999960e-01,0.000000000000000000e+00
2.880300751879699694e-01,-1.829999999999999960e-01,0.000000000000000000e+00
2.905338345864661997e-01,-1.829999999999999960e-01,0.000000000000000000e+00
2.930375939849624300e-01,-1.829999999999999960e-01,0.000000000000000000e+00
2.955413533834586604e-01,-1.829999999999999960e-01,0.000000000000000000e+00
2.980451127819548907e-01,-1.829999999999999960e-01,0.000000000000000000e+00
3.005488721804511210e-01,-1.829999999999999960e-01,0.000000000000000000e+00
3.030526315789474068e-01,-1.829999999999999960e-01,0.000000000000000000e+00
3.055563909774436371e-01,-1.829999999999999960e-01,0.000000000000000000e+00
3.080601503759398674e-01,-1.829999999999999960e-01,0.000000000000000000e+00
3.105639097744360977e-01,-1.829999999999999960e-01,0.000000000000000000e+00
3.130676691729323280e-01,-1.829999999999999960e-01,0.000000000000000000e+00
3.155714285714286138e-01,-1.829999999999999960e-01,0.000000000000000000e+00
3.180751879699248441e-01,-1.829999999999999960e-01,0.000000000000000000e+00
3.205789473684210744e-01,-1.829999999999999960e-01,0.000000000000000000e+00
3.230827067669173047e-01,-1.829999999999999960e-01,0.000000000000000000e+00
3.255864661654135350e-01,-1.829999999999999960e-01,0.000000000000000000e+00
3.280902255639097653e-01,-1.829999999999999960e-01,0.000000000000000000e+00
3.305939849624060511e-01,-1.829999999999999960e-01,0.000000000000000000e+00
3.330977443609022814e-01,-1.829999999999999960e-01,0.000000000000000000e+00
3.356015037593985118e-01,-1.829999999999999960e-01,0.000000000000000000e+00
3.381052631578947421e-01,-1.829999999999999960e-01,0.000000000000000000e+00
3.406090225563910279e-01,-1.829999999999999960e-01,0.000000000000000000e+00
3.431127819548872582e-01,-1.829999999999999960e-01,0.000000000000000000e+00
3.456165413533834885e-01,-1.829999999999999960e-01,0.000000000000000000e+00
3.481203007518797188e-01,-1.829999999999999960e-01,0.000000000000000000e+00
3.506240601503759491e-01,-1.829999999999999960e-01,0.000000000000000000e+00
3.531278195488721794e-01,-1.829999999999999960e-01,0.000000000000000000e+00
3.556315789473684097e-01,-1.829999999999999960e-01,0.000000000000000000e+00
3.581353383458646955e-01,-1.829999999999999960e-01,0.000000000000000000e+00
3.606390977443609258e-01,-1.829999999999999960e-01,0.000000000000000000e+00
3.631428571428571561e-01,-1.829999999999999960e-01,0.000000000000000000e+00
3.656466165413533864e-01,-1.829999999999999960e-01,0.000000000000000000e+00
3.681503759398496722e-01,-1.829999999999999960e-01,0.000000000000000000e+00
3.706541353383459025e-01,-1.829999999999999960e-01,0.000000000000000000e+00
3.731578947368421328e-01,-1.829999999999999960e-01,0.000000000000000000e+00
3.756616541353383631e-01,-1.829999999999999960e-01,0.000000000000000000e+00
3.781654135338345935e-01,-1.829999999999999960e-01,0.000000000000000000e+00
3.806691729323308238e-01,-1.829999999999999960e-01,0.000000000000000000e+00
3.831729323308270541e-01,-1.829999999999999960e-01,0.000000000000000000e+00
3.856766917293233399e-01,-1.829999999999999960e-01,0.000000000000000000e+00
3.881804511278195702e-01,-1.829999999999999960e-01,0.000000000000000000e+00
3.906842105263158005e-01,-1.829999999999999960e-01,0.000000000000000000e+00
3.931879699248120863e-01,-1.829999999999999960e-01,0.000000000000000000e+00
3.956917293233083166e-01,-1.829999999999999960e-01,0.000000000000000000e+00
3.981954887218045469e-01,-1.829999999999999960e-01,0.000000000000000000e+00
4.006992481203007772e-01,-1.829999999999999960e-01,0.000000000000000000e+00
4.032030075187970075e-01,-1.829999999999999960e-01,0.000000000000000000e+00
4.057067669172932378e-01,-1.829999999999999960e-01,0.000000000000000000e+00
4.082105263157894681e-01,-1.829999999999999960e-01,0.000000000000000000e+00
4.107142857142856984e-01,-1.829999999999999960e-01,0.000000000000000000e+00
4.132180451127819842e-01,-1.829999999999999960e-01,0.000000000000000000e+00
4.157218045112782145e-01,-1.829999999999999960e-01,0.000000000000000000e+00
4.182255639097744448e-01,-1.829999999999999960e-01,0.000000000000000000e+00
4.207293233082707307e-01,-1.829999999999999960e-01,0.000000000000000000e+00
4.232330827067669610e-01,-1.829999999999999960e-01,0.000000000000000000e+00
4.257368421052631913e-01,-1.829999999999999960e-01,0.000000000000000000e+00
4.282406015037594216e-01,-1.829999999999999960e-01,0.000000000000000000e+00
4.307443609022556519e-01,-1.829999999999999960e-01,0.000000000000000000e+00
4.332481203007518822e-01,-1.829999999999999960e-01,0.000000000000000000e+00
4.357518796992481125e-01,-1.829999999999999960e-01,0.000000000000000000e+00
4.382556390977443983e-01,-1.829999999999999960e-01,0.000000000000000000e+00
4.407593984962406286e-01,-1.829999999999999960e-01,0.000000000000000000e+00
4.432631578947368589e-01,-1.829999999999999960e-01,0.000000000000000000e+00
4.457669172932331447e-01,-1.829999999999999960e-01,0.000000000000000000e+00
4.482706766917293750e-01,-1.829999999999999960e-01,0.000000000000000000e+00
4.507744360902256053e-01,-1.829999999999999960e-01,0.000000000000000000e+00
4.532781954887218356e-01,-1.829999999999999960e-01,0.000000000000000000e+00
4.557819548872180659e-01,-1.829999999999999960e-01,0.000000000000000000e+00
4.582857142857142962e-01,-1.829999999999999960e-01,0.000000000000000000e+00
4.607894736842105265e-01,-1.829999999999999960e-01,0.000000000000000000e+00
4.632932330827067569e-01,-1.829999999999999960e-01,0.000000000000000000e+00
4.657969924812030427e-01,-1.829999999999999960e-01,0.000000000000000000e+00
4.683007518796992730e-01,-1.829999999999999960e-01,0.000000000000000000e+00
4.708045112781955033e-01,-1.829999999999999960e-01,0.000000000000000000e+00
4.733082706766917891e-01,-1.829999999999999960e-01,0.000000000000000000e+00
4.758120300751880194e-01,-1.829999999999999960e-01,0.000000000000000000e+00
4.783157894736842497e-01,-1.829999999999999960e-01,0.000000000000000000e+00
4.808195488721804800e-01,-1.829999999999999960e-01,0.000000000000000000e+00
4.833233082706767103e-01,-1.829999999999999960e-01,0.000000000000000000e+00
4.858270676691729406e-01,-1.829999999999999960e-01,0.000000000000000000e+00
4.883308270676691709e-01,-1.829999999999999960e-01,0.000000000000000000e+00
4.908345864661654012e-01,-1.829999999999999960e-01,0.000000000000000000e+00
4.933383458646616870e-01,-1.829999999999999960e-01,0.000000000000000000e+00
4.958421052631579173e-01,-1.829999999999999960e-01,0.000000000000000000e+00
4.983458646616541476e-01,-1.829999999999999960e-01,0.000000000000000000e+00
5.008496240601504335e-01,-1.829999999999999960e-01,0.000000000000000000e+00
5.033533834586466638e-01,-1.829999999999999960e-01,0.000000000000000000e+00
5.058571428571428941e-01,-1.829999999999999960e-01,0.000000000000000000e+00
5.083609022556391244e-01,-1.829999999999999960e-01,0.000000000000000000e+00
5.108646616541353547e-01,-1.829999999999999960e-01,0.000000000000000000e+00
5.133684210526315850e-01,-1.829999999999999960e-01,0.000000000000000000e+00
5.158721804511278153e-01,-1.829999999999999960e-01,0.000000000000000000e+00
5.183759398496241566e-01,-1.829999999999999960e-01,0.000000000000000000e+00
5.208796992481203869e-01,-1.829999999999999960e-01,0.000000000000000000e+00
5.233834586466166172e-01,-1.829999999999999960e-01,0.000000000000000000e+00
5.258872180451128475e-01,-1.829999999999999960e-01,0.000000000000000000e+00
5.283909774436090778e-01,-1.829999999999999960e-01,0.000000000000000000e+00
5.308947368421053081e-01,-1.829999999999999960e-01,0.000000000000000000e+00
5.333984962406015384e-01,-1.829999999999999960e-01,0.000000000000000000e+00
5.359022556390977687e-01,-1.829999999999999960e-01,0.000000000000000000e+00
5.384060150375939990e-01,-1.829999999999999960e-01,0.000000000000000000e+00
5.409097744360902293e-01,-1.829999999999999960e-01,0.000000000000000000e+00
5.434135338345864596e-01,-1.829999999999999960e-01,0.000000000000000000e+00
5.459172932330826900e-01,-1.829999999999999960e-01,0.000000000000000000e+00
5.484210526315789203e-01,-1.829999999999999960e-01,0.000000000000000000e+00
5.509248120300751506e-01,-1.829999999999999960e-01,0.000000000000000000e+00
5.534285714285713809e-01,-1.829999999999999960e-01,0.000000000000000000e+00
5.559323308270677222e-01,-1.829999999999999960e-01,0.000000000000000000e+00
5.584360902255639525e-01,-1.829999999999999960e-01,0.000000000000000000e+00
5.609398496240601828e-01,-1.829999999999999960e-01,0.000000000000000000e+00
5.634436090225564131e-01,-1.829999999999999960e-01,0.000000000000000000e+00
5.659473684210526434e-01,-1.829999999999999960e-01,0.000000000000000000e+00
5.684511278195488737e-01,-1.829999999999999960e-01,0.000000000000000000e+00
5.709548872180452150e-01,-1.829999999999999960e-01,0.000000000000000000e+00
5.734586466165414453e-01,-1.829999999999999960e-01,0.000000000000000000e+00
5.759624060150376756e-01,-1.829999999999999960e-01,0.000000000000000000e+00
5.784661654135339059e-01,-1.829999999999999960e-01,0.000000000000000000e+00
5.809699248120301363e-01,-1.829999999999999960e-01,0.000000000000000000e+00
5.834736842105263666e-01,-1.829999999999999960e-01,0.000000000000000000e+00
5.859774436090225969e-01,-1.829999999999999960e-01,0.000000000000000000e+00
5.884812030075188272e-01,-1.829999999999999960e-01,0.000000000000000000e+00
5.909849624060150575e-01,-1.829999999999999960e-01,0.000000000000000000e+00
5.934887218045112878e-01,-1.829999999999999960e-01,0.000000000000000000e+00
5.959924812030075181e-01,-1.829999999999999960e-01,0.000000000000000000e+00
5.984962406015037484e-01,-1.829999999999999960e-01,0.000000000000000000e+00
6.009999999999999787e-01,-1.829999999999999960e-01,0.000000000000000000e+00
6.035037593984962090e-01,-1.829999999999999960e-01,0.000000000000000000e+00
6.060075187969924393e-01,-1.829999999999999960e-01,0.000000000000000000e+00
6.085112781954887806e-01,-1.829999999999999960e-01,0.000000000000000000e+00
6.110150375939850109e-01,-1.829999999999999960e-01,0.000000000000000000e+00
6.135187969924812412e-01,-1.829999999999999960e-01,0.000000000000000000e+00
6.160225563909774715e-01,-1.829999999999999960e-01,0.000000000000000000e+00
6.185263157894737018e-01,-1.829999999999999960e-01,0.000000000000000000e+00
6.210300751879699321e-01,-1.829999999999999960e-01,0.000000000000000000e+00
6.235338345864662735e-01,-1.829999999999999960e-01,0.000000000000000000e+00
6.260375939849625038e-01,-1.829999999999999960e-01,0.000000000000000000e+00
6.285413533834587341e-01,-1.829999999999999960e-01,0.000000000000000000e+00
6.310451127819549644e-01,-1.829999999999999960e-01,0.000000000000000000e+00
6.335488721804511947e-01,-1.829999999999999960e-01,0.000000000000000000e+00
6.360526315789474250e-01,-1.829999999999999960e-01,0.000000000000000000e+00
6.385563909774436553e-01,-1.829999999999999960e-01,0.000000000000000000e+00
6.410601503759398856e-01,-1.829999999999999960e-01,0.000000000000000000e+00
6.435639097744361159e-01,-1.829999999999999960e-01,0.000000000000000000e+00
6.460676691729323462e-01,-1.829999999999999960e-01,0.000000000000000000e+00
6.485714285714285765e-01,-1.829999999999999960e-01,0.000000000000000000e+00
6.510751879699248068e-01,-1.829999999999999960e-01,0.000000000000000000e+00
6.535789473684210371e-01,-1.829999999999999960e-01,0.000000000000000000e+00
6.560827067669172674e-01,-1.829999999999999960e-01,0.000000000000000000e+00
6.585864661654134977e-01,-1.829999999999999960e-01,0.000000000000000000e+00
6.610902255639097280e-01,-1.829999999999999960e-01,0.000000000000000000e+00
6.635939849624060694e-01,-1.829999999999999960e-01,0.000000000000000000e+00
6.660977443609022997e-01,-1.829999999999999960e-01,0.000000000000000000e+00
6.686015037593985300e-01,-1.829999999999999960e-01,0.000000000000000000e+00
6.711052631578947603e-01,-1.829999999999999960e-01,0.000000000000000000e+00
6.736090225563909906e-01,-1.829999999999999960e-01,0.000000000000000000e+00
6.761127819548873319e-01,-1.829999999999999960e-01,0.000000000000000000e+00
6.786165413533835622e-01,-1.829999999999999960e-01,0.000000000000000000e+00
6.811203007518797925e-01,-1.829999999999999960e-01,0.000000000000000000e+00
6.836240601503760228e-01,-1.829999999999999960e-01,0.000000000000000000e+00
6.861278195488722531e-01,-1.829999999999999960e-01,0.000000000000000000e+00
6.886315789473684834e-01,-1.829999999999999960e-01,0.000000000000000000e+00
6.911353383458647137e-01,-1.829999999999999960e-01,0.000000000000000000e+00
6.936390977443609440e-01,-1.829999999999999960e-01,0.000000000000000000e+00
6.961428571428571743e-01,-1.829999999999999960e-01,0.000000000000000000e+00
6.986466165413534046e-01,-1.829999999999999960e-01,0.000000000000000000e+00
7.011503759398496349e-01,-1.829999999999999960e-01,0.000000000000000000e+00
7.036541353383458652e-01,-1.829999999999999960e-01,0.000000000000000000e+00
7.061578947368420955e-01,-1.829999999999999960e-01,0.000000000000000000e+00
7.086616541353383258e-01,-1.829999999999999960e-01,0.000000000000000000e+00
7.111654135338345561e-01,-1.829999999999999960e-01,0.000000000000000000e+00
7.136691729323307865e-01,-1.829999999999999960e-01,0.000000000000000000e+00
7.161729323308271278e-01,-1.829999999999999960e-01,0.000000000000000000e+00
7.186766917293233581e-01,-1.829999999999999960e-01,0.000000000000000000e+00
7.211804511278195884e-01,-1.829999999999999960e-01,0.000000000000000000e+00
7.236842105263158187e-01,-1.829999999999999960e-01,0.000000000000000000e+00
7.261879699248120490e-01,-1.829999999999999960e-01,0.000000000000000000e+00
7.286917293233082793e-01,-1.829999999999999960e-01,0.000000000000000000e+00
7.311954887218046206e-01,-1.829999999999999960e-01,0.000000000000000000e+00
7.336992481203008509e-01,-1.829999999999999960e-01,0.000000000000000000e+00
7.362030075187970812e-01,-1.829999999999999960e-01,0.000000000000000000e+00
7.387067669172933115e-01,-1.829999999999999960e-01,0.000000000000000000e+00
7.412105263157895418e-01,-1.829999999999999960e-01,0.000000000000000000e+00
7.437142857142857721e-01,-1.829999999999999960e-01,0.000000000000000000e+00
7.462180451127820024e-01,-1.829999999999999960e-01,0.000000000000000000e+00
7.487218045112782328e-01,-1.829999999999999960e-01,0.000000000000000000e+00
7.512255639097744631e-01,-1.829999999999999960e-01,0.000000000000000000e+00
7.537293233082706934e-01,-1.829999999999999960e-01,0.000000000000000000e+00
7.562330827067669237e-01,-1.829999999999999960e-01,0.000000000000000000e+00
7.587368421052631540e-01,-1.829999999999999960e-01,0.000000000000000000e+00
7.612406015037593843e-01,-1.829999999999999960e-01,0.000000000000000000e+00
7.637443609022556146e-01,-1.829999999999999960e-01,0.000000000000000000e+00
7.662481203007518449e-01,-1.829999999999999960e-01,0.000000000000000000e+00
7.687518796992481862e-01,-1.829999999999999960e-01,0.000000000000000000e+00
7.712556390977444165e-01,-1.829999999999999960e-01,0.000000000000000000e+00
7.737593984962406468e-01,-1.829999999999999960e-01,0.000000000000000000e+00
7.762631578947368771e-01,-1.829999999999999960e-01,0.000000000000000000e+00
7.787669172932331074e-01,-1.829999999999999960e-01,0.000000000000000000e+00
7.812706766917293377e-01,-1.829999999999999960e-01,0.000000000000000000e+00
7.837744360902255680e-01,-1.829999999999999960e-01,0.000000000000000000e+00
7.862781954887217983e-01,-1.829999999999999960e-01,0.000000000000000000e+00
7.887819548872181397e-01,-1.829999999999999960e-01,0.000000000000000000e+00
7.912857142857143700e-01,-1.829999999999999960e-01,0.000000000000000000e+00
7.937894736842106003e-01,-1.829999999999999960e-01,0.000000000000000000e+00
7.962932330827068306e-01,-1.829999999999999960e-01,0.000000000000000000e+00
7.987969924812030609e-01,-1.829999999999999960e-01,0.000000000000000000e+00
8.013007518796992912e-01,-1.829999999999999960e-01,0.000000000000000000e+00
8.038045112781955215e-01,-1.829999999999999960e-01,0.000000000000000000e+00
8.063082706766917518e-01,-1.829999999999999960e-01,0.000000000000000000e+00
8.088120300751879821e-01,-1.829999999999999960e-01,0.000000000000000000e+00
8.113157894736842124e-01,-1.829999999999999960e-01,0.000000000000000000e+00
8.138195488721804427e-01,-1.829999999999999960e-01,0.000000000000000000e+00
8.163233082706767840e-01,-1.829999999999999960e-01,0.000000000000000000e+00
8.188270676691730143e-01,-1.829999999999999960e-01,0.000000000000000000e+00
8.213308270676692446e-01,-1.829999999999999960e-01,0.000000000000000000e+00
8.238345864661654749e-01,-1.829999999999999960e-01,0.000000000000000000e+00
8.263383458646617052e-01,-1.829999999999999960e-01,0.000000000000000000e+00
8.288421052631579355e-01,-1.829999999999999960e-01,0.000000000000000000e+00
8.313458646616541659e-01,-1.829999999999999960e-01,0.000000000000000000e+00
8.338496240601503962e-01,-1.829999999999999960e-01,0.000000000000000000e+00
8.363533834586466265e-01,-1.829999999999999960e-01,0.000000000000000000e+00
8.388571428571428568e-01,-1.829999999999999960e-01,0.000000000000000000e+00
8.413609022556390871e-01,-1.829999999999999960e-01,0.000000000000000000e+00
8.438646616541354284e-01,-1.829999999999999960e-01,0.000000000000000000e+00
8.463684210526316587e-01,-1.829999999999999960e-01,0.000000000000000000e+00
8.488721804511278890e-01,-1.829999999999999960e-01,0.000000000000000000e+00
8.513759398496241193e-01,-1.829999999999999960e-01,0.000000000000000000e+00
8.538796992481203496e-01,-1.829999999999999960e-01,0.000000000000000000e+00
8.563834586466165799e-01,-1.829999999999999960e-01,0.000000000000000000e+00
8.588872180451128102e-01,-1.829999999999999960e-01,0.000000000000000000e+00
8.613909774436090405e-01,-1.829999999999999960e-01,0.000000000000000000e+00
8.638947368421052708e-01,-1.829999999999999960e-01,0.000000000000000000e+00
8.663984962406015011e-01,-1.829999999999999960e-01,0.000000000000000000e+00
8.689022556390977314e-01,-1.829999999999999960e-01,0.000000000000000000e+00
8.714060150375940728e-01,-1.829999999999999960e-01,0.000000000000000000e+00
8.739097744360903031e-01,-1.829999999999999960e-01,0.000000000000000000e+00
8.764135338345865334e-01,-1.829999999999999960e-01,0.000000000000000000e+00
8.789172932330827637e-01,-1.829999999999999960e-01,0.000000000000000000e+00
8.814210526315789940e-01,-1.829999999999999960e-01,0.000000000000000000e+00
8.839248120300752243e-01,-1.829999999999999960e-01,0.000000000000000000e+00
8.864285714285714546e-01,-1.829999999999999960e-01,0.000000000000000000e+00
8.889323308270676849e-01,-1.829999999999999960e-01,0.000000000000000000e+00
8.914360902255639152e-01,-1.829999999999999960e-01,0.000000000000000000e+00
8.939398496240601455e-01,-1.829999999999999960e-01,0.000000000000000000e+00
8.964436090225564868e-01,-1.829999999999999960e-01,0.000000000000000000e+00
8.989473684210527171e-01,-1.829999999999999960e-01,0.000000000000000000e+00
9.014511278195489474e-01,-1.829999999999999960e-01,0.000000000000000000e+00
9.039548872180451777e-01,-1.829999999999999960e-01,0.000000000000000000e+00
9.064586466165414080e-01,-1.829999999999999960e-01,0.000000000000000000e+00
9.089624060150376383e-01,-1.829999999999999960e-01,0.000000000000000000e+00
9.114661654135338686e-01,-1.829999999999999960e-01,0.000000000000000000e+00
9.139699248120300989e-01,-1.829999999999999960e-01,0.000000000000000000e+00
9.164736842105263293e-01,-1.829999999999999960e-01,0.000000000000000000e+00
9.189774436090225596e-01,-1.829999999999999960e-01,0.000000000000000000e+00
9.214812030075187899e-01,-1.829999999999999960e-01,0.000000000000000000e+00
9.239849624060151312e-01,-1.829999999999999960e-01,0.000000000000000000e+00
9.264887218045113615e-01,-1.829999999999999960e-01,0.000000000000000000e+00
9.289924812030075918e-01,-1.829999999999999960e-01,0.000000000000000000e+00
9.314962406015038221e-01,-1.829999999999999960e-01,0.000000000000000000e+00
9.340000000000000524e-01,-1.829999999999999960e-01,0.000000000000000000e+00
9.365037593984962827e-01,-1.829999999999999960e-01,0.000000000000000000e+00
9.390075187969925130e-01,-1.829999999999999960e-01,0.000000000000000000e+00
9.415112781954887433e-01,-1.829999999999999960e-01,0.000000000000000000e+00
9.440150375939849736e-01,-1.829999999999999960e-01,0.000000000000000000e+00
9.465187969924812039e-01,-1.829999999999999960e-01,0.000000000000000000e+00
9.490225563909775452e-01,-1.829999999999999960e-01,0.000000000000000000e+00
9.515263157894737756e-01,-1.829999999999999960e-01,0.000000000000000000e+00
9.540300751879700059e-01,-1.829999999999999960e-01,0.000000000000000000e+00
9.565338345864662362e-01,-1.829999999999999960e-01,0.000000000000000000e+00
9.590375939849624665e-01,-1.829999999999999960e-01,0.000000000000000000e+00
9.615413533834586968e-01,-1.829999999999999960e-01,0.000000000000000000e+00
9.640451127819549271e-01,-1.829999999999999960e-01,0.000000000000000000e+00
9.665488721804511574e-01,-1.829999999999999960e-01,0.000000000000000000e+00
9.690526315789473877e-01,-1.829999999999999960e-01,0.000000000000000000e+00
9.715563909774436180e-01,-1.829999999999999960e-01,0.000000000000000000e+00
9.740601503759398483e-01,-1.829999999999999960e-01,0.000000000000000000e+00
9.765639097744361896e-01,-1.829999999999999960e-01,0.000000000000000000e+00
9.790676691729324199e-01,-1.829999999999999960e-01,0.000000000000000000e+00
9.815714285714286502e-01,-1.829999999999999960e-01,0.000000000000000000e+00
9.840751879699248805e-01,-1.829999999999999960e-01,0.000000000000000000e+00
9.865789473684211108e-01,-1.829999999999999960e-01,0.000000000000000000e+00
9.890827067669173411e-01,-1.829999999999999960e-01,0.000000000000000000e+00
9.915864661654135714e-01,-1.829999999999999960e-01,0.000000000000000000e+00
9.940902255639098017e-01,-1.829999999999999960e-01,0.000000000000000000e+00
9.965939849624060320e-01,-1.829999999999999960e-01,0.000000000000000000e+00
9.990977443609022624e-01,-1.829999999999999960e-01,0.000000000000000000e+00
1.001601503759398604e+00,-1.829999999999999960e-01,0.000000000000000000e+00
1.004105263157894834e+00,-1.829999999999999960e-01,0.000000000000000000e+00
1.006609022556391064e+00,-1.829999999999999960e-01,0.000000000000000000e+00
1.009112781954887295e+00,-1.829999999999999960e-01,0.000000000000000000e+00
1.011616541353383525e+00,-1.829999999999999960e-01,0.000000000000000000e+00
1.014120300751879755e+00,-1.829999999999999960e-01,0.000000000000000000e+00
1.016624060150375986e+00,-1.829999999999999960e-01,0.000000000000000000e+00
1.019127819548872216e+00,-1.829999999999999960e-01,0.000000000000000000e+00
1.021631578947368446e+00,-1.829999999999999960e-01,0.000000000000000000e+00
1.024135338345864676e+00,-1.829999999999999960e-01,0.000000000000000000e+00
1.026639097744360907e+00,-1.829999999999999960e-01,0.000000000000000000e+00
1.029142857142857137e+00,-1.829999999999999960e-01,0.000000000000000000e+00
1.031646616541353367e+00,-1.829999999999999960e-01,0.000000000000000000e+00
1.034150375939849820e+00,-1.829999999999999960e-01,0.000000000000000000e+00
1.036654135338345828e+00,-1.829999999999999960e-01,0.000000000000000000e+00
1.039157894736842280e+00,-1.829999999999999960e-01,0.000000000000000000e+00
1.041661654135338289e+00,-1.829999999999999960e-01,0.000000000000000000e+00
1.044165413533834741e+00,-1.829999999999999960e-01,0.000000000000000000e+00
1.046669172932330749e+00,-1.829999999999999960e-01,0.000000000000000000e+00
1.049172932330827201e+00,-1.829999999999999960e-01,0.000000000000000000e+00
1.051676691729323210e+00,-1.829999999999999960e-01,0.000000000000000000e+00
1.054180451127819662e+00,-1.829999999999999960e-01,0.000000000000000000e+00
1.056684210526315892e+00,-1.829999999999999960e-01,0.000000000000000000e+00
1.059187969924812123e+00,-1.829999999999999960e-01,0.000000000000000000e+00
1.061691729323308353e+00,-1.829999999999999960e-01,0.000000000000000000e+00
1.064195488721804583e+00,-1.829999999999999960e-01,0.000000000000000000e+00
1.066699248120300814e+00,-1.829999999999999960e-01,0.000000000000000000e+00
1.069203007518797044e+00,-1.829999999999999960e-01,0.000000000000000000e+00
1.071706766917293274e+00,-1.829999999999999960e-01,0.000000000000000000e+00
1.074210526315789505e+00,-1.829999999999999960e-01,0.000000000000000000e+00
1.076714285714285735e+00,-1.829999999999999960e-01,0.000000000000000000e+00
1.079218045112781965e+00,-1.829999999999999960e-01,0.000000000000000000e+00
1.081721804511278195e+00,-1.829999999999999960e-01,0.000000000000000000e+00
1.084225563909774426e+00,-1.829999999999999960e-01,0.000000000000000000e+00
1.086729323308270878e+00,-1.829999999999999960e-01,0.000000000000000000e+00
1.089233082706766886e+00,-1.829999999999999960e-01,0.000000000000000000e+00
1.091736842105263339e+00,-1.829999999999999960e-01,0.000000000000000000e+00
1.094240601503759347e+00,-1.829999999999999960e-01,0.000000000000000000e+00
1.096744360902255799e+00,-1.829999999999999960e-01,0.000000000000000000e+00
1.099248120300751808e+00,-1.829999999999999960e-01,0.000000000000000000e+00
1.101751879699248260e+00,-1.829999999999999960e-01,0.000000000000000000e+00
1.104255639097744268e+00,-1.829999999999999960e-01,0.000000000000000000e+00
1.106759398496240721e+00,-1.829999999999999960e-01,0.000000000000000000e+00
1.109263157894736951e+00,-1.829999999999999960e-01,0.000000000000000000e+00
1.111766917293233181e+00,-1.829999999999999960e-01,0.000000000000000000e+00
1.114270676691729411e+00,-1.829999999999999960e-01,0.000000000000000000e+00
1.116774436090225642e+00,-1.829999999999999960e-01,0.000000000000000000e+00
1.119278195488721872e+00,-1.829999999999999960e-01,0.000000000000000000e+00
1.121781954887218102e+00,-1.829999999999999960e-01,0.000000000000000000e+00
1.124285714285714333e+00,-1.829999999999999960e-01,0.000000000000000000e+00
1.126789473684210563e+00,-1.829999999999999960e-01,0.000000000000000000e+00
1.129293233082706793e+00,-1.829999999999999960e-01,0.000000000000000000e+00
1.131796992481203024e+00,-1.829999999999999960e-01,0.000000000000000000e+00
1.134300751879699254e+00,-1.829999999999999960e-01,0.000000000000000000e+00
1.136804511278195484e+00,-1.829999999999999960e-01,0.000000000000000000e+00
1.139308270676691937e+00,-1.829999999999999960e-01,0.000000000000000000e+00
1.141812030075187945e+00,-1.829999999999999960e-01,0.000000000000000000e+00
1.144315789473684397e+00,-1.829999999999999960e-01,0.000000000000000000e+00
1.146819548872180405e+00,-1.829999999999999960e-01,0.000000000000000000e+00
1.149323308270676858e+00,-1.829999999999999960e-01,0.000000000000000000e+00
1.151827067669172866e+00,-1.829999999999999960e-01,0.000000000000000000e+00
1.154330827067669318e+00,-1.829999999999999960e-01,0.000000000000000000e+00
1.156834586466165327e+00,-1.829999999999999960e-01,0.000000000000000000e+00
1.159338345864661779e+00,-1.829999999999999960e-01,0.000000000000000000e+00
1.161842105263157787e+00,-1.829999999999999960e-01,0.000000000000000000e+00
1.164345864661654240e+00,-1.829999999999999960e-01,0.000000000000000000e+00
1.166849624060150470e+00,-1.829999999999999960e-01,0.000000000000000000e+00
1.169353383458646700e+00,-1.829999999999999960e-01,0.000000000000000000e+00
1.171857142857142930e+00,-1.829999999999999960e-01,0.000000000000000000e+00
1.174360902255639161e+00,-1.829999999999999960e-01,0.000000000000000000e+00
1.176864661654135391e+00,-1.829999999999999960e-01,0.000000000000000000e+00
1.179368421052631621e+00,-1.829999999999999960e-01,0.000000000000000000e+00
1.181872180451127852e+00,-1.829999999999999960e-01,0.000000000000000000e+00
1.184375939849624082e+00,-1.829999999999999960e-01,0.000000000000000000e+00
1.186879699248120312e+00,-1.829999999999999960e-01,0.000000000000000000e+00
1.189383458646616543e+00,-1.829999999999999960e-01,0.000000000000000000e+00
1.191887218045112995e+00,-1.829999999999999960e-01,0.000000000000000000e+00
1.194390977443609003e+00,-1.829999999999999960e-01,0.000000000000000000e+00
1.196894736842105456e+00,-1.829999999999999960e-01,0.000000000000000000e+00
1.199398496240601464e+00,-1.829999999999999960e-01,0.000000000000000000e+00
1.201902255639097916e+00,-1.829999999999999960e-01,0.000000000000000000e+00
1.204406015037593924e+00,-1.829999999999999960e-01,0.000000000000000000e+00
1.206909774436090377e+00,-1.829999999999999960e-01,0.000000000000000000e+00
1.209413533834586385e+00,-1.829999999999999960e-01,0.000000000000000000e+00
1.211917293233082837e+00,-1.829999999999999960e-01,0.000000000000000000e+00
1.214421052631578846e+00,-1.829999999999999960e-01,0.000000000000000000e+00
1.216924812030075298e+00,-1.829999999999999960e-01,0.000000000000000000e+00
1.219428571428571528e+00,-1.829999999999999960e-01,0.000000000000000000e+00
1.221932330827067759e+00,-1.829999999999999960e-01,0.000000000000000000e+00
1.224436090225563989e+00,-1.829999999999999960e-01,0.000000000000000000e+00
1.226939849624060219e+00,-1.829999999999999960e-01,0.000000000000000000e+00
1.229443609022556450e+00,-1.829999999999999960e-01,0.000000000000000000e+00
1.231947368421052680e+00,-1.829999999999999960e-01,0.000000000000000000e+00
1.234451127819548910e+00,-1.829999999999999960e-01,0.000000000000000000e+00
1.236954887218045140e+00,-1.829999999999999960e-01,0.000000000000000000e+00
1.239458646616541371e+00,-1.829999999999999960e-01,0.000000000000000000e+00
1.241962406015037601e+00,-1.829999999999999960e-01,0.000000000000000000e+00
1.244466165413534053e+00,-1.829999999999999960e-01,0.000000000000000000e+00
1.246969924812030062e+00,-1.829999999999999960e-01,0.000000000000000000e+00
1.249473684210526514e+00,-1.829999999999999960e-01,0.000000000000000000e+00
1.251977443609022522e+00,-1.829999999999999960e-01,0.000000000000000000e+00
1.254481203007518975e+00,-1.829999999999999960e-01,0.000000000000000000e+00
1.256984962406014983e+00,-1.829999999999999960e-01,0.000000000000000000e+00
1.259488721804511435e+00,-1.829999999999999960e-01,0.000000000000000000e+00
1.261992481203007443e+00,-1.829999999999999960e-01,0.000000000000000000e+00
1.264496240601503896e+00,-1.829999999999999960e-01,0.000000000000000000e+00
1.266999999999999904e+00,-1.829999999999999960e-01,0.000000000000000000e+00
1.269503759398496356e+00,-1.829999999999999960e-01,0.000000000000000000e+00
1.272007518796992587e+00,-1.829999999999999960e-01,0.000000000000000000e+00
1.274511278195488817e+00,-1.829999999999999960e-01,0.000000000000000000e+00
1.277015037593985047e+00,-1.829999999999999960e-01,0.000000000000000000e+00
1.279518796992481278e+00,-1.829999999999999960e-01,0.000000000000000000e+00
1.282022556390977508e+00,-1.829999999999999960e-01,0.000000000000000000e+00
1.284526315789473738e+00,-1.829999999999999960e-01,0.000000000000000000e+00
1.287030075187969969e+00,-1.829999999999999960e-01,0.000000000000000000e+00
1.289533834586466199e+00,-1.829999999999999960e-01,0.000000000000000000e+00
1.292037593984962429e+00,-1.829999999999999960e-01,0.000000000000000000e+00
1.294541353383458659e+00,-1.829999999999999960e-01,0.000000000000000000e+00
1.297045112781954890e+00,-1.829999999999999960e-01,0.000000000000000000e+00
1.299548872180451120e+00,-1.829999999999999960e-01,0.000000000000000000e+00
1.302052631578947350e+00,-1.829999999999999960e-01,0.000000000000000000e+00
1.304556390977443581e+00,-1.829999999999999960e-01,0.000000000000000000e+00
1.307060150375939811e+00,-1.829999999999999960e-01,0.000000000000000000e+00
1.309563909774436263e+00,-1.829999999999999960e-01,0.000000000000000000e+00
1.312067669172932494e+00,-1.829999999999999960e-01,0.000000000000000000e+00
1.314571428571428724e+00,-1.829999999999999960e-01,0.000000000000000000e+00
1.317075187969924954e+00,-1.829999999999999960e-01,0.000000000000000000e+00
1.319578947368421185e+00,-1.829999999999999960e-01,0.000000000000000000e+00
1.322082706766917415e+00,-1.829999999999999960e-01,0.000000000000000000e+00
1.324586466165413645e+00,-1.829999999999999960e-01,0.000000000000000000e+00
1.327090225563909875e+00,-1.829999999999999960e-01,0.000000000000000000e+00
1.329593984962406106e+00,-1.829999999999999960e-01,0.000000000000000000e+00
1.332097744360902336e+00,-1.829999999999999960e-01,0.000000000000000000e+00
1.334601503759398566e+00,-1.829999999999999960e-01,0.000000000000000000e+00
1.337105263157894797e+00,-1.829999999999999960e-01,0.000000000000000000e+00
1.339609022556391027e+00,-1.829999999999999960e-01,0.000000000000000000e+00
1.342112781954887257e+00,-1.829999999999999960e-01,0.000000000000000000e+00
1.344616541353383488e+00,-1.829999999999999960e-01,0.000000000000000000e+00
1.347120300751879718e+00,-1.829999999999999960e-01,0.000000000000000000e+00
1.349624060150375948e+00,-1.829999999999999960e-01,0.000000000000000000e+00
1.352127819548872179e+00,-1.829999999999999960e-01,0.000000000000000000e+00
1.354631578947368409e+00,-1.829999999999999960e-01,0.000000000000000000e+00
1.357135338345864639e+00,-1.829999999999999960e-01,0.000000000000000000e+00
1.359639097744360869e+00,-1.829999999999999960e-01,0.000000000000000000e+00
1.362142857142857100e+00,-1.829999999999999960e-01,0.000000000000000000e+00
1.364646616541353552e+00,-1.829999999999999960e-01,0.000000000000000000e+00
1.367150375939849782e+00,-1.829999999999999960e-01,0.000000000000000000e+00
1.369654135338346013e+00,-1.829999999999999960e-01,0.000000000000000000e+00
1.372157894736842243e+00,-1.829999999999999960e-01,0.000000000000000000e+00
1.374661654135338473e+00,-1.829999999999999960e-01,0.000000000000000000e+00
1.377165413533834704e+00,-1.829999999999999960e-01,0.000000000000000000e+00
1.379669172932330934e+00,-1.829999999999999960e-01,0.000000000000000000e+00
1.382172932330827164e+00,-1.829999999999999960e-01,0.000000000000000000e+00
1.384676691729323394e+00,-1.829999999999999960e-01,0.000000000000000000e+00
1.387180451127819625e+00,-1.829999999999999960e-01,0.000000000000000000e+00
1.389684210526315855e+00,-1.829999999999999960e-01,0.000000000000000000e+00
1.392187969924812085e+00,-1.829999999999999960e-01,0.000000000000000000e+00
1.394691729323308316e+00,-1.829999999999999960e-01,0.000000000000000000e+00
1.397195488721804546e+00,-1.829999999999999960e-01,0.000000000000000000e+00
1.399699248120300776e+00,-1.829999999999999960e-01,0.000000000000000000e+00
1.402203007518797007e+00,-1.829999999999999960e-01,0.000000000000000000e+00
1.404706766917293237e+00,-1.829999999999999960e-01,0.000000000000000000e+00
1.407210526315789467e+00,-1.829999999999999960e-01,0.000000000000000000e+00
1.409714285714285698e+00,-1.829999999999999960e-01,0.000000000000000000e+00
1.412218045112781928e+00,-1.829999999999999960e-01,0.000000000000000000e+00
1.414721804511278158e+00,-1.829999999999999960e-01,0.000000000000000000e+00
1.417225563909774610e+00,-1.829999999999999960e-01,0.000000000000000000e+00
1.419729323308270841e+00,-1.829999999999999960e-01,0.000000000000000000e+00
1.422233082706767071e+00,-1.829999999999999960e-01,0.000000000000000000e+00
1.424736842105263301e+00,-1.829999999999999960e-01,0.000000000000000000e+00
1.427240601503759532e+00,-1.829999999999999960e-01,0.000000000000000000e+00
1.429744360902255762e+00,-1.829999999999999960e-01,0.000000000000000000e+00
1.432248120300751992e+00,-1.829999999999999960e-01,0.000000000000000000e+00
1.434751879699248223e+00,-1.829999999999999960e-01,0.000000000000000000e+00
1.437255639097744453e+00,-1.829999999999999960e-01,0.000000000000000000e+00
1.439759398496240683e+00,-1.829999999999999960e-01,0.000000000000000000e+00
1.442263157894736914e+00,-1.829999999999999960e-01,0.000000000000000000e+00
1.444766917293233144e+00,-1.829999999999999960e-01,0.000000000000000000e+00
1.447270676691729374e+00,-1.829999999999999960e-01,0.000000000000000000e+00
1.449774436090225604e+00,-1.829999999999999960e-01,0.000000000000000000e+00
1.452278195488721835e+00,-1.829999999999999960e-01,0.000000000000000000e+00
1.454781954887218065e+00,-1.829999999999999960e-01,0.000000000000000000e+00
1.457285714285714295e+00,-1.829999999999999960e-01,0.000000000000000000e+00
1.459789473684210526e+00,-1.829999999999999960e-01,0.000000000000000000e+00
1.462293233082706756e+00,-1.829999999999999960e-01,0.000000000000000000e+00
1.464796992481202986e+00,-1.829999999999999960e-01,0.000000000000000000e+00
1.467300751879699217e+00,-1.829999999999999960e-01,0.000000000000000000e+00
1.469804511278195447e+00,-1.829999999999999960e-01,0.000000000000000000e+00
1.472308270676691899e+00,-1.829999999999999960e-01,0.000000000000000000e+00
1.474812030075188130e+00,-1.829999999999999960e-01,0.000000000000000000e+00
1.477315789473684360e+00,-1.829999999999999960e-01,0.000000000000000000e+00
1.479819548872180590e+00,-1.829999999999999960e-01,0.000000000000000000e+00
1.482323308270676820e+00,-1.829999999999999960e-01,0.000000000000000000e+00
1.484827067669173051e+00,-1.829999999999999960e-01,0.000000000000000000e+00
1.487330827067669281e+00,-1.829999999999999960e-01,0.000000000000000000e+00
1.489834586466165511e+00,-1.829999999999999960e-01,0.000000000000000000e+00
1.492338345864661742e+00,-1.829999999999999960e-01,0.000000000000000000e+00
1.494842105263157972e+00,-1.829999999999999960e-01,0.000000000000000000e+00
1.497345864661654202e+00,-1.829999999999999960e-01,0.000000000000000000e+00
1.499849624060150433e+00,-1.829999999999999960e-01,0.000000000000000000e+00
1.502353383458646663e+00,-1.829999999999999960e-01,0.000000000000000000e+00
1.504857142857142893e+00,-1.829999999999999960e-01,0.000000000000000000e+00
1.507360902255639123e+00,-1.829999999999999960e-01,0.000000000000000000e+00
1.509864661654135354e+00,-1.829999999999999960e-01,0.000000000000000000e+00
1.512368421052631584e+00,-1.829999999999999960e-01,0.000000000000000000e+00
1.514872180451127814e+00,-1.829999999999999960e-01,0.000000000000000000e+00
1.517375939849624045e+00,-1.829999999999999960e-01,0.000000000000000000e+00
1.519879699248120275e+00,-1.829999999999999960e-01,0.000000000000000000e+00
1.522383458646616505e+00,-1.829999999999999960e-01,0.000000000000000000e+00
1.524887218045112958e+00,-1.829999999999999960e-01,0.000000000000000000e+00
1.527390977443609188e+00,-1.829999999999999960e-01,0.000000000000000000e+00
1.529894736842105418e+00,-1.829999999999999960e-01,0.000000000000000000e+00
1.532398496240601649e+00,-1.829999999999999960e-01,0.000000000000000000e+00
1.534902255639097879e+00,-1.829999999999999960e-01,0.000000000000000000e+00
1.537406015037594109e+00,-1.829999999999999960e-01,0.000000000000000000e+00
1.539909774436090339e+00,-1.829999999999999960e-01,0.000000000000000000e+00
1.542413533834586570e+00,-1.829999999999999960e-01,0.000000000000000000e+00
1.544917293233082800e+00,-1.829999999999999960e-01,0.000000000000000000e+00
1.547421052631579030e+00,-1.829999999999999960e-01,0.000000000000000000e+00
1.549924812030075261e+00,-1.829999999999999960e-01,0.000000000000000000e+00
1.552428571428571491e+00,-1.829999999999999960e-01,0.000000000000000000e+00
1.554932330827067721e+00,-1.829999999999999960e-01,0.000000000000000000e+00
1.557436090225563952e+00,-1.829999999999999960e-01,0.000000000000000000e+00
1.559939849624060182e+00,-1.829999999999999960e-01,0.000000000000000000e+00
1.562443609022556412e+00,-1.829999999999999960e-01,0.000000000000000000e+00
1.564947368421052643e+00,-1.829999999999999960e-01,0.000000000000000000e+00
1.567451127819548873e+00,-1.829999999999999960e-01,0.000000000000000000e+00
1.569954887218045103e+00,-1.829999999999999960e-01,0.000000000000000000e+00
1.572458646616541333e+00,-1.829999999999999960e-01,0.000000000000000000e+00
1.574962406015037564e+00,-1.829999999999999960e-01,0.000000000000000000e+00
1.577466165413534016e+00,-1.829999999999999960e-01,0.000000000000000000e+00
1.579969924812030246e+00,-1.829999999999999960e-01,0.000000000000000000e+00
1.582473684210526477e+00,-1.829999999999999960e-01,0.000000000000000000e+00
1.584977443609022707e+00,-1.829999999999999960e-01,0.000000000000000000e+00
1.587481203007518937e+00,-1.829999999999999960e-01,0.000000000000000000e+00
1.589984962406015168e+00,-1.829999999999999960e-01,0.000000000000000000e+00
1.592488721804511398e+00,-1.829999999999999960e-01,0.000000000000000000e+00
1.594992481203007628e+00,-1.829999999999999960e-01,0.000000000000000000e+00
1.597496240601503859e+00,-1.829999999999999960e-01,0.000000000000000000e+00
