-1.600000000000000089e+00,2.730000000000000204e-01,0.000000000000000000e+00
-1.597496621621621760e+00,2.730000000000000204e-01,0.000000000000000000e+00
-1.594993243243243430e+00,2.730000000000000204e-01,0.000000000000000000e+00
-1.592489864864864879e+00,2.730000000000000204e-01,0.000000000000000000e+00
-1.589986486486486550e+00,2.730000000000000204e-01,0.000000000000000000e+00
-1.587483108108108221e+00,2.730000000000000204e-01,0.000000000000000000e+00
-1.584979729729729891e+00,2.730000000000000204e-01,0.000000000000000000e+00
-1.582476351351351340e+00,2.730000000000000204e-01,0.000000000000000000e+00
-1.579972972972973011e+00,2.730000000000000204e-01,0.000000000000000000e+00
-1.577469594594594682e+00,2.730000000000000204e-01,0.000000000000000000e+00
-1.574966216216216353e+00,2.730000000000000204e-01,0.000000000000000000e+00
-1.572462837837838023e+00,2.730000000000000204e-01,0.000000000000000000e+00
-1.569959459459459472e+00,2.730000000000000204e-01,0.000000000000000000e+00
-1.567456081081081143e+00,2.730000000000000204e-01,0.000000000000000000e+00
-1.564952702702702814e+00,2.730000000000000204e-01,0.000000000000000000e+00
-1.562449324324324484e+00,2.730000000000000204e-01,0.000000000000000000e+00
-1.559945945945945933e+00,2.730000000000000204e-01,0.000000000000000000e+00
-1.557442567567567604e+00,2.730000000000000204e-01,0.000000000000000000e+00
-1.554939189189189275e+00,2.730000000000000204e-01,0.000000000000000000e+00
-1.552435810810810946e+00,2.730000000000000204e-01,0.000000000000000000e+00
-1.549932432432432616e+00,2.730000000000000204e-01,0.000000000000000000e+00
-1.547429054054054065e+00,2.730000000000000204e-01,0.000000000000000000e+00
-1.544925675675675736e+00,2.730000000000000204e-01,0.000000000000000000e+00
-1.542422297297297407e+00,2.730000000000000204e-01,0.000000000000000000e+00
-1.539918918918919077e+00,2.730000000000000204e-01,0.000000000000000000e+00
-1.537415540540540526e+00,2.730000000000000204e-01,0.000000000000000000e+00
-1.534912162162162197e+00,2.730000000000000204e-01,0.000000000000000000e+00
-1.532408783783783868e+00,2.730000000000000204e-01,0.000000000000000000e+00
-1.529905405405405538e+00,2.730000000000000204e-01,0.000000000000000000e+00
-1.527402027027027209e+00,2.730000000000000204e-01,0.000000000000000000e+00
-1.524898648648648658e+00,2.730000000000000204e-01,0.000000000000000000e+00
-1.522395270270270329e+00,2.730000000000000204e-01,0.000000000000000000e+00
-1.519891891891892000e+00,2.730000000000000204e-01,0.000000000000000000e+00
-1.517388513513513670e+00,2.730000000000000204e-01,0.000000000000000000e+00
-1.514885135135135119e+00,2.730000000000000204e-01,0.000000000000000000e+00
-1.512381756756756790e+00,2.730000000000000204e-01,0.000000000000000000e+00
-1.509878378378378461e+00,2.730000000000000204e-01,0.000000000000000000e+00
-1.507375000000000131e+00,2.730000000000000204e-01,0.000000000000000000e+00
-1.504871621621621802e+00,2.730000000000000204e-01,0.000000000000000000e+00
-1.502368243243243251e+00,2.730000000000000204e-01,0.000000000000000000e+00
-1.499864864864864922e+00,2.730000000000000204e-01,0.000000000000000000e+00
-1.497361486486486593e+00,2.730000000000000204e-01,0.000000000000000000e+00
-1.494858108108108263e+00,2.730000000000000204e-01,0.000000000000000000e+00
-1.492354729729729712e+00,2.730000000000000204e-01,0.000000000000000000e+00
-1.489851351351351383e+00,2.730000000000000204e-01,0.000000000000000000e+00
-1.487347972972973054e+00,2.730000000000000204e-01,0.000000000000000000e+00
-1.484844594594594724e+00,2.730000000000000204e-01,0.000000000000000000e+00
-1.482341216216216395e+00,2.730000000000000204e-01,0.000000000000000000e+00
-1.479837837837837844e+00,2.730000000000000204e-01,0.000000000000000000e+00
-1.477334459459459515e+00,2.730000000000000204e-01,0.000000000000000000e+00
-1.474831081081081186e+00,2.730000000000000204e-01,0.000000000000000000e+00
-1.472327702702702856e+00,2.730000000000000204e-01,0.000000000000000000e+00
-1.469824324324324305e+00,2.730000000000000204e-01,0.000000000000000000e+00
-1.467320945945945976e+00,2.730000000000000204e-01,0.000000000000000000e+00
-1.464817567567567647e+00,2.730000000000000204e-01,0.000000000000000000e+00
-1.462314189189189317e+00,2.730000000000000204e-01,0.000000000000000000e+00
-1.459810810810810988e+00,2.730000000000000204e-01,0.000000000000000000e+00
-1.457307432432432437e+00,2.730000000000000204e-01,0.000000000000000000e+00
-1.454804054054054108e+00,2.730000000000000204e-01,0.000000000000000000e+00
-1.452300675675675778e+00,2.730000000000000204e-01,0.000000000000000000e+00
-1.449797297297297449e+00,2.730000000000000204e-01,0.000000000000000000e+00
-1.447293918918918898e+00,2.730000000000000204e-01,0.000000000000000000e+00
-1.444790540540540569e+00,2.730000000000000204e-01,0.000000000000000000e+00
-1.442287162162162240e+00,2.730000000000000204e-01,0.000000000000000000e+00
-1.439783783783783910e+00,2.730000000000000204e-01,0.000000000000000000e+00
-1.437280405405405581e+00,2.730000000000000204e-01,0.000000000000000000e+00
-1.434777027027027030e+00,2.730000000000000204e-01,0.000000000000000000e+00
-1.432273648648648701e+00,2.730000000000000204e-01,0.000000000000000000e+00
-1.429770270270270371e+00,2.730000000000000204e-01,0.000000000000000000e+00
-1.427266891891892042e+00,2.730000000000000204e-01,0.000000000000000000e+00
-1.424763513513513491e+00,2.730000000000000204e-01,0.000000000000000000e+00
-1.422260135135135162e+00,2.730000000000000204e-01,0.000000000000000000e+00
-1.419756756756756833e+00,2.730000000000000204e-01,0.000000000000000000e+00
-1.417253378378378503e+00,2.730000000000000204e-01,0.000000000000000000e+00
-1.414750000000000174e+00,2.730000000000000204e-01,0.000000000000000000e+00
-1.412246621621621623e+00,2.730000000000000204e-01,0.000000000000000000e+00
-1.409743243243243294e+00,2.730000000000000204e-01,0.000000000000000000e+00
-1.407239864864864964e+00,2.730000000000000204e-01,0.000000000000000000e+00
-1.404736486486486635e+00,2.730000000000000204e-01,0.000000000000000000e+00
-1.402233108108108084e+00,2.730000000000000204e-01,0.000000000000000000e+00
-1.399729729729729755e+00,2.730000000000000204e-01,0.000000000000000000e+00
-1.397226351351351425e+00,2.730000000000000204e-01,0.000000000000000000e+00
-1.394722972972973096e+00,2.730000000000000204e-01,0.000000000000000000e+00
-1.392219594594594767e+00,2.730000000000000204e-01,0.000000000000000000e+00
-1.389716216216216216e+00,2.730000000000000204e-01,0.000000000000000000e+00
-1.387212837837837887e+00,2.730000000000000204e-01,0.000000000000000000e+00
-1.384709459459459557e+00,2.730000000000000204e-01,0.000000000000000000e+00
-1.382206081081081228e+00,2.730000000000000204e-01,0.000000000000000000e+00
-1.379702702702702677e+00,2.730000000000000204e-01,0.000000000000000000e+00
-1.377199324324324348e+00,2.730000000000000204e-01,0.000000000000000000e+00
-1.374695945945946018e+00,2.730000000000000204e-01,0.000000000000000000e+00
-1.372192567567567689e+00,2.730000000000000204e-01,0.000000000000000000e+00
-1.369689189189189360e+00,2.730000000000000204e-01,0.000000000000000000e+00
-1.367185810810810809e+00,2.730000000000000204e-01,0.000000000000000000e+00
-1.364682432432432480e+00,2.730000000000000204e-01,0.000000000000000000e+00
-1.362179054054054150e+00,2.730000000000000204e-01,0.000000000000000000e+00
-1.359675675675675821e+00,2.730000000000000204e-01,0.000000000000000000e+00
-1.357172297297297270e+00,2.730000000000000204e-01,0.000000000000000000e+00
-1.354668918918918941e+00,2.730000000000000204e-01,0.000000000000000000e+00
-1.352165540540540611e+00,2.730000000000000204e-01,0.000000000000000000e+00
-1.349662162162162282e+00,2.730000000000000204e-01,0.000000000000000000e+00
-1.347158783783783953e+00,2.730000000000000204e-01,0.000000000000000000e+00
-1.344655405405405402e+00,2.730000000000000204e-01,0.000000000000000000e+00
-1.342152027027027072e+00,2.730000000000000204e-01,0.000000000000000000e+00
-1.339648648648648743e+00,2.730000000000000204e-01,0.000000000000000000e+00
-1.337145270270270192e+00,2.730000000000000204e-01,0.000000000000000000e+00
-1.334641891891891863e+00,2.730000000000000204e-01,0.000000000000000000e+00
-1.332138513513513534e+00,2.730000000000000204e-01,0.000000000000000000e+00
-1.329635135135135204e+00,2.730000000000000204e-01,0.000000000000000000e+00
-1.327131756756756875e+00,2.730000000000000204e-01,0.000000000000000000e+00
-1.324628378378378546e+00,2.730000000000000204e-01,0.000000000000000000e+00
-1.322124999999999995e+00,2.730000000000000204e-01,0.000000000000000000e+00
-1.319621621621621665e+00,2.730000000000000204e-01,0.000000000000000000e+00
-1.317118243243243336e+00,2.730000000000000204e-01,0.000000000000000000e+00
-1.314614864864864785e+00,2.730000000000000204e-01,0.000000000000000000e+00
-1.312111486486486456e+00,2.730000000000000204e-01,0.000000000000000000e+00
-1.309608108108108127e+00,2.730000000000000204e-01,0.000000000000000000e+00
-1.307104729729729797e+00,2.730000000000000204e-01,0.000000000000000000e+00
-1.304601351351351468e+00,2.730000000000000204e-01,0.000000000000000000e+00
-1.302097972972973139e+00,2.730000000000000204e-01,0.000000000000000000e+00
-1.299594594594594588e+00,2.730000000000000204e-01,0.000000000000000000e+00
-1.297091216216216258e+00,2.730000000000000204e-01,0.000000000000000000e+00
-1.294587837837837929e+00,2.730000000000000204e-01,0.000000000000000000e+00
-1.292084459459459378e+00,2.730000000000000204e-01,0.000000000000000000e+00
-1.289581081081081049e+00,2.730000000000000204e-01,0.000000000000000000e+00
-1.287077702702702720e+00,2.730000000000000204e-01,0.000000000000000000e+00
-1.284574324324324390e+00,2.730000000000000204e-01,0.000000000000000000e+00
-1.282070945945946061e+00,2.730000000000000204e-01,0.000000000000000000e+00
-1.279567567567567732e+00,2.730000000000000204e-01,0.000000000000000000e+00
-1.277064189189189181e+00,2.730000000000000204e-01,0.000000000000000000e+00
-1.274560810810810851e+00,2.730000000000000204e-01,0.000000000000000000e+00
-1.272057432432432522e+00,2.730000000000000204e-01,0.000000000000000000e+00
-1.269554054054053971e+00,2.730000000000000204e-01,0.000000000000000000e+00
-1.267050675675675642e+00,2.730000000000000204e-01,0.000000000000000000e+00
-1.264547297297297312e+00,2.730000000000000204e-01,0.000000000000000000e+00
-1.262043918918918983e+00,2.730000000000000204e-01,0.000000000000000000e+00
-1.259540540540540654e+00,2.730000000000000204e-01,0.000000000000000000e+00
-1.257037162162162325e+00,2.730000000000000204e-01,0.000000000000000000e+00
-1.254533783783783774e+00,2.730000000000000204e-01,0.000000000000000000e+00
-1.252030405405405444e+00,2.730000000000000204e-01,0.000000000000000000e+00
-1.249527027027027115e+00,2.730000000000000204e-01,0.000000000000000000e+00
-1.247023648648648564e+00,2.730000000000000204e-01,0.000000000000000000e+00
-1.244520270270270235e+00,2.730000000000000204e-01,0.000000000000000000e+00
-1.242016891891891905e+00,2.730000000000000204e-01,0.000000000000000000e+00
-1.239513513513513576e+00,2.730000000000000204e-01,0.000000000000000000e+00
-1.237010135135135247e+00,2.730000000000000204e-01,0.000000000000000000e+00
-1.234506756756756918e+00,2.730000000000000204e-01,0.000000000000000000e+00
-1.232003378378378367e+00,2.730000000000000204e-01,0.000000000000000000e+00
-1.229500000000000037e+00,2.730000000000000204e-01,0.000000000000000000e+00
-1.226996621621621708e+00,2.730000000000000204e-01,0.000000000000000000e+00
-1.224493243243243157e+00,2.730000000000000204e-01,0.000000000000000000e+00
-1.221989864864864828e+00,2.730000000000000204e-01,0.000000000000000000e+00
-1.219486486486486498e+00,2.730000000000000204e-01,0.000000000000000000e+00
-1.216983108108108169e+00,2.730000000000000204e-01,0.000000000000000000e+00
-1.214479729729729840e+00,2.730000000000000204e-01,0.000000000000000000e+00
-1.211976351351351511e+00,2.730000000000000204e-01,0.000000000000000000e+00
-1.209472972972972959e+00,2.730000000000000204e-01,0.000000000000000000e+00
-1.206969594594594630e+00,2.730000000000000204e-01,0.000000000000000000e+00
-1.204466216216216301e+00,2.730000000000000204e-01,0.000000000000000000e+00
-1.201962837837837750e+00,2.730000000000000204e-01,0.000000000000000000e+00
-1.199459459459459421e+00,2.730000000000000204e-01,0.000000000000000000e+00
-1.196956081081081091e+00,2.730000000000000204e-01,0.000000000000000000e+00
-1.194452702702702762e+00,2.730000000000000204e-01,0.000000000000000000e+00
-1.191949324324324433e+00,2.730000000000000204e-01,0.000000000000000000e+00
-1.189445945945946104e+00,2.730000000000000204e-01,0.000000000000000000e+00
-1.186942567567567552e+00,2.730000000000000204e-01,0.000000000000000000e+00
-1.184439189189189223e+00,2.730000000000000204e-01,0.000000000000000000e+00
-1.181935810810810894e+00,2.730000000000000204e-01,0.000000000000000000e+00
-1.179432432432432343e+00,2.730000000000000204e-01,0.000000000000000000e+00
-1.176929054054054014e+00,2.730000000000000204e-01,0.000000000000000000e+00
-1.174425675675675684e+00,2.730000000000000204e-01,0.000000000000000000e+00
-1.171922297297297355e+00,2.730000000000000204e-01,0.000000000000000000e+00
-1.169418918918919026e+00,2.730000000000000204e-01,0.000000000000000000e+00
-1.166915540540540697e+00,2.730000000000000204e-01,0.000000000000000000e+00
-1.164412162162162145e+00,2.730000000000000204e-01,0.000000000000000000e+00
-1.161908783783783816e+00,2.730000000000000204e-01,0.000000000000000000e+00
-1.159405405405405487e+00,2.730000000000000204e-01,0.000000000000000000e+00
-1.156902027027026936e+00,2.730000000000000204e-01,0.000000000000000000e+00
-1.154398648648648606e+00,2.730000000000000204e-01,0.000000000000000000e+00
-1.151895270270270277e+00,2.730000000000000204e-01,0.000000000000000000e+00
-1.149391891891891948e+00,2.730000000000000204e-01,0.000000000000000000e+00
-1.146888513513513619e+00,2.730000000000000204e-01,0.000000000000000000e+00
-1.144385135135135290e+00,2.730000000000000204e-01,0.000000000000000000e+00
-1.141881756756756738e+00,2.730000000000000204e-01,0.000000000000000000e+00
-1.139378378378378409e+00,2.730000000000000204e-01,0.000000000000000000e+00
-1.136875000000000080e+00,2.730000000000000204e-01,0.000000000000000000e+00
-1.134371621621621529e+00,2.730000000000000204e-01,0.000000000000000000e+00
-1.131868243243243199e+00,2.730000000000000204e-01,0.000000000000000000e+00
-1.129364864864864870e+00,2.730000000000000204e-01,0.000000000000000000e+00
-1.126861486486486541e+00,2.730000000000000204e-01,0.000000000000000000e+00
-1.124358108108108212e+00,2.730000000000000204e-01,0.000000000000000000e+00
-1.121854729729729883e+00,2.730000000000000204e-01,0.000000000000000000e+00
-1.119351351351351331e+00,2.730000000000000204e-01,0.000000000000000000e+00
-1.116847972972973002e+00,2.730000000000000204e-01,0.000000000000000000e+00
-1.114344594594594673e+00,2.730000000000000204e-01,0.000000000000000000e+00
-1.111841216216216122e+00,2.730000000000000204e-01,0.000000000000000000e+00
-1.109337837837837792e+00,2.730000000000000204e-01,0.000000000000000000e+00
-1.106834459459459463e+00,2.730000000000000204e-01,0.000000000000000000e+00
-1.104331081081081134e+00,2.730000000000000204e-01,0.000000000000000000e+00
-1.101827702702702805e+00,2.730000000000000204e-01,0.000000000000000000e+00
-1.099324324324324476e+00,2.730000000000000204e-01,0.000000000000000000e+00
-1.096820945945945924e+00,2.730000000000000204e-01,0.000000000000000000e+00
-1.094317567567567595e+00,2.730000000000000204e-01,0.000000000000000000e+00
-1.091814189189189266e+00,2.730000000000000204e-01,0.000000000000000000e+00
-1.089310810810810715e+00,2.730000000000000204e-01,0.000000000000000000e+00
-1.086807432432432385e+00,2.730000000000000204e-01,0.000000000000000000e+00
-1.084304054054054056e+00,2.730000000000000204e-01,0.000000000000000000e+00
-1.081800675675675727e+00,2.730000000000000204e-01,0.000000000000000000e+00
-1.079297297297297398e+00,2.730000000000000204e-01,0.000000000000000000e+00
-1.076793918918919069e+00,2.730000000000000204e-01,0.000000000000000000e+00
-1.074290540540540517e+00,2.730000000000000204e-01,0.000000000000000000e+00
-1.071787162162162188e+00,2.730000000000000204e-01,0.000000000000000000e+00
-1.069283783783783859e+00,2.730000000000000204e-01,0.000000000000000000e+00
-1.066780405405405308e+00,2.730000000000000204e-01,0.000000000000000000e+00
-1.064277027027026978e+00,2.730000000000000204e-01,0.000000000000000000e+00
-1.061773648648648649e+00,2.730000000000000204e-01,0.000000000000000000e+00
-1.059270270270270320e+00,2.730000000000000204e-01,0.000000000000000000e+00
-1.056766891891891991e+00,2.730000000000000204e-01,0.000000000000000000e+00
-1.054263513513513661e+00,2.730000000000000204e-01,0.000000000000000000e+00
-1.051760135135135110e+00,2.730000000000000204e-01,0.000000000000000000e+00
-1.049256756756756781e+00,2.730000000000000204e-01,0.000000000000000000e+00
-1.046753378378378452e+00,2.730000000000000204e-01,0.000000000000000000e+00
-1.044249999999999901e+00,2.730000000000000204e-01,0.000000000000000000e+00
-1.041746621621621571e+00,2.730000000000000204e-01,0.000000000000000000e+00
-1.039243243243243242e+00,2.730000000000000204e-01,0.000000000000000000e+00
-1.036739864864864913e+00,2.730000000000000204e-01,0.000000000000000000e+00
-1.034236486486486584e+00,2.730000000000000204e-01,0.000000000000000000e+00
-1.031733108108108254e+00,2.730000000000000204e-01,0.000000000000000000e+00
-1.029229729729729703e+00,2.730000000000000204e-01,0.000000000000000000e+00
-1.026726351351351374e+00,2.730000000000000204e-01,0.000000000000000000e+00
-1.024222972972973045e+00,2.730000000000000204e-01,0.000000000000000000e+00
-1.021719594594594493e+00,2.730000000000000204e-01,0.000000000000000000e+00
-1.019216216216216164e+00,2.730000000000000204e-01,0.000000000000000000e+00
-1.016712837837837835e+00,2.730000000000000204e-01,0.000000000000000000e+00
-1.014209459459459506e+00,2.730000000000000204e-01,0.000000000000000000e+00
-1.011706081081081177e+00,2.730000000000000204e-01,0.000000000000000000e+00
-1.009202702702702847e+00,2.730000000000000204e-01,0.000000000000000000e+00
-1.006699324324324296e+00,2.730000000000000204e-01,0.000000000000000000e+00
-1.004195945945945967e+00,2.730000000000000204e-01,0.000000000000000000e+00
-1.001692567567567638e+00,2.730000000000000204e-01,0.000000000000000000e+00
-9.991891891891891975e-01,2.730000000000000204e-01,0.000000000000000000e+00
-9.966858108108108683e-01,2.730000000000000204e-01,0.000000000000000000e+00
-9.941824324324324280e-01,2.730000000000000204e-01,0.000000000000000000e+00
-9.916790540540540988e-01,2.730000000000000204e-01,0.000000000000000000e+00
-9.891756756756756586e-01,2.730000000000000204e-01,0.000000000000000000e+00
-9.866722972972973293e-01,2.730000000000000204e-01,0.000000000000000000e+00
-9.841689189189188891e-01,2.730000000000000204e-01,0.000000000000000000e+00
-9.816655405405405599e-01,2.730000000000000204e-01,0.000000000000000000e+00
-9.791621621621622307e-01,2.730000000000000204e-01,0.000000000000000000e+00
-9.766587837837837904e-01,2.730000000000000204e-01,0.000000000000000000e+00
-9.741554054054054612e-01,2.730000000000000204e-01,0.000000000000000000e+00
-9.716520270270270210e-01,2.730000000000000204e-01,0.000000000000000000e+00
-9.691486486486486918e-01,2.730000000000000204e-01,0.000000000000000000e+00
-9.666452702702702515e-01,2.730000000000000204e-01,0.000000000000000000e+00
-9.641418918918919223e-01,2.730000000000000204e-01,0.000000000000000000e+00
-9.616385135135134821e-01,2.730000000000000204e-01,0.000000000000000000e+00
-9.591351351351351529e-01,2.730000000000000204e-01,0.000000000000000000e+00
-9.566317567567568236e-01,2.730000000000000204e-01,0.000000000000000000e+00
-9.541283783783783834e-01,2.730000000000000204e-01,0.000000000000000000e+00
-9.516250000000000542e-01,2.730000000000000204e-01,0.000000000000000000e+00
-9.491216216216216139e-01,2.730000000000000204e-01,0.000000000000000000e+00
-9.466182432432432847e-01,2.730000000000000204e-01,0.000000000000000000e+00
-9.441148648648648445e-01,2.730000000000000204e-01,0.000000000000000000e+00
-9.416114864864865153e-01,2.730000000000000204e-01,0.000000000000000000e+00
-9.391081081081080750e-01,2.730000000000000204e-01,0.000000000000000000e+00
-9.366047297297297458e-01,2.730000000000000204e-01,0.000000000000000000e+00
-9.341013513513514166e-01,2.730000000000000204e-01,0.000000000000000000e+00
-9.315979729729729764e-01,2.730000000000000204e-01,0.000000000000000000e+00
-9.290945945945946471e-01,2.730000000000000204e-01,0.000000000000000000e+00
-9.265912162162162069e-01,2.730000000000000204e-01,0.000000000000000000e+00
-9.240878378378378777e-01,2.730000000000000204e-01,0.000000000000000000e+00
-9.215844594594594374e-01,2.730000000000000204e-01,0.000000000000000000e+00
-9.190810810810811082e-01,2.730000000000000204e-01,0.000000000000000000e+00
-9.165777027027026680e-01,2.730000000000000204e-01,0.000000000000000000e+00
-9.140743243243243388e-01,2.730000000000000204e-01,0.000000000000000000e+00
-9.115709459459460096e-01,2.730000000000000204e-01,0.000000000000000000e+00
-9.090675675675675693e-01,2.730000000000000204e-01,0.000000000000000000e+00
-9.065641891891892401e-01,2.730000000000000204e-01,0.000000000000000000e+00
-9.040608108108107999e-01,2.730000000000000204e-01,0.000000000000000000e+00
-9.015574324324324706e-01,2.730000000000000204e-01,0.000000000000000000e+00
-8.990540540540540304e-01,2.730000000000000204e-01,0.000000000000000000e+00
-8.965506756756757012e-01,2.730000000000000204e-01,0.000000000000000000e+00
-8.940472972972972610e-01,2.730000000000000204e-01,0.000000000000000000e+00
-8.915439189189189317e-01,2.730000000000000204e-01,0.000000000000000000e+00
-8.890405405405406025e-01,2.730000000000000204e-01,0.000000000000000000e+00
-8.865371621621621623e-01,2.730000000000000204e-01,0.000000000000000000e+00
-8.840337837837838331e-01,2.730000000000000204e-01,0.000000000000000000e+00
-8.815304054054053928e-01,2.730000000000000204e-01,0.000000000000000000e+00
-8.790270270270270636e-01,2.730000000000000204e-01,0.000000000000000000e+00
-8.765236486486486234e-01,2.730000000000000204e-01,0.000000000000000000e+00
-8.740202702702702942e-01,2.730000000000000204e-01,0.000000000000000000e+00
-8.715168918918918539e-01,2.730000000000000204e-01,0.000000000000000000e+00
-8.690135135135135247e-01,2.730000000000000204e-01,0.000000000000000000e+00
-8.665101351351351955e-01,2.730000000000000204e-01,0.000000000000000000e+00
-8.640067567567567552e-01,2.730000000000000204e-01,0.000000000000000000e+00
-8.615033783783784260e-01,2.730000000000000204e-01,0.000000000000000000e+00
-8.589999999999999858e-01,2.730000000000000204e-01,0.000000000000000000e+00
-8.564966216216216566e-01,2.730000000000000204e-01,0.000000000000000000e+00
-8.539932432432432163e-01,2.730000000000000204e-01,0.000000000000000000e+00
-8.514898648648648871e-01,2.730000000000000204e-01,0.000000000000000000e+00
-8.489864864864864469e-01,2.730000000000000204e-01,0.000000000000000000e+00
-8.464831081081081177e-01,2.730000000000000204e-01,0.000000000000000000e+00
-8.439797297297297884e-01,2.730000000000000204e-01,0.000000000000000000e+00
-8.414763513513513482e-01,2.730000000000000204e-01,0.000000000000000000e+00
-8.389729729729730190e-01,2.730000000000000204e-01,0.000000000000000000e+00
-8.364695945945945788e-01,2.730000000000000204e-01,0.000000000000000000e+00
-8.339662162162162495e-01,2.730000000000000204e-01,0.000000000000000000e+00
-8.314628378378378093e-01,2.730000000000000204e-01,0.000000000000000000e+00
-8.289594594594594801e-01,2.730000000000000204e-01,0.000000000000000000e+00
-8.264560810810810398e-01,2.730000000000000204e-01,0.000000000000000000e+00
-8.239527027027027106e-01,2.730000000000000204e-01,0.000000000000000000e+00
-8.214493243243243814e-01,2.730000000000000204e-01,0.000000000000000000e+00
-8.189459459459459412e-01,2.730000000000000204e-01,0.000000000000000000e+00
-8.164425675675676120e-01,2.730000000000000204e-01,0.000000000000000000e+00
-8.139391891891891717e-01,2.730000000000000204e-01,0.000000000000000000e+00
-8.114358108108108425e-01,2.730000000000000204e-01,0.000000000000000000e+00
-8.089324324324324023e-01,2.730000000000000204e-01,0.000000000000000000e+00
-8.064290540540540730e-01,2.730000000000000204e-01,0.000000000000000000e+00
-8.039256756756756328e-01,2.730000000000000204e-01,0.000000000000000000e+00
-8.014222972972973036e-01,2.730000000000000204e-01,0.000000000000000000e+00
-7.989189189189189744e-01,2.730000000000000204e-01,0.000000000000000000e+00
-7.964155405405405341e-01,2.730000000000000204e-01,0.000000000000000000e+00
-7.939121621621622049e-01,2.730000000000000204e-01,0.000000000000000000e+00
-7.914087837837837647e-01,2.730000000000000204e-01,0.000000000000000000e+00
-7.889054054054054355e-01,2.730000000000000204e-01,0.000000000000000000e+00
-7.864020270270269952e-01,2.730000000000000204e-01,0.000000000000000000e+00
-7.838986486486486660e-01,2.730000000000000204e-01,0.000000000000000000e+00
-7.813952702702702258e-01,2.730000000000000204e-01,0.000000000000000000e+00
-7.788918918918918965e-01,2.730000000000000204e-01,0.000000000000000000e+00
-7.763885135135134563e-01,2.730000000000000204e-01,0.000000000000000000e+00
-7.738851351351351271e-01,2.730000000000000204e-01,0.000000000000000000e+00
-7.713817567567567979e-01,2.730000000000000204e-01,0.000000000000000000e+00
-7.688783783783783576e-01,2.730000000000000204e-01,0.000000000000000000e+00
-7.663750000000000284e-01,2.730000000000000204e-01,0.000000000000000000e+00
-7.638716216216215882e-01,2.730000000000000204e-01,0.000000000000000000e+00
-7.613682432432432590e-01,2.730000000000000204e-01,0.000000000000000000e+00
-7.588648648648648187e-01,2.730000000000000204e-01,0.000000000000000000e+00
-7.563614864864864895e-01,2.730000000000000204e-01,0.000000000000000000e+00
-7.538581081081080493e-01,2.730000000000000204e-01,0.000000000000000000e+00
-7.513547297297297201e-01,2.730000000000000204e-01,0.000000000000000000e+00
-7.488513513513513908e-01,2.730000000000000204e-01,0.000000000000000000e+00
-7.463479729729729506e-01,2.730000000000000204e-01,0.000000000000000000e+00
-7.438445945945946214e-01,2.730000000000000204e-01,0.000000000000000000e+00
-7.413412162162161811e-01,2.730000000000000204e-01,0.000000000000000000e+00
-7.388378378378378519e-01,2.730000000000000204e-01,0.000000000000000000e+00
-7.363344594594594117e-01,2.730000000000000204e-01,0.000000000000000000e+00
-7.338310810810810825e-01,2.730000000000000204e-01,0.000000000000000000e+00
-7.313277027027026422e-01,2.730000000000000204e-01,0.000000000000000000e+00
-7.288243243243243130e-01,2.730000000000000204e-01,0.000000000000000000e+00
-7.263209459459459838e-01,2.730000000000000204e-01,0.000000000000000000e+00
-7.238175675675675436e-01,2.730000000000000204e-01,0.000000000000000000e+00
-7.213141891891892143e-01,2.730000000000000204e-01,0.000000000000000000e+00
-7.188108108108107741e-01,2.730000000000000204e-01,0.000000000000000000e+00
-7.163074324324324449e-01,2.730000000000000204e-01,0.000000000000000000e+00
-7.138040540540540047e-01,2.730000000000000204e-01,0.000000000000000000e+00
-7.113006756756756754e-01,2.730000000000000204e-01,0.000000000000000000e+00
-7.087972972972972352e-01,2.730000000000000204e-01,0.000000000000000000e+00
-7.062939189189189060e-01,2.730000000000000204e-01,0.000000000000000000e+00
-7.037905405405405768e-01,2.730000000000000204e-01,0.000000000000000000e+00
-7.012871621621621365e-01,2.730000000000000204e-01,0.000000000000000000e+00
-6.987837837837838073e-01,2.730000000000000204e-01,0.000000000000000000e+00
-6.962804054054053671e-01,2.730000000000000204e-01,0.000000000000000000e+00
-6.937770270270270379e-01,2.730000000000000204e-01,0.000000000000000000e+00
-6.912736486486485976e-01,2.730000000000000204e-01,0.000000000000000000e+00
-6.887702702702702684e-01,2.730000000000000204e-01,0.000000000000000000e+00
-6.862668918918918282e-01,2.730000000000000204e-01,0.000000000000000000e+00
-6.837635135135134989e-01,2.730000000000000204e-01,0.000000000000000000e+00
-6.812601351351351697e-01,2.730000000000000204e-01,0.000000000000000000e+00
-6.787567567567567295e-01,2.730000000000000204e-01,0.000000000000000000e+00
-6.762533783783784003e-01,2.730000000000000204e-01,0.000000000000000000e+00
-6.737499999999999600e-01,2.730000000000000204e-01,0.000000000000000000e+00
-6.712466216216216308e-01,2.730000000000000204e-01,0.000000000000000000e+00
-6.687432432432431906e-01,2.730000000000000204e-01,0.000000000000000000e+00
-6.662398648648648614e-01,2.730000000000000204e-01,0.000000000000000000e+00
-6.637364864864864211e-01,2.730000000000000204e-01,0.000000000000000000e+00
-6.612331081081080919e-01,2.730000000000000204e-01,0.000000000000000000e+00
-6.587297297297297627e-01,2.730000000000000204e-01,0.000000000000000000e+00
-6.562263513513513224e-01,2.730000000000000204e-01,0.000000000000000000e+00
-6.537229729729729932e-01,2.730000000000000204e-01,0.000000000000000000e+00
-6.512195945945945530e-01,2.730000000000000204e-01,0.000000000000000000e+00
-6.487162162162162238e-01,2.730000000000000204e-01,0.000000000000000000e+00
-6.462128378378377835e-01,2.730000000000000204e-01,0.000000000000000000e+00
-6.437094594594594543e-01,2.730000000000000204e-01,0.000000000000000000e+00
-6.412060810810810141e-01,2.730000000000000204e-01,0.000000000000000000e+00
-6.387027027027026849e-01,2.730000000000000204e-01,0.000000000000000000e+00
-6.361993243243243557e-01,2.730000000000000204e-01,0.000000000000000000e+00
-6.336959459459459154e-01,2.730000000000000204e-01,0.000000000000000000e+00
-6.311925675675675862e-01,2.730000000000000204e-01,0.000000000000000000e+00
-6.286891891891891460e-01,2.730000000000000204e-01,0.000000000000000000e+00
-6.261858108108108167e-01,2.730000000000000204e-01,0.000000000000000000e+00
-6.236824324324323765e-01,2.730000000000000204e-01,0.000000000000000000e+00
-6.211790540540540473e-01,2.730000000000000204e-01,0.000000000000000000e+00
-6.186756756756756070e-01,2.730000000000000204e-01,0.000000000000000000e+00
-6.161722972972972778e-01,2.730000000000000204e-01,0.000000000000000000e+00
-6.136689189189189486e-01,2.730000000000000204e-01,0.000000000000000000e+00
-6.111655405405405084e-01,2.730000000000000204e-01,0.000000000000000000e+00
-6.086621621621621792e-01,2.730000000000000204e-01,0.000000000000000000e+00
-6.061587837837837389e-01,2.730000000000000204e-01,0.000000000000000000e+00
-6.036554054054054097e-01,2.730000000000000204e-01,0.000000000000000000e+00
-6.011520270270269695e-01,2.730000000000000204e-01,0.000000000000000000e+00
-5.986486486486486402e-01,2.730000000000000204e-01,0.000000000000000000e+00
-5.961452702702703110e-01,2.730000000000000204e-01,0.000000000000000000e+00
-5.936418918918917598e-01,2.730000000000000204e-01,0.000000000000000000e+00
-5.911385135135134306e-01,2.730000000000000204e-01,0.000000000000000000e+00
-5.886351351351351013e-01,2.730000000000000204e-01,0.000000000000000000e+00
-5.861317567567567721e-01,2.730000000000000204e-01,0.000000000000000000e+00
-5.836283783783784429e-01,2.730000000000000204e-01,0.000000000000000000e+00
-5.811249999999998916e-01,2.730000000000000204e-01,0.000000000000000000e+00
-5.786216216216215624e-01,2.730000000000000204e-01,0.000000000000000000e+00
-5.761182432432432332e-01,2.730000000000000204e-01,0.000000000000000000e+00
-5.736148648648649040e-01,2.730000000000000204e-01,0.000000000000000000e+00
-5.711114864864863527e-01,2.730000000000000204e-01,0.000000000000000000e+00
-5.686081081081080235e-01,2.730000000000000204e-01,0.000000000000000000e+00
-5.661047297297296943e-01,2.730000000000000204e-01,0.000000000000000000e+00
-5.636013513513513651e-01,2.730000000000000204e-01,0.000000000000000000e+00
-5.610979729729730359e-01,2.730000000000000204e-01,0.000000000000000000e+00
-5.585945945945944846e-01,2.730000000000000204e-01,0.000000000000000000e+00
-5.560912162162161554e-01,2.730000000000000204e-01,0.000000000000000000e+00
-5.535878378378378262e-01,2.730000000000000204e-01,0.000000000000000000e+00
-5.510844594594594970e-01,2.730000000000000204e-01,0.000000000000000000e+00
-5.485810810810809457e-01,2.730000000000000204e-01,0.000000000000000000e+00
-5.460777027027026165e-01,2.730000000000000204e-01,0.000000000000000000e+00
-5.435743243243242873e-01,2.730000000000000204e-01,0.000000000000000000e+00
-5.410709459459459580e-01,2.730000000000000204e-01,0.000000000000000000e+00
-5.385675675675676288e-01,2.730000000000000204e-01,0.000000000000000000e+00
-5.360641891891890776e-01,2.730000000000000204e-01,0.000000000000000000e+00
-5.335608108108107484e-01,2.730000000000000204e-01,0.000000000000000000e+00
-5.310574324324324191e-01,2.730000000000000204e-01,0.000000000000000000e+00
-5.285540540540540899e-01,2.730000000000000204e-01,0.000000000000000000e+00
-5.260506756756755387e-01,2.730000000000000204e-01,0.000000000000000000e+00
-5.235472972972972094e-01,2.730000000000000204e-01,0.000000000000000000e+00
-5.210439189189188802e-01,2.730000000000000204e-01,0.000000000000000000e+00
-5.185405405405405510e-01,2.730000000000000204e-01,0.000000000000000000e+00
-5.160371621621622218e-01,2.730000000000000204e-01,0.000000000000000000e+00
-5.135337837837836705e-01,2.730000000000000204e-01,0.000000000000000000e+00
-5.110304054054053413e-01,2.730000000000000204e-01,0.000000000000000000e+00
-5.085270270270270121e-01,2.730000000000000204e-01,0.000000000000000000e+00
-5.060236486486486829e-01,2.730000000000000204e-01,0.000000000000000000e+00
-5.035202702702701316e-01,2.730000000000000204e-01,0.000000000000000000e+00
-5.010168918918918024e-01,2.730000000000000204e-01,0.000000000000000000e+00
-4.985135135135134732e-01,2.730000000000000204e-01,0.000000000000000000e+00
-4.960101351351351440e-01,2.730000000000000204e-01,0.000000000000000000e+00
-4.935067567567568148e-01,2.730000000000000204e-01,0.000000000000000000e+00
-4.910033783783782635e-01,2.730000000000000204e-01,0.000000000000000000e+00
-4.884999999999999343e-01,2.730000000000000204e-01,0.000000000000000000e+00
-4.859966216216216051e-01,2.730000000000000204e-01,0.000000000000000000e+00
-4.834932432432432758e-01,2.730000000000000204e-01,0.000000000000000000e+00
-4.809898648648647246e-01,2.730000000000000204e-01,0.000000000000000000e+00
-4.784864864864863954e-01,2.730000000000000204e-01,0.000000000000000000e+00
-4.759831081081080661e-01,2.730000000000000204e-01,0.000000000000000000e+00
-4.734797297297297369e-01,2.730000000000000204e-01,0.000000000000000000e+00
-4.709763513513514077e-01,2.730000000000000204e-01,0.000000000000000000e+00
-4.684729729729728565e-01,2.730000000000000204e-01,0.000000000000000000e+00
-4.659695945945945272e-01,2.730000000000000204e-01,0.000000000000000000e+00
-4.634662162162161980e-01,2.730000000000000204e-01,0.000000000000000000e+00
-4.609628378378378688e-01,2.730000000000000204e-01,0.000000000000000000e+00
-4.584594594594593175e-01,2.730000000000000204e-01,0.000000000000000000e+00
-4.559560810810809883e-01,2.730000000000000204e-01,0.000000000000000000e+00
-4.534527027027026591e-01,2.730000000000000204e-01,0.000000000000000000e+00
-4.509493243243243299e-01,2.730000000000000204e-01,0.000000000000000000e+00
-4.484459459459460007e-01,2.730000000000000204e-01,0.000000000000000000e+00
-4.459425675675674494e-01,2.730000000000000204e-01,0.000000000000000000e+00
-4.434391891891891202e-01,2.730000000000000204e-01,0.000000000000000000e+00
-4.409358108108107910e-01,2.730000000000000204e-01,0.000000000000000000e+00
-4.384324324324324618e-01,2.730000000000000204e-01,0.000000000000000000e+00
-4.359290540540539105e-01,2.730000000000000204e-01,0.000000000000000000e+00
-4.334256756756755813e-01,2.730000000000000204e-01,0.000000000000000000e+00
-4.309222972972972521e-01,2.730000000000000204e-01,0.000000000000000000e+00
-4.284189189189189229e-01,2.730000000000000204e-01,0.000000000000000000e+00
-4.259155405405405936e-01,2.730000000000000204e-01,0.000000000000000000e+00
-4.234121621621620424e-01,2.730000000000000204e-01,0.000000000000000000e+00
-4.209087837837837132e-01,2.730000000000000204e-01,0.000000000000000000e+00
-4.184054054054053839e-01,2.730000000000000204e-01,0.000000000000000000e+00
-4.159020270270270547e-01,2.730000000000000204e-01,0.000000000000000000e+00
-4.133986486486485035e-01,2.730000000000000204e-01,0.000000000000000000e+00
-4.108952702702701743e-01,2.730000000000000204e-01,0.000000000000000000e+00
-4.083918918918918450e-01,2.730000000000000204e-01,0.000000000000000000e+00
-4.058885135135135158e-01,2.730000000000000204e-01,0.000000000000000000e+00
-4.033851351351351866e-01,2.730000000000000204e-01,0.000000000000000000e+00
-4.008817567567566353e-01,2.730000000000000204e-01,0.000000000000000000e+00
-3.983783783783783061e-01,2.730000000000000204e-01,0.000000000000000000e+00
-3.958749999999999769e-01,2.730000000000000204e-01,0.000000000000000000e+00
-3.933716216216216477e-01,2.730000000000000204e-01,0.000000000000000000e+00
-3.908682432432430964e-01,2.730000000000000204e-01,0.000000000000000000e+00
-3.883648648648647672e-01,2.730000000000000204e-01,0.000000000000000000e+00
-3.858614864864864380e-01,2.730000000000000204e-01,0.000000000000000000e+00
-3.833581081081081088e-01,2.730000000000000204e-01,0.000000000000000000e+00
-3.808547297297297796e-01,2.730000000000000204e-01,0.000000000000000000e+00
-3.783513513513512283e-01,2.730000000000000204e-01,0.000000000000000000e+00
-3.758479729729728991e-01,2.730000000000000204e-01,0.000000000000000000e+00
-3.733445945945945699e-01,2.730000000000000204e-01,0.000000000000000000e+00
-3.708412162162162407e-01,2.730000000000000204e-01,0.000000000000000000e+00
-3.683378378378376894e-01,2.730000000000000204e-01,0.000000000000000000e+00
-3.658344594594593602e-01,2.730000000000000204e-01,0.000000000000000000e+00
-3.633310810810810310e-01,2.730000000000000204e-01,0.000000000000000000e+00
-3.608277027027027017e-01,2.730000000000000204e-01,0.000000000000000000e+00
-3.583243243243243725e-01,2.730000000000000204e-01,0.000000000000000000e+00
-3.558209459459458213e-01,2.730000000000000204e-01,0.000000000000000000e+00
-3.533175675675674920e-01,2.730000000000000204e-01,0.000000000000000000e+00
-3.508141891891891628e-01,2.730000000000000204e-01,0.000000000000000000e+00
-3.483108108108108336e-01,2.730000000000000204e-01,0.000000000000000000e+00
-3.458074324324322824e-01,2.730000000000000204e-01,0.000000000000000000e+00
-3.433040540540539531e-01,2.730000000000000204e-01,0.000000000000000000e+00
-3.408006756756756239e-01,2.730000000000000204e-01,0.000000000000000000e+00
-3.382972972972972947e-01,2.730000000000000204e-01,0.000000000000000000e+00
-3.357939189189189655e-01,2.730000000000000204e-01,0.000000000000000000e+00
-3.332905405405404142e-01,2.730000000000000204e-01,0.000000000000000000e+00
-3.307871621621620850e-01,2.730000000000000204e-01,0.000000000000000000e+00
-3.282837837837837558e-01,2.730000000000000204e-01,0.000000000000000000e+00
-3.257804054054054266e-01,2.730000000000000204e-01,0.000000000000000000e+00
-3.232770270270268753e-01,2.730000000000000204e-01,0.000000000000000000e+00
-3.207736486486485461e-01,2.730000000000000204e-01,0.000000000000000000e+00
-3.182702702702702169e-01,2.730000000000000204e-01,0.000000000000000000e+00
-3.157668918918918877e-01,2.730000000000000204e-01,0.000000000000000000e+00
-3.132635135135135585e-01,2.730000000000000204e-01,0.000000000000000000e+00
-3.107601351351350072e-01,2.730000000000000204e-01,0.000000000000000000e+00
-3.082567567567566780e-01,2.730000000000000204e-01,0.000000000000000000e+00
-3.057533783783783488e-01,2.730000000000000204e-01,0.000000000000000000e+00
-3.032500000000000195e-01,2.730000000000000204e-01,0.000000000000000000e+00
-3.007466216216214683e-01,2.730000000000000204e-01,0.000000000000000000e+00
-2.982432432432431391e-01,2.730000000000000204e-01,0.000000000000000000e+00
-2.957398648648648098e-01,2.730000000000000204e-01,0.000000000000000000e+00
-2.932364864864864806e-01,2.730000000000000204e-01,0.000000000000000000e+00
-2.907331081081081514e-01,2.730000000000000204e-01,0.000000000000000000e+00
-2.882297297297296002e-01,2.730000000000000204e-01,0.000000000000000000e+00
-2.857263513513512709e-01,2.730000000000000204e-01,0.000000000000000000e+00
-2.832229729729729417e-01,2.730000000000000204e-01,0.000000000000000000e+00
-2.807195945945946125e-01,2.730000000000000204e-01,0.000000000000000000e+00
-2.782162162162160612e-01,2.730000000000000204e-01,0.000000000000000000e+00
-2.757128378378377320e-01,2.730000000000000204e-01,0.000000000000000000e+00
-2.732094594594594028e-01,2.730000000000000204e-01,0.000000000000000000e+00
-2.707060810810810736e-01,2.730000000000000204e-01,0.000000000000000000e+00
-2.682027027027027444e-01,2.730000000000000204e-01,0.000000000000000000e+00
-2.656993243243241931e-01,2.730000000000000204e-01,0.000000000000000000e+00
-2.631959459459458639e-01,2.730000000000000204e-01,0.000000000000000000e+00
-2.606925675675675347e-01,2.730000000000000204e-01,0.000000000000000000e+00
-2.581891891891892055e-01,2.730000000000000204e-01,0.000000000000000000e+00
-2.556858108108106542e-01,2.730000000000000204e-01,0.000000000000000000e+00
-2.531824324324323250e-01,2.730000000000000204e-01,0.000000000000000000e+00
-2.506790540540539958e-01,2.730000000000000204e-01,0.000000000000000000e+00
-2.481756756756756666e-01,2.730000000000000204e-01,0.000000000000000000e+00
-2.456722972972973373e-01,2.730000000000000204e-01,0.000000000000000000e+00
-2.431689189189187861e-01,2.730000000000000204e-01,0.000000000000000000e+00
-2.406655405405404569e-01,2.730000000000000204e-01,0.000000000000000000e+00
-2.381621621621621276e-01,2.730000000000000204e-01,0.000000000000000000e+00
-2.356587837837837984e-01,2.730000000000000204e-01,0.000000000000000000e+00
-2.331554054054052472e-01,2.730000000000000204e-01,0.000000000000000000e+00
-2.306520270270269179e-01,2.730000000000000204e-01,0.000000000000000000e+00
-2.281486486486485887e-01,2.730000000000000204e-01,0.000000000000000000e+00
-2.256452702702702595e-01,2.730000000000000204e-01,0.000000000000000000e+00
-2.231418918918919303e-01,2.730000000000000204e-01,0.000000000000000000e+00
-2.206385135135133790e-01,2.730000000000000204e-01,0.000000000000000000e+00
-2.181351351351350498e-01,2.730000000000000204e-01,0.000000000000000000e+00
-2.156317567567567206e-01,2.730000000000000204e-01,0.000000000000000000e+00
-2.131283783783783914e-01,2.730000000000000204e-01,0.000000000000000000e+00
-2.106249999999998401e-01,2.730000000000000204e-01,0.000000000000000000e+00
-2.081216216216215109e-01,2.730000000000000204e-01,0.000000000000000000e+00
-2.056182432432431817e-01,2.730000000000000204e-01,0.000000000000000000e+00
-2.031148648648648525e-01,2.730000000000000204e-01,0.000000000000000000e+00
-2.006114864864865233e-01,2.730000000000000204e-01,0.000000000000000000e+00
-1.981081081081079720e-01,2.730000000000000204e-01,0.000000000000000000e+00
-1.956047297297296428e-01,2.730000000000000204e-01,0.000000000000000000e+00
-1.931013513513513136e-01,2.730000000000000204e-01,0.000000000000000000e+00
-1.905979729729729844e-01,2.730000000000000204e-01,0.000000000000000000e+00
-1.880945945945944331e-01,2.730000000000000204e-01,0.000000000000000000e+00
-1.855912162162161039e-01,2.730000000000000204e-01,0.000000000000000000e+00
-1.830878378378377747e-01,2.730000000000000204e-01,0.000000000000000000e+00
-1.805844594594594454e-01,2.730000000000000204e-01,0.000000000000000000e+00
-1.780810810810811162e-01,2.730000000000000204e-01,0.000000000000000000e+00
-1.755777027027025650e-01,2.730000000000000204e-01,0.000000000000000000e+00
-1.730743243243242357e-01,2.730000000000000204e-01,0.000000000000000000e+00
-1.705709459459459065e-01,2.730000000000000204e-01,0.000000000000000000e+00
-1.680675675675675773e-01,2.730000000000000204e-01,0.000000000000000000e+00
-1.655641891891890261e-01,2.730000000000000204e-01,0.000000000000000000e+00
-1.630608108108106968e-01,2.730000000000000204e-01,0.000000000000000000e+00
-1.605574324324323676e-01,2.730000000000000204e-01,0.000000000000000000e+00
-1.580540540540540384e-01,2.730000000000000204e-01,0.000000000000000000e+00
-1.555506756756757092e-01,2.730000000000000204e-01,0.000000000000000000e+00
-1.530472972972971579e-01,2.730000000000000204e-01,0.000000000000000000e+00
-1.505439189189188287e-01,2.730000000000000204e-01,0.000000000000000000e+00
-1.480405405405404995e-01,2.730000000000000204e-01,0.000000000000000000e+00
-1.455371621621621703e-01,2.730000000000000204e-01,0.000000000000000000e+00
-1.430337837837836190e-01,2.730000000000000204e-01,0.000000000000000000e+00
-1.405304054054052898e-01,2.730000000000000204e-01,0.000000000000000000e+00
-1.380270270270269606e-01,2.730000000000000204e-01,0.000000000000000000e+00
-1.355236486486486314e-01,2.730000000000000204e-01,0.000000000000000000e+00
-1.330202702702703021e-01,2.730000000000000204e-01,0.000000000000000000e+00
-1.305168918918917509e-01,2.730000000000000204e-01,0.000000000000000000e+00
-1.280135135135134217e-01,2.730000000000000204e-01,0.000000000000000000e+00
-1.255101351351350925e-01,2.730000000000000204e-01,0.000000000000000000e+00
-1.230067567567567632e-01,2.730000000000000204e-01,0.000000000000000000e+00
-1.205033783783782120e-01,2.730000000000000204e-01,0.000000000000000000e+00
-1.179999999999999938e-01,2.730000000000000204e-01,0.000000000000000000e+00
-1.179999999999999938e-01,2.730000000000000204e-01,1.744899837620053296e+00
-1.153870967741935372e-01,2.730000000000000204e-01,1.595398199439950204e+00
-1.127741935483870944e-01,2.730000000000000204e-01,1.450806959843210286e+00
-1.101612903225806378e-01,2.730000000000000204e-01,1.311126118829819776e+00
-1.075483870967741951e-01,2.730000000000000204e-01,1.176355676399796879e+00
-1.049354838709677384e-01,2.730000000000000204e-01,1.046495632553138710e+00
-1.023225806451612818e-01,2.730000000000000204e-01,9.215459872898301708e-01
-9.970967741935482520e-02,2.730000000000000204e-01,8.015067406098810299e-01
-9.709677419354838246e-02,2.730000000000000204e-01,6.863778925133032782e-01
-9.448387096774193972e-02,2.730000000000000204e-01,5.761594430000721578e-01
-9.187096774193548310e-02,2.730000000000000204e-01,4.708513920702051547e-01
-8.925806451612902648e-02,2.730000000000000204e-01,3.704537397236984386e-01
-8.664516129032256986e-02,2.730000000000000204e-01,2.749664859605508993e-01
-8.403225806451612712e-02,2.730000000000000204e-01,1.843896307807660895e-01
-8.141935483870967050e-02,2.730000000000000204e-01,9.872317418433299019e-02
-7.880645161290322775e-02,2.730000000000000204e-01,1.796711617126983337e-02
-7.619354838709677114e-02,2.730000000000000204e-01,-5.787854325844572073e-02
-7.358064516129031452e-02,2.730000000000000204e-01,-1.298035151184236680e-01
-7.096774193548387177e-02,2.730000000000000204e-01,-2.056677784207862902e-01
-6.835483870967741515e-02,2.730000000000000204e-01,-2.892195390159902346e-01
-6.574193548387097241e-02,2.730000000000000204e-01,-3.804818805428386019e-01
-6.312903225806451579e-02,2.730000000000000204e-01,-4.794548030013439099e-01
-6.051612903225805917e-02,2.730000000000000204e-01,-5.861383063914982205e-01
-5.790322580645160949e-02,2.730000000000000204e-01,-7.005323907133039762e-01
-5.529032258064515981e-02,2.730000000000000204e-01,-8.226370559667577353e-01
-5.267741935483870319e-02,2.730000000000000204e-01,-9.524523021518604970e-01
-5.006451612903226045e-02,2.730000000000000204e-01,-1.089978129268619256e+00
-4.745161290322580383e-02,2.730000000000000204e-01,-1.235214537317027794e+00
-4.483870967741934721e-02,2.730000000000000204e-01,-1.388161526297077897e+00
-4.222580645161290447e-02,2.730000000000000204e-01,-1.548819096208784440e+00
-3.961290322580644785e-02,2.730000000000000204e-01,-7.947326362899584495e+00
-3.699999999999999817e-02,2.730000000000000204e-01,0.000000000000000000e+00
-3.699999999999999817e-02,2.730000000000000204e-01,-6.064632573870469834e+00
-3.431578947368420923e-02,2.730000000000000204e-01,0.000000000000000000e+00
-3.163157894736842030e-02,2.730000000000000204e-01,0.000000000000000000e+00
-2.894736842105263136e-02,2.730000000000000204e-01,0.000000000000000000e+00
-2.626315789473684242e-02,2.730000000000000204e-01,0.000000000000000000e+00
-2.357894736842105349e-02,2.730000000000000204e-01,0.000000000000000000e+00
-2.089473684210526108e-02,2.730000000000000204e-01,0.000000000000000000e+00
-1.821052631578947215e-02,2.730000000000000204e-01,0.000000000000000000e+00
-1.552631578947368321e-02,2.730000000000000204e-01,0.000000000000000000e+00
-1.284210526315789427e-02,2.730000000000000204e-01,0.000000000000000000e+00
-1.015789473684210534e-02,2.730000000000000204e-01,0.000000000000000000e+00
-7.473684210526316402e-03,2.730000000000000204e-01,0.000000000000000000e+00
-4.789473684210523996e-03,2.730000000000000204e-01,0.000000000000000000e+00
-2.105263157894735060e-03,-2.105263157894735060e-03,0.000000000000000000e+00
5.789473684210538762e-04,2.730000000000000204e-01,0.000000000000000000e+00
3.263157894736842812e-03,2.730000000000000204e-01,0.000000000000000000e+00
5.947368421052631748e-03,2.730000000000000204e-01,0.000000000000000000e+00
8.631578947368420685e-03,2.730000000000000204e-01,0.000000000000000000e+00
1.131578947368420962e-02,2.730000000000000204e-01,7.587889763183818393e-05
1.400000000000000029e-02,2.730000000000000204e-01,0.000000000000000000e+00
1.400000000000000029e-02,2.730000000000000204e-01,1.582583784732057630e+01
1.656250000000000083e-02,2.730000000000000204e-01,1.417367475883207550e+00
1.912499999999999964e-02,2.730000000000000204e-01,-2.938842526680288358e+01
2.168749999999999845e-02,2.730000000000000204e-01,3.436878663793874722e+01
2.425000000000000072e-02,2.730000000000000204e-01,1.764129785440105280e+01
2.681250000000000300e-02,2.730000000000000204e-01,-6.545707527557363292e+00
2.937499999999999833e-02,2.730000000000000204e-01,-1.211716100260088069e+01
3.193750000000000061e-02,2.730000000000000204e-01,-3.346135434300235634e+00
3.450000000000000289e-02,2.730000000000000204e-01,1.484745399286890866e+00
3.706249999999999822e-02,2.730000000000000204e-01,1.274764563213614199e+00
3.962500000000000050e-02,2.730000000000000204e-01,8.309829250426018499e-01
4.218750000000000278e-02,2.730000000000000204e-01,4.563870137641869440e-01
4.474999999999999811e-02,2.730000000000000204e-01,1.509768293783793347e-01
4.731250000000000039e-02,2.730000000000000204e-01,-8.524762811481451097e-02
4.987500000000000266e-02,2.730000000000000204e-01,-2.522863587154127729e-01
5.243749999999999800e-02,2.730000000000000204e-01,-3.501393624234080404e-01
5.500000000000000028e-02,2.730000000000000204e-01,-3.788977564927826780e-01
5.756250000000000255e-02,2.730000000000000204e-01,-3.538207437150691081e-01
6.012499999999999789e-02,2.730000000000000204e-01,-3.071487082853218697e-01
6.268750000000000711e-02,2.730000000000000204e-01,-2.429773020257915972e-01
6.525000000000000244e-02,2.730000000000000204e-01,-1.613065249365138731e-01
6.781249999999999778e-02,2.730000000000000204e-01,-6.213637701747382752e-02
7.037500000000000699e-02,2.730000000000000204e-01,5.453314173132484816e-02
7.293750000000000233e-02,2.730000000000000204e-01,1.887020313098912716e-01
7.549999999999999767e-02,2.730000000000000204e-01,3.262809433751558963e-01
7.806250000000000688e-02,2.730000000000000204e-01,-3.590884388646261444e-02
8.062500000000000222e-02,2.730000000000000204e-01,-1.526852203817357312e+00
8.318749999999999756e-02,2.730000000000000204e-01,-4.186193172952086705e+00
8.575000000000000677e-02,2.730000000000000204e-01,-8.133875284614029866e+00
8.831250000000000211e-02,2.730000000000000204e-01,-1.751735031606000970e+00
9.087499999999999745e-02,2.730000000000000204e-01,-9.925401548300476406e+01
9.343750000000000666e-02,2.730000000000000204e-01,9.445511485182942124e+01
9.600000000000000200e-02,2.730000000000000204e-01,0.000000000000000000e+00
9.830769230769230427e-02,2.730000000000000204e-01,0.000000000000000000e+00
1.006153846153846204e-01,2.730000000000000204e-01,0.000000000000000000e+00
1.029230769230769227e-01,2.730000000000000204e-01,0.000000000000000000e+00
1.052307692307692388e-01,2.730000000000000204e-01,0.000000000000000000e+00
1.075384615384615411e-01,2.730000000000000204e-01,0.000000000000000000e+00
1.098461538461538434e-01,2.730000000000000204e-01,0.000000000000000000e+00
1.121538461538461595e-01,2.730000000000000204e-01,0.000000000000000000e+00
1.144615384615384618e-01,2.730000000000000204e-01,0.000000000000000000e+00
1.167692307692307641e-01,2.730000000000000204e-01,0.000000000000000000e+00
1.190769230769230802e-01,2.730000000000000204e-01,0.000000000000000000e+00
1.213846153846153825e-01,2.730000000000000204e-01,0.000000000000000000e+00
1.236923076923076847e-01,2.730000000000000204e-01,6.382552372895794690e+00
1.260000000000000009e-01,2.730000000000000204e-01,1.245237422770389735e+00
1.286206896551724266e-01,2.730000000000000204e-01,1.190656743978750098e+00
1.312413793103448245e-01,2.730000000000000204e-01,1.132802480512552723e+00
1.338620689655172502e-01,2.730000000000000204e-01,1.071674632371792946e+00
1.364827586206896481e-01,2.730000000000000204e-01,1.007273199556468990e+00
1.391034482758620738e-01,2.730000000000000204e-01,9.395981820665819662e-01
1.417241379310344995e-01,2.730000000000000204e-01,8.686495799021374253e-01
1.443448275862068975e-01,2.730000000000000204e-01,7.944273930631317038e-01
1.469655172413793232e-01,2.730000000000000204e-01,7.169316215495630251e-01
1.495862068965517211e-01,2.730000000000000204e-01,6.361622653614230627e-01
1.522068965517241468e-01,2.730000000000000204e-01,5.521193244987346871e-01
1.548275862068965725e-01,2.730000000000000204e-01,4.648027989614846867e-01
1.574482758620689704e-01,2.730000000000000204e-01,3.742126887496634580e-01
1.600689655172413961e-01,2.730000000000000204e-01,2.803489938632888756e-01
1.626896551724137940e-01,2.730000000000000204e-01,1.832117143023496431e-01
1.653103448275862197e-01,2.730000000000000204e-01,8.280085006684148596e-02
1.679310344827586454e-01,2.730000000000000204e-01,-2.142433927370863966e-02
1.705517241379310434e-01,2.730000000000000204e-01,-1.318045713276280451e-01
1.731724137931034690e-01,2.730000000000000204e-01,-2.489730567366029435e-01
1.757931034482758670e-01,2.730000000000000204e-01,-3.729298061760418781e-01
1.784137931034482927e-01,2.730000000000000204e-01,-5.036748196459316373e-01
1.810344827586207184e-01,2.730000000000000204e-01,-6.412080971462869039e-01
1.836551724137931163e-01,2.730000000000000204e-01,-7.855296386770952433e-01
1.862758620689655420e-01,2.730000000000000204e-01,-9.366394442383657593e-01
1.888965517241379399e-01,2.730000000000000204e-01,-1.094537513830077913e+00
1.915172413793103656e-01,2.730000000000000204e-01,-1.259223847452266565e+00
1.941379310344827913e-01,2.730000000000000204e-01,-1.430698445104897187e+00
1.967586206896551893e-01,2.730000000000000204e-01,-1.608961306787995982e+00
1.993793103448275872e-01,2.730000000000000204e-01,-1.117410090491460650e+01
2.020000000000000129e-01,2.730000000000000204e-01,0.000000000000000000e+00
2.020000000000000129e-01,2.730000000000000204e-01,-9.606876184191669665e+00
2.045588235294117652e-01,2.730000000000000204e-01,0.000000000000000000e+00
2.071176470588235452e-01,2.730000000000000204e-01,0.000000000000000000e+00
2.096764705882352975e-01,2.730000000000000204e-01,0.000000000000000000e+00
2.122352941176470775e-01,2.730000000000000204e-01,0.000000000000000000e+00
2.147941176470588298e-01,2.730000000000000204e-01,0.000000000000000000e+00
2.173529411764705821e-01,2.730000000000000204e-01,0.000000000000000000e+00
2.199117647058823621e-01,2.730000000000000204e-01,0.000000000000000000e+00
2.224705882352941144e-01,2.730000000000000204e-01,0.000000000000000000e+00
2.250294117647058945e-01,2.730000000000000204e-01,0.000000000000000000e+00
2.275882352941176467e-01,2.730000000000000204e-01,0.000000000000000000e+00
2.301470588235294268e-01,2.730000000000000204e-01,0.000000000000000000e+00
2.327058823529411791e-01,2.730000000000000204e-01,0.000000000000000000e+00
2.352647058823529314e-01,2.730000000000000204e-01,0.000000000000000000e+00
2.378235294117647114e-01,2.730000000000000204e-01,0.000000000000000000e+00
2.403823529411764637e-01,2.730000000000000204e-01,0.000000000000000000e+00
2.429411764705882160e-01,2.730000000000000204e-01,0.000000000000000000e+00
2.454999999999999960e-01,2.730000000000000204e-01,0.000000000000000000e+00
2.480588235294117483e-01,2.730000000000000204e-01,0.000000000000000000e+00
2.506176470588235006e-01,2.730000000000000204e-01,0.000000000000000000e+00
2.531764705882352806e-01,2.730000000000000204e-01,0.000000000000000000e+00
2.557352941176470607e-01,2.730000000000000204e-01,0.000000000000000000e+00
2.582941176470587852e-01,2.730000000000000204e-01,0.000000000000000000e+00
2.608529411764705652e-01,2.730000000000000204e-01,0.000000000000000000e+00
2.634117647058823453e-01,2.730000000000000204e-01,0.000000000000000000e+00
2.659705882352940698e-01,2.730000000000000204e-01,0.000000000000000000e+00
2.685294117647058498e-01,2.730000000000000204e-01,0.000000000000000000e+00
2.710882352941176299e-01,2.730000000000000204e-01,0.000000000000000000e+00
2.736470588235294099e-01,2.730000000000000204e-01,0.000000000000000000e+00
2.762058823529411900e-01,2.730000000000000204e-01,0.000000000000000000e+00
2.787647058823529145e-01,2.730000000000000204e-01,0.000000000000000000e+00
2.813235294117646945e-01,2.730000000000000204e-01,0.000000000000000000e+00
2.838823529411764746e-01,2.730000000000000204e-01,0.000000000000000000e+00
2.864411764705881991e-01,2.730000000000000204e-01,0.000000000000000000e+00
2.889999999999999791e-01,2.730000000000000204e-01,0.000000000000000000e+00
2.889999999999999791e-01,2.730000000000000204e-01,2.797104287296624525e-01
2.916470588235293704e-01,2.730000000000000204e-01,9.015590415928624868e-01
2.942941176470588172e-01,2.730000000000000204e-01,1.360777754355052327e+00
2.969411764705882084e-01,2.730000000000000204e-01,1.657366567016232084e+00
2.995882352941176552e-01,2.730000000000000204e-01,1.791325479576401980e+00
3.022352941176470464e-01,2.730000000000000204e-01,1.762654492035562681e+00
3.048823529411764932e-01,2.730000000000000204e-01,1.571353604393711967e+00
3.075294117647058845e-01,2.730000000000000204e-01,1.217422816650857831e+00
3.101764705882352757e-01,2.730000000000000204e-01,7.019663500191074545e-01
3.128235294117647225e-01,2.730000000000000204e-01,1.032144946949307279e-01
3.154705882352941138e-01,2.730000000000000204e-01,-4.501362499450369814e-01
3.181176470588235605e-01,2.730000000000000204e-01,-9.460975988679373172e-01
3.207647058823529518e-01,2.730000000000000204e-01,-1.384669552073778620e+00
3.234117647058823430e-01,2.730000000000000204e-01,-1.765800235479429769e+00
3.260588235294117898e-01,2.730000000000000204e-01,-2.387391024260426473e-02
3.287058823529411811e-01,2.730000000000000204e-01,-2.729906428642336458e+00
3.313529411764706278e-01,2.730000000000000204e-01,-3.630655200787208603e+00
3.340000000000000191e-01,2.730000000000000204e-01,0.000000000000000000e+00
3.340000000000000191e-01,2.730000000000000204e-01,0.000000000000000000e+00
3.365069306930693060e-01,2.730000000000000204e-01,0.000000000000000000e+00
3.390138613861386485e-01,2.730000000000000204e-01,0.000000000000000000e+00
3.415207920792079355e-01,2.730000000000000204e-01,0.000000000000000000e+00
3.440277227722772224e-01,2.730000000000000204e-01,0.000000000000000000e+00
3.465346534653465649e-01,2.730000000000000204e-01,0.000000000000000000e+00
3.490415841584158518e-01,2.730000000000000204e-01,0.000000000000000000e+00
3.515485148514851943e-01,2.730000000000000204e-01,0.000000000000000000e+00
3.540554455445544813e-01,2.730000000000000204e-01,0.000000000000000000e+00
3.565623762376237682e-01,2.730000000000000204e-01,0.000000000000000000e+00
3.590693069306931107e-01,2.730000000000000204e-01,0.000000000000000000e+00
3.615762376237623976e-01,2.730000000000000204e-01,0.000000000000000000e+00
3.640831683168316846e-01,2.730000000000000204e-01,0.000000000000000000e+00
3.665900990099010270e-01,2.730000000000000204e-01,0.000000000000000000e+00
3.690970297029703140e-01,2.730000000000000204e-01,0.000000000000000000e+00
3.716039603960396009e-01,2.730000000000000204e-01,0.000000000000000000e+00
3.741108910891089434e-01,2.730000000000000204e-01,0.000000000000000000e+00
3.766178217821782304e-01,2.730000000000000204e-01,0.000000000000000000e+00
3.791247524752475728e-01,2.730000000000000204e-01,0.000000000000000000e+00
3.816316831683168598e-01,2.730000000000000204e-01,0.000000000000000000e+00
3.841386138613861467e-01,2.730000000000000204e-01,0.000000000000000000e+00
3.866455445544554337e-01,2.730000000000000204e-01,0.000000000000000000e+00
3.891524752475247761e-01,2.730000000000000204e-01,0.000000000000000000e+00
3.916594059405940631e-01,2.730000000000000204e-01,0.000000000000000000e+00
3.941663366336634056e-01,2.730000000000000204e-01,0.000000000000000000e+00
3.966732673267326925e-01,2.730000000000000204e-01,0.000000000000000000e+00
3.991801980198019795e-01,2.730000000000000204e-01,0.000000000000000000e+00
4.016871287128713219e-01,2.730000000000000204e-01,0.000000000000000000e+00
4.041940594059406089e-01,2.730000000000000204e-01,0.000000000000000000e+00
4.067009900990099514e-01,2.730000000000000204e-01,0.000000000000000000e+00
4.092079207920792383e-01,2.730000000000000204e-01,0.000000000000000000e+00
4.117148514851485253e-01,2.730000000000000204e-01,0.000000000000000000e+00
4.142217821782178122e-01,2.730000000000000204e-01,0.000000000000000000e+00
4.167287128712871547e-01,2.730000000000000204e-01,0.000000000000000000e+00
4.192356435643564416e-01,2.730000000000000204e-01,0.000000000000000000e+00
4.217425742574257841e-01,2.730000000000000204e-01,0.000000000000000000e+00
4.242495049504950710e-01,2.730000000000000204e-01,0.000000000000000000e+00
4.267564356435643580e-01,2.730000000000000204e-01,0.000000000000000000e+00
4.292633663366337005e-01,2.730000000000000204e-01,0.000000000000000000e+00
4.317702970297029874e-01,2.730000000000000204e-01,0.000000000000000000e+00
4.342772277227723299e-01,2.730000000000000204e-01,0.000000000000000000e+00
4.367841584158416168e-01,2.730000000000000204e-01,0.000000000000000000e+00
4.392910891089109038e-01,2.730000000000000204e-01,0.000000000000000000e+00
4.417980198019801907e-01,2.730000000000000204e-01,0.000000000000000000e+00
4.443049504950495332e-01,2.730000000000000204e-01,0.000000000000000000e+00
4.468118811881188202e-01,2.730000000000000204e-01,0.000000000000000000e+00
4.493188118811881626e-01,2.730000000000000204e-01,0.000000000000000000e+00
4.518257425742574496e-01,2.730000000000000204e-01,0.000000000000000000e+00
4.543326732673267365e-01,2.730000000000000204e-01,0.000000000000000000e+00
4.568396039603960235e-01,2.730000000000000204e-01,0.000000000000000000e+00
4.593465346534653659e-01,2.730000000000000204e-01,0.000000000000000000e+00
4.618534653465347084e-01,2.730000000000000204e-01,0.000000000000000000e+00
4.643603960396039954e-01,2.730000000000000204e-01,0.000000000000000000e+00
4.668673267326732823e-01,2.730000000000000204e-01,0.000000000000000000e+00
4.693742574257425693e-01,2.730000000000000204e-01,0.000000000000000000e+00
4.718811881188119117e-01,2.730000000000000204e-01,0.000000000000000000e+00
4.743881188118811987e-01,2.730000000000000204e-01,0.000000000000000000e+00
4.768950495049505411e-01,2.730000000000000204e-01,0.000000000000000000e+00
4.794019801980198281e-01,2.730000000000000204e-01,0.000000000000000000e+00
4.819089108910891150e-01,2.730000000000000204e-01,0.000000000000000000e+00
4.844158415841584020e-01,2.730000000000000204e-01,0.000000000000000000e+00
4.869227722772277445e-01,2.730000000000000204e-01,0.000000000000000000e+00
4.894297029702970869e-01,2.730000000000000204e-01,0.000000000000000000e+00
4.919366336633663739e-01,2.730000000000000204e-01,0.000000000000000000e+00
4.944435643564356608e-01,2.730000000000000204e-01,0.000000000000000000e+00
4.969504950495049478e-01,2.730000000000000204e-01,0.000000000000000000e+00
4.994574257425742347e-01,2.730000000000000204e-01,0.000000000000000000e+00
5.019643564356435217e-01,2.730000000000000204e-01,0.000000000000000000e+00
5.044712871287129197e-01,2.730000000000000204e-01,0.000000000000000000e+00
5.069782178217822066e-01,2.730000000000000204e-01,0.000000000000000000e+00
5.094851485148514936e-01,2.730000000000000204e-01,0.000000000000000000e+00
5.119920792079207805e-01,2.730000000000000204e-01,0.000000000000000000e+00
5.144990099009900675e-01,2.730000000000000204e-01,0.000000000000000000e+00
5.170059405940594655e-01,2.730000000000000204e-01,0.000000000000000000e+00
5.195128712871287524e-01,2.730000000000000204e-01,0.000000000000000000e+00
5.220198019801980394e-01,2.730000000000000204e-01,0.000000000000000000e+00
5.245267326732673263e-01,2.730000000000000204e-01,0.000000000000000000e+00
5.270336633663366133e-01,2.730000000000000204e-01,0.000000000000000000e+00
5.295405940594060112e-01,2.730000000000000204e-01,0.000000000000000000e+00
5.320475247524752982e-01,2.730000000000000204e-01,0.000000000000000000e+00
5.345544554455445851e-01,2.730000000000000204e-01,0.000000000000000000e+00
5.370613861386138721e-01,2.730000000000000204e-01,0.000000000000000000e+00
5.395683168316831591e-01,2.730000000000000204e-01,0.000000000000000000e+00
5.420752475247525570e-01,2.730000000000000204e-01,0.000000000000000000e+00
5.445821782178217330e-01,2.730000000000000204e-01,0.000000000000000000e+00
5.470891089108911309e-01,2.730000000000000204e-01,0.000000000000000000e+00
5.495960396039604179e-01,2.730000000000000204e-01,0.000000000000000000e+00
5.521029702970297048e-01,2.730000000000000204e-01,0.000000000000000000e+00
5.546099009900989918e-01,2.730000000000000204e-01,0.000000000000000000e+00
5.571168316831682787e-01,2.730000000000000204e-01,0.000000000000000000e+00
5.596237623762376767e-01,2.730000000000000204e-01,0.000000000000000000e+00
5.621306930693069637e-01,2.730000000000000204e-01,0.000000000000000000e+00
5.646376237623762506e-01,2.730000000000000204e-01,0.000000000000000000e+00
5.671445544554455376e-01,2.730000000000000204e-01,0.000000000000000000e+00
5.696514851485148245e-01,2.730000000000000204e-01,0.000000000000000000e+00
5.721584158415842225e-01,2.730000000000000204e-01,0.000000000000000000e+00
5.746653465346535095e-01,2.730000000000000204e-01,0.000000000000000000e+00
5.771722772277227964e-01,2.730000000000000204e-01,0.000000000000000000e+00
5.796792079207920834e-01,2.730000000000000204e-01,0.000000000000000000e+00
5.821861386138613703e-01,2.730000000000000204e-01,0.000000000000000000e+00
5.846930693069307683e-01,2.730000000000000204e-01,0.000000000000000000e+00
5.871999999999999442e-01,2.730000000000000204e-01,0.000000000000000000e+00
5.897069306930693422e-01,2.730000000000000204e-01,0.000000000000000000e+00
5.922138613861386292e-01,2.730000000000000204e-01,0.000000000000000000e+00
5.947207920792079161e-01,2.730000000000000204e-01,0.000000000000000000e+00
5.972277227722773141e-01,2.730000000000000204e-01,0.000000000000000000e+00
5.997346534653464900e-01,2.730000000000000204e-01,0.000000000000000000e+00
6.022415841584158880e-01,2.730000000000000204e-01,0.000000000000000000e+00
6.047485148514851749e-01,2.730000000000000204e-01,0.000000000000000000e+00
6.072554455445544619e-01,2.730000000000000204e-01,0.000000000000000000e+00
6.097623762376238599e-01,2.730000000000000204e-01,0.000000000000000000e+00
6.122693069306930358e-01,2.730000000000000204e-01,0.000000000000000000e+00
6.147762376237624338e-01,2.730000000000000204e-01,0.000000000000000000e+00
6.172831683168317207e-01,2.730000000000000204e-01,0.000000000000000000e+00
6.197900990099010077e-01,2.730000000000000204e-01,0.000000000000000000e+00
6.222970297029702946e-01,2.730000000000000204e-01,0.000000000000000000e+00
6.248039603960395816e-01,2.730000000000000204e-01,0.000000000000000000e+00
6.273108910891089796e-01,2.730000000000000204e-01,0.000000000000000000e+00
6.298178217821781555e-01,2.730000000000000204e-01,0.000000000000000000e+00
6.323247524752475535e-01,2.730000000000000204e-01,0.000000000000000000e+00
6.348316831683168404e-01,2.730000000000000204e-01,0.000000000000000000e+00
6.373386138613861274e-01,2.730000000000000204e-01,0.000000000000000000e+00
6.398455445544555253e-01,2.730000000000000204e-01,0.000000000000000000e+00
6.423524752475247013e-01,2.730000000000000204e-01,0.000000000000000000e+00
6.448594059405940992e-01,2.730000000000000204e-01,0.000000000000000000e+00
6.473663366336633862e-01,2.730000000000000204e-01,0.000000000000000000e+00
6.498732673267326732e-01,2.730000000000000204e-01,0.000000000000000000e+00
6.523801980198020711e-01,2.730000000000000204e-01,0.000000000000000000e+00
6.548871287128712471e-01,2.730000000000000204e-01,0.000000000000000000e+00
6.573940594059406450e-01,2.730000000000000204e-01,0.000000000000000000e+00
6.599009900990099320e-01,2.730000000000000204e-01,0.000000000000000000e+00
6.624079207920792189e-01,2.730000000000000204e-01,0.000000000000000000e+00
6.649148514851485059e-01,2.730000000000000204e-01,0.000000000000000000e+00
6.674217821782177928e-01,2.730000000000000204e-01,0.000000000000000000e+00
6.699287128712871908e-01,2.730000000000000204e-01,0.000000000000000000e+00
6.724356435643564778e-01,2.730000000000000204e-01,0.000000000000000000e+00
6.749425742574257647e-01,2.730000000000000204e-01,0.000000000000000000e+00
6.774495049504950517e-01,2.730000000000000204e-01,0.000000000000000000e+00
6.799564356435643386e-01,2.730000000000000204e-01,0.000000000000000000e+00
6.824633663366337366e-01,2.730000000000000204e-01,0.000000000000000000e+00
6.849702970297029125e-01,2.730000000000000204e-01,0.000000000000000000e+00
6.874772277227723105e-01,2.730000000000000204e-01,0.000000000000000000e+00
6.899841584158415975e-01,2.730000000000000204e-01,0.000000000000000000e+00
6.924910891089108844e-01,2.730000000000000204e-01,0.000000000000000000e+00
6.949980198019802824e-01,2.730000000000000204e-01,0.000000000000000000e+00
6.975049504950494583e-01,2.730000000000000204e-01,0.000000000000000000e+00
7.000118811881188563e-01,2.730000000000000204e-01,0.000000000000000000e+00
7.025188118811881433e-01,2.730000000000000204e-01,0.000000000000000000e+00
7.050257425742574302e-01,2.730000000000000204e-01,0.000000000000000000e+00
7.075326732673268282e-01,2.730000000000000204e-01,0.000000000000000000e+00
7.100396039603960041e-01,2.730000000000000204e-01,0.000000000000000000e+00
7.125465346534654021e-01,2.730000000000000204e-01,0.000000000000000000e+00
7.150534653465346890e-01,2.730000000000000204e-01,0.000000000000000000e+00
7.175603960396039760e-01,2.730000000000000204e-01,0.000000000000000000e+00
7.200673267326732629e-01,2.730000000000000204e-01,0.000000000000000000e+00
7.225742574257425499e-01,2.730000000000000204e-01,0.000000000000000000e+00
7.250811881188119479e-01,2.730000000000000204e-01,0.000000000000000000e+00
7.275881188118811238e-01,2.730000000000000204e-01,0.000000000000000000e+00
7.300950495049505218e-01,2.730000000000000204e-01,0.000000000000000000e+00
7.326019801980198087e-01,2.730000000000000204e-01,0.000000000000000000e+00
7.351089108910890957e-01,2.730000000000000204e-01,0.000000000000000000e+00
7.376158415841584937e-01,2.730000000000000204e-01,0.000000000000000000e+00
7.401227722772276696e-01,2.730000000000000204e-01,0.000000000000000000e+00
7.426297029702970676e-01,2.730000000000000204e-01,0.000000000000000000e+00
7.451366336633663545e-01,2.730000000000000204e-01,0.000000000000000000e+00
7.476435643564356415e-01,2.730000000000000204e-01,0.000000000000000000e+00
7.501504950495050394e-01,2.730000000000000204e-01,0.000000000000000000e+00
7.526574257425742154e-01,2.730000000000000204e-01,0.000000000000000000e+00
7.551643564356436134e-01,2.730000000000000204e-01,0.000000000000000000e+00
7.576712871287129003e-01,2.730000000000000204e-01,0.000000000000000000e+00
7.601782178217821873e-01,2.730000000000000204e-01,0.000000000000000000e+00
7.626851485148514742e-01,2.730000000000000204e-01,0.000000000000000000e+00
7.651920792079207612e-01,2.730000000000000204e-01,0.000000000000000000e+00
7.676990099009901591e-01,2.730000000000000204e-01,0.000000000000000000e+00
7.702059405940594461e-01,2.730000000000000204e-01,0.000000000000000000e+00
7.727128712871287330e-01,2.730000000000000204e-01,0.000000000000000000e+00
7.752198019801980200e-01,2.730000000000000204e-01,0.000000000000000000e+00
7.777267326732673070e-01,2.730000000000000204e-01,0.000000000000000000e+00
7.802336633663367049e-01,2.730000000000000204e-01,0.000000000000000000e+00
7.827405940594058809e-01,2.730000000000000204e-01,0.000000000000000000e+00
7.852475247524752788e-01,2.730000000000000204e-01,0.000000000000000000e+00
7.877544554455445658e-01,2.730000000000000204e-01,0.000000000000000000e+00
7.902613861386138527e-01,2.730000000000000204e-01,0.000000000000000000e+00
7.927683168316832507e-01,2.730000000000000204e-01,0.000000000000000000e+00
7.952752475247524266e-01,2.730000000000000204e-01,0.000000000000000000e+00
7.977821782178218246e-01,2.730000000000000204e-01,0.000000000000000000e+00
8.002891089108911116e-01,2.730000000000000204e-01,0.000000000000000000e+00
8.027960396039603985e-01,2.730000000000000204e-01,0.000000000000000000e+00
8.053029702970297965e-01,2.730000000000000204e-01,0.000000000000000000e+00
8.078099009900989724e-01,2.730000000000000204e-01,0.000000000000000000e+00
8.103168316831683704e-01,2.730000000000000204e-01,0.000000000000000000e+00
8.128237623762376574e-01,2.730000000000000204e-01,0.000000000000000000e+00
8.153306930693069443e-01,2.730000000000000204e-01,0.000000000000000000e+00
8.178376237623762313e-01,2.730000000000000204e-01,0.000000000000000000e+00
8.203445544554455182e-01,2.730000000000000204e-01,0.000000000000000000e+00
8.228514851485149162e-01,2.730000000000000204e-01,0.000000000000000000e+00
8.253584158415840921e-01,2.730000000000000204e-01,0.000000000000000000e+00
8.278653465346534901e-01,2.730000000000000204e-01,0.000000000000000000e+00
8.303722772277227770e-01,2.730000000000000204e-01,0.000000000000000000e+00
8.328792079207920640e-01,2.730000000000000204e-01,0.000000000000000000e+00
8.353861386138614620e-01,2.730000000000000204e-01,0.000000000000000000e+00
8.378930693069306379e-01,2.730000000000000204e-01,0.000000000000000000e+00
8.404000000000000359e-01,2.730000000000000204e-01,0.000000000000000000e+00
8.429069306930692118e-01,2.730000000000000204e-01,0.000000000000000000e+00
8.454138613861386098e-01,2.730000000000000204e-01,0.000000000000000000e+00
8.479207920792080078e-01,2.730000000000000204e-01,0.000000000000000000e+00
8.504277227722771837e-01,2.730000000000000204e-01,0.000000000000000000e+00
8.529346534653465817e-01,2.730000000000000204e-01,0.000000000000000000e+00
8.554415841584157576e-01,2.730000000000000204e-01,0.000000000000000000e+00
8.579485148514851556e-01,2.730000000000000204e-01,0.000000000000000000e+00
8.604554455445545535e-01,2.730000000000000204e-01,0.000000000000000000e+00
8.629623762376237295e-01,2.730000000000000204e-01,0.000000000000000000e+00
8.654693069306931275e-01,2.730000000000000204e-01,0.000000000000000000e+00
8.679762376237623034e-01,2.730000000000000204e-01,0.000000000000000000e+00
8.704831683168317014e-01,2.730000000000000204e-01,0.000000000000000000e+00
8.729900990099010993e-01,2.730000000000000204e-01,0.000000000000000000e+00
8.754970297029702753e-01,2.730000000000000204e-01,0.000000000000000000e+00
8.780039603960396732e-01,2.730000000000000204e-01,0.000000000000000000e+00
8.805108910891088492e-01,2.730000000000000204e-01,0.000000000000000000e+00
8.830178217821782471e-01,2.730000000000000204e-01,0.000000000000000000e+00
8.855247524752476451e-01,2.730000000000000204e-01,0.000000000000000000e+00
8.880316831683168211e-01,2.730000000000000204e-01,0.000000000000000000e+00
8.905386138613862190e-01,2.730000000000000204e-01,0.000000000000000000e+00
8.930455445544553950e-01,2.730000000000000204e-01,0.000000000000000000e+00
8.955524752475247929e-01,2.730000000000000204e-01,0.000000000000000000e+00
8.980594059405939689e-01,2.730000000000000204e-01,0.000000000000000000e+00
9.005663366336633668e-01,2.730000000000000204e-01,0.000000000000000000e+00
9.030732673267327648e-01,2.730000000000000204e-01,0.000000000000000000e+00
9.055801980198019407e-01,2.730000000000000204e-01,0.000000000000000000e+00
9.080871287128713387e-01,2.730000000000000204e-01,0.000000000000000000e+00
9.105940594059405147e-01,2.730000000000000204e-01,0.000000000000000000e+00
9.131009900990099126e-01,2.730000000000000204e-01,0.000000000000000000e+00
9.156079207920793106e-01,2.730000000000000204e-01,0.000000000000000000e+00
9.181148514851484865e-01,2.730000000000000204e-01,0.000000000000000000e+00
9.206217821782178845e-01,2.730000000000000204e-01,0.000000000000000000e+00
9.231287128712870604e-01,2.730000000000000204e-01,0.000000000000000000e+00
9.256356435643564584e-01,2.730000000000000204e-01,0.000000000000000000e+00
9.281425742574258564e-01,2.730000000000000204e-01,0.000000000000000000e+00
9.306495049504950323e-01,2.730000000000000204e-01,0.000000000000000000e+00
9.331564356435644303e-01,2.730000000000000204e-01,0.000000000000000000e+00
9.356633663366336062e-01,2.730000000000000204e-01,0.000000000000000000e+00
9.381702970297030042e-01,2.730000000000000204e-01,0.000000000000000000e+00
9.406772277227721801e-01,2.730000000000000204e-01,0.000000000000000000e+00
9.431841584158415781e-01,2.730000000000000204e-01,0.000000000000000000e+00
9.456910891089109761e-01,2.730000000000000204e-01,0.000000000000000000e+00
9.481980198019801520e-01,2.730000000000000204e-01,0.000000000000000000e+00
9.507049504950495500e-01,2.730000000000000204e-01,0.000000000000000000e+00
9.532118811881187259e-01,2.730000000000000204e-01,0.000000000000000000e+00
9.557188118811881239e-01,2.730000000000000204e-01,0.000000000000000000e+00
9.582257425742575219e-01,2.730000000000000204e-01,0.000000000000000000e+00
9.607326732673266978e-01,2.730000000000000204e-01,0.000000000000000000e+00
9.632396039603960958e-01,2.730000000000000204e-01,0.000000000000000000e+00
9.657465346534652717e-01,2.730000000000000204e-01,0.000000000000000000e+00
9.682534653465346697e-01,2.730000000000000204e-01,0.000000000000000000e+00
9.707603960396040677e-01,2.730000000000000204e-01,0.000000000000000000e+00
9.732673267326732436e-01,2.730000000000000204e-01,0.000000000000000000e+00
9.757742574257426416e-01,2.730000000000000204e-01,0.000000000000000000e+00
9.782811881188118175e-01,2.730000000000000204e-01,0.000000000000000000e+00
9.807881188118812155e-01,2.730000000000000204e-01,0.000000000000000000e+00
9.832950495049506134e-01,2.730000000000000204e-01,0.000000000000000000e+00
9.858019801980197894e-01,2.730000000000000204e-01,0.000000000000000000e+00
9.883089108910891873e-01,2.730000000000000204e-01,0.000000000000000000e+00
9.908158415841583633e-01,2.730000000000000204e-01,0.000000000000000000e+00
9.933227722772277613e-01,2.730000000000000204e-01,0.000000000000000000e+00
9.958297029702969372e-01,2.730000000000000204e-01,0.000000000000000000e+00
9.983366336633663352e-01,2.730000000000000204e-01,0.000000000000000000e+00
1.000843564356435733e+00,2.730000000000000204e-01,0.000000000000000000e+00
1.003350495049504909e+00,2.730000000000000204e-01,0.000000000000000000e+00
1.005857425742574307e+00,2.730000000000000204e-01,0.000000000000000000e+00
1.008364356435643483e+00,2.730000000000000204e-01,0.000000000000000000e+00
1.010871287128712881e+00,2.730000000000000204e-01,0.000000000000000000e+00
1.013378217821782279e+00,2.730000000000000204e-01,0.000000000000000000e+00
1.015885148514851455e+00,2.730000000000000204e-01,0.000000000000000000e+00
1.018392079207920853e+00,2.730000000000000204e-01,0.000000000000000000e+00
1.020899009900990029e+00,2.730000000000000204e-01,0.000000000000000000e+00
1.023405940594059427e+00,2.730000000000000204e-01,0.000000000000000000e+00
1.025912871287128825e+00,2.730000000000000204e-01,0.000000000000000000e+00
1.028419801980198001e+00,2.730000000000000204e-01,0.000000000000000000e+00
1.030926732673267399e+00,2.730000000000000204e-01,0.000000000000000000e+00
1.033433663366336575e+00,2.730000000000000204e-01,0.000000000000000000e+00
1.035940594059405973e+00,2.730000000000000204e-01,0.000000000000000000e+00
1.038447524752475148e+00,2.730000000000000204e-01,0.000000000000000000e+00
1.040954455445544546e+00,2.730000000000000204e-01,0.000000000000000000e+00
1.043461386138613944e+00,2.730000000000000204e-01,0.000000000000000000e+00
1.045968316831683120e+00,2.730000000000000204e-01,0.000000000000000000e+00
1.048475247524752518e+00,2.730000000000000204e-01,0.000000000000000000e+00
1.050982178217821694e+00,2.730000000000000204e-01,0.000000000000000000e+00
1.053489108910891092e+00,2.730000000000000204e-01,0.000000000000000000e+00
1.055996039603960490e+00,2.730000000000000204e-01,0.000000000000000000e+00
1.058502970297029666e+00,2.730000000000000204e-01,0.000000000000000000e+00
1.061009900990099064e+00,2.730000000000000204e-01,0.000000000000000000e+00
1.063516831683168240e+00,2.730000000000000204e-01,0.000000000000000000e+00
1.066023762376237638e+00,2.730000000000000204e-01,0.000000000000000000e+00
1.068530693069307036e+00,2.730000000000000204e-01,0.000000000000000000e+00
1.071037623762376212e+00,2.730000000000000204e-01,0.000000000000000000e+00
1.073544554455445610e+00,2.730000000000000204e-01,0.000000000000000000e+00
1.076051485148514786e+00,2.730000000000000204e-01,0.000000000000000000e+00
1.078558415841584184e+00,2.730000000000000204e-01,0.000000000000000000e+00
1.081065346534653582e+00,2.730000000000000204e-01,0.000000000000000000e+00
1.083572277227722758e+00,2.730000000000000204e-01,0.000000000000000000e+00
1.086079207920792156e+00,2.730000000000000204e-01,0.000000000000000000e+00
1.088586138613861332e+00,2.730000000000000204e-01,0.000000000000000000e+00
1.091093069306930730e+00,2.730000000000000204e-01,0.000000000000000000e+00
1.093599999999999905e+00,2.730000000000000204e-01,0.000000000000000000e+00
1.096106930693069303e+00,2.730000000000000204e-01,0.000000000000000000e+00
1.098613861386138701e+00,2.730000000000000204e-01,0.000000000000000000e+00
1.101120792079207877e+00,2.730000000000000204e-01,0.000000000000000000e+00
1.103627722772277275e+00,2.730000000000000204e-01,0.000000000000000000e+00
1.106134653465346451e+00,2.730000000000000204e-01,0.000000000000000000e+00
1.108641584158415849e+00,2.730000000000000204e-01,0.000000000000000000e+00
1.111148514851485247e+00,2.730000000000000204e-01,0.000000000000000000e+00
1.113655445544554423e+00,2.730000000000000204e-01,0.000000000000000000e+00
1.116162376237623821e+00,2.730000000000000204e-01,0.000000000000000000e+00
1.118669306930692997e+00,2.730000000000000204e-01,0.000000000000000000e+00
1.121176237623762395e+00,2.730000000000000204e-01,0.000000000000000000e+00
1.123683168316831793e+00,2.730000000000000204e-01,0.000000000000000000e+00
1.126190099009900969e+00,2.730000000000000204e-01,0.000000000000000000e+00
1.128697029702970367e+00,2.730000000000000204e-01,0.000000000000000000e+00
1.131203960396039543e+00,2.730000000000000204e-01,0.000000000000000000e+00
1.133710891089108941e+00,2.730000000000000204e-01,0.000000000000000000e+00
1.136217821782178339e+00,2.730000000000000204e-01,0.000000000000000000e+00
1.138724752475247515e+00,2.730000000000000204e-01,0.000000000000000000e+00
1.141231683168316913e+00,2.730000000000000204e-01,0.000000000000000000e+00
1.143738613861386089e+00,2.730000000000000204e-01,0.000000000000000000e+00
1.146245544554455487e+00,2.730000000000000204e-01,0.000000000000000000e+00
1.148752475247524663e+00,2.730000000000000204e-01,0.000000000000000000e+00
1.151259405940594061e+00,2.730000000000000204e-01,0.000000000000000000e+00
1.153766336633663458e+00,2.730000000000000204e-01,0.000000000000000000e+00
1.156273267326732634e+00,2.730000000000000204e-01,0.000000000000000000e+00
1.158780198019802032e+00,2.730000000000000204e-01,0.000000000000000000e+00
1.161287128712871208e+00,2.730000000000000204e-01,0.000000000000000000e+00
1.163794059405940606e+00,2.730000000000000204e-01,0.000000000000000000e+00
1.166300990099010004e+00,2.730000000000000204e-01,0.000000000000000000e+00
1.168807920792079180e+00,2.730000000000000204e-01,0.000000000000000000e+00
1.171314851485148578e+00,2.730000000000000204e-01,0.000000000000000000e+00
1.173821782178217754e+00,2.730000000000000204e-01,0.000000000000000000e+00
1.176328712871287152e+00,2.730000000000000204e-01,0.000000000000000000e+00
1.178835643564356550e+00,2.730000000000000204e-01,0.000000000000000000e+00
1.181342574257425726e+00,2.730000000000000204e-01,0.000000000000000000e+00
1.183849504950495124e+00,2.730000000000000204e-01,0.000000000000000000e+00
1.186356435643564300e+00,2.730000000000000204e-01,0.000000000000000000e+00
1.188863366336633698e+00,2.730000000000000204e-01,0.000000000000000000e+00
1.191370297029702874e+00,2.730000000000000204e-01,0.000000000000000000e+00
1.193877227722772272e+00,2.730000000000000204e-01,0.000000000000000000e+00
1.196384158415841670e+00,2.730000000000000204e-01,0.000000000000000000e+00
1.198891089108910846e+00,2.730000000000000204e-01,0.000000000000000000e+00
1.201398019801980244e+00,2.730000000000000204e-01,0.000000000000000000e+00
1.203904950495049420e+00,2.730000000000000204e-01,0.000000000000000000e+00
1.206411881188118818e+00,2.730000000000000204e-01,0.000000000000000000e+00
1.208918811881188216e+00,2.730000000000000204e-01,0.000000000000000000e+00
1.211425742574257391e+00,2.730000000000000204e-01,0.000000000000000000e+00
1.213932673267326789e+00,2.730000000000000204e-01,0.000000000000000000e+00
1.216439603960395965e+00,2.730000000000000204e-01,0.000000000000000000e+00
1.218946534653465363e+00,2.730000000000000204e-01,0.000000000000000000e+00
1.221453465346534761e+00,2.730000000000000204e-01,0.000000000000000000e+00
1.223960396039603937e+00,2.730000000000000204e-01,0.000000000000000000e+00
1.226467326732673335e+00,2.730000000000000204e-01,0.000000000000000000e+00
1.228974257425742511e+00,2.730000000000000204e-01,0.000000000000000000e+00
1.231481188118811909e+00,2.730000000000000204e-01,0.000000000000000000e+00
1.233988118811881307e+00,2.730000000000000204e-01,0.000000000000000000e+00
1.236495049504950483e+00,2.730000000000000204e-01,0.000000000000000000e+00
1.239001980198019881e+00,2.730000000000000204e-01,0.000000000000000000e+00
1.241508910891089057e+00,2.730000000000000204e-01,0.000000000000000000e+00
1.244015841584158455e+00,2.730000000000000204e-01,0.000000000000000000e+00
1.246522772277227631e+00,2.730000000000000204e-01,0.000000000000000000e+00
1.249029702970297029e+00,2.730000000000000204e-01,0.000000000000000000e+00
1.251536633663366427e+00,2.730000000000000204e-01,0.000000000000000000e+00
1.254043564356435603e+00,2.730000000000000204e-01,0.000000000000000000e+00
1.256550495049505001e+00,2.730000000000000204e-01,0.000000000000000000e+00
1.259057425742574177e+00,2.730000000000000204e-01,0.000000000000000000e+00
1.261564356435643575e+00,2.730000000000000204e-01,0.000000000000000000e+00
1.264071287128712973e+00,2.730000000000000204e-01,0.000000000000000000e+00
1.266578217821782149e+00,2.730000000000000204e-01,0.000000000000000000e+00
1.269085148514851547e+00,2.730000000000000204e-01,0.000000000000000000e+00
1.271592079207920722e+00,2.730000000000000204e-01,0.000000000000000000e+00
1.274099009900990120e+00,2.730000000000000204e-01,0.000000000000000000e+00
1.276605940594059518e+00,2.730000000000000204e-01,0.000000000000000000e+00
1.279112871287128694e+00,2.730000000000000204e-01,0.000000000000000000e+00
1.281619801980198092e+00,2.730000000000000204e-01,0.000000000000000000e+00
1.284126732673267268e+00,2.730000000000000204e-01,0.000000000000000000e+00
1.286633663366336666e+00,2.730000000000000204e-01,0.000000000000000000e+00
1.289140594059405842e+00,2.730000000000000204e-01,0.000000000000000000e+00
1.291647524752475240e+00,2.730000000000000204e-01,0.000000000000000000e+00
1.294154455445544638e+00,2.730000000000000204e-01,0.000000000000000000e+00
1.296661386138613814e+00,2.730000000000000204e-01,0.000000000000000000e+00
1.299168316831683212e+00,2.730000000000000204e-01,0.000000000000000000e+00
1.301675247524752388e+00,2.730000000000000204e-01,0.000000000000000000e+00
1.304182178217821786e+00,2.730000000000000204e-01,0.000000000000000000e+00
1.306689108910891184e+00,2.730000000000000204e-01,0.000000000000000000e+00
1.309196039603960360e+00,2.730000000000000204e-01,0.000000000000000000e+00
1.311702970297029758e+00,2.730000000000000204e-01,0.000000000000000000e+00
1.314209900990098934e+00,2.730000000000000204e-01,0.000000000000000000e+00
1.316716831683168332e+00,2.730000000000000204e-01,0.000000000000000000e+00
1.319223762376237730e+00,2.730000000000000204e-01,0.000000000000000000e+00
1.321730693069306906e+00,2.730000000000000204e-01,0.000000000000000000e+00
1.324237623762376304e+00,2.730000000000000204e-01,0.000000000000000000e+00
1.326744554455445479e+00,2.730000000000000204e-01,0.000000000000000000e+00
1.329251485148514877e+00,2.730000000000000204e-01,0.000000000000000000e+00
1.331758415841584275e+00,2.730000000000000204e-01,0.000000000000000000e+00
1.334265346534653451e+00,2.730000000000000204e-01,0.000000000000000000e+00
1.336772277227722849e+00,2.730000000000000204e-01,0.000000000000000000e+00
1.339279207920792247e+00,2.730000000000000204e-01,0.000000000000000000e+00
1.341786138613861423e+00,2.730000000000000204e-01,0.000000000000000000e+00
1.344293069306930821e+00,2.730000000000000204e-01,0.000000000000000000e+00
1.346799999999999997e+00,2.730000000000000204e-01,0.000000000000000000e+00
1.349306930693069395e+00,2.730000000000000204e-01,0.000000000000000000e+00
1.351813861386138571e+00,2.730000000000000204e-01,0.000000000000000000e+00
1.354320792079207969e+00,2.730000000000000204e-01,0.000000000000000000e+00
1.356827722772277367e+00,2.730000000000000204e-01,0.000000000000000000e+00
1.359334653465346543e+00,2.730000000000000204e-01,0.000000000000000000e+00
1.361841584158415941e+00,2.730000000000000204e-01,0.000000000000000000e+00
1.364348514851485117e+00,2.730000000000000204e-01,0.000000000000000000e+00
1.366855445544554515e+00,2.730000000000000204e-01,0.000000000000000000e+00
1.369362376237623913e+00,2.730000000000000204e-01,0.000000000000000000e+00
1.371869306930693089e+00,2.730000000000000204e-01,0.000000000000000000e+00
1.374376237623762487e+00,2.730000000000000204e-01,0.000000000000000000e+00
1.376883168316831663e+00,2.730000000000000204e-01,0.000000000000000000e+00
1.379390099009901061e+00,2.730000000000000204e-01,0.000000000000000000e+00
1.381897029702970459e+00,2.730000000000000204e-01,0.000000000000000000e+00
1.384403960396039635e+00,2.730000000000000204e-01,0.000000000000000000e+00
1.386910891089109032e+00,2.730000000000000204e-01,0.000000000000000000e+00
1.389417821782178208e+00,2.730000000000000204e-01,0.000000000000000000e+00
1.391924752475247606e+00,2.730000000000000204e-01,0.000000000000000000e+00
1.394431683168317004e+00,2.730000000000000204e-01,0.000000000000000000e+00
1.396938613861386180e+00,2.730000000000000204e-01,0.000000000000000000e+00
1.399445544554455578e+00,2.730000000000000204e-01,0.000000000000000000e+00
1.401952475247524754e+00,2.730000000000000204e-01,0.000000000000000000e+00
1.404459405940594152e+00,2.730000000000000204e-01,0.000000000000000000e+00
1.406966336633663328e+00,2.730000000000000204e-01,0.000000000000000000e+00
1.409473267326732726e+00,2.730000000000000204e-01,0.000000000000000000e+00
1.411980198019802124e+00,2.730000000000000204e-01,0.000000000000000000e+00
1.414487128712871300e+00,2.730000000000000204e-01,0.000000000000000000e+00
1.416994059405940698e+00,2.730000000000000204e-01,0.000000000000000000e+00
1.419500990099009874e+00,2.730000000000000204e-01,0.000000000000000000e+00
1.422007920792079272e+00,2.730000000000000204e-01,0.000000000000000000e+00
1.424514851485148670e+00,2.730000000000000204e-01,0.000000000000000000e+00
1.427021782178217846e+00,2.730000000000000204e-01,0.000000000000000000e+00
1.429528712871287244e+00,2.730000000000000204e-01,0.000000000000000000e+00
1.432035643564356420e+00,2.730000000000000204e-01,0.000000000000000000e+00
1.434542574257425818e+00,2.730000000000000204e-01,0.000000000000000000e+00
1.437049504950495216e+00,2.730000000000000204e-01,0.000000000000000000e+00
1.439556435643564392e+00,2.730000000000000204e-01,0.000000000000000000e+00
1.442063366336633790e+00,2.730000000000000204e-01,0.000000000000000000e+00
1.444570297029702965e+00,2.730000000000000204e-01,0.000000000000000000e+00
1.447077227722772363e+00,2.730000000000000204e-01,0.000000000000000000e+00
1.449584158415841539e+00,2.730000000000000204e-01,0.000000000000000000e+00
1.452091089108910937e+00,2.730000000000000204e-01,0.000000000000000000e+00
1.454598019801980335e+00,2.730000000000000204e-01,0.000000000000000000e+00
1.457104950495049511e+00,2.730000000000000204e-01,0.000000000000000000e+00
1.459611881188118909e+00,2.730000000000000204e-01,0.000000000000000000e+00
1.462118811881188085e+00,2.730000000000000204e-01,0.000000000000000000e+00
1.464625742574257483e+00,2.730000000000000204e-01,0.000000000000000000e+00
1.467132673267326881e+00,2.730000000000000204e-01,0.000000000000000000e+00
1.469639603960396057e+00,2.730000000000000204e-01,0.000000000000000000e+00
1.472146534653465455e+00,2.730000000000000204e-01,0.000000000000000000e+00
1.474653465346534631e+00,2.730000000000000204e-01,0.000000000000000000e+00
1.477160396039604029e+00,2.730000000000000204e-01,0.000000000000000000e+00
1.479667326732673427e+00,2.730000000000000204e-01,0.000000000000000000e+00
1.482174257425742603e+00,2.730000000000000204e-01,0.000000000000000000e+00
1.484681188118812001e+00,2.730000000000000204e-01,0.000000000000000000e+00
1.487188118811881177e+00,2.730000000000000204e-01,0.000000000000000000e+00
1.489695049504950575e+00,2.730000000000000204e-01,0.000000000000000000e+00
1.492201980198019973e+00,2.730000000000000204e-01,0.000000000000000000e+00
1.494708910891089149e+00,2.730000000000000204e-01,0.000000000000000000e+00
1.497215841584158547e+00,2.730000000000000204e-01,0.000000000000000000e+00
1.499722772277227723e+00,2.730000000000000204e-01,0.000000000000000000e+00
1.502229702970297121e+00,2.730000000000000204e-01,0.000000000000000000e+00
1.504736633663366296e+00,2.730000000000000204e-01,0.000000000000000000e+00
1.507243564356435694e+00,2.730000000000000204e-01,0.000000000000000000e+00
1.509750495049505092e+00,2.730000000000000204e-01,0.000000000000000000e+00
1.512257425742574268e+00,2.730000000000000204e-01,0.000000000000000000e+00
1.514764356435643666e+00,2.730000000000000204e-01,0.000000000000000000e+00
1.517271287128712842e+00,2.730000000000000204e-01,0.000000000000000000e+00
1.519778217821782240e+00,2.730000000000000204e-01,0.000000000000000000e+00
1.522285148514851638e+00,2.730000000000000204e-01,0.000000000000000000e+00
1.524792079207920814e+00,2.730000000000000204e-01,0.000000000000000000e+00
1.527299009900990212e+00,2.730000000000000204e-01,0.000000000000000000e+00
1.529805940594059388e+00,2.730000000000000204e-01,0.000000000000000000e+00
1.532312871287128786e+00,2.730000000000000204e-01,0.000000000000000000e+00
1.534819801980198184e+00,2.730000000000000204e-01,0.000000000000000000e+00
1.537326732673267360e+00,2.730000000000000204e-01,0.000000000000000000e+00
1.539833663366336758e+00,2.730000000000000204e-01,0.000000000000000000e+00
1.542340594059405934e+00,2.730000000000000204e-01,0.000000000000000000e+00
1.544847524752475332e+00,2.730000000000000204e-01,0.000000000000000000e+00
1.547354455445544508e+00,2.730000000000000204e-01,0.000000000000000000e+00
1.549861386138613906e+00,2.730000000000000204e-01,0.000000000000000000e+00
1.552368316831683304e+00,2.730000000000000204e-01,0.000000000000000000e+00
1.554875247524752480e+00,2.730000000000000204e-01,0.000000000000000000e+00
1.557382178217821878e+00,2.730000000000000204e-01,0.000000000000000000e+00
1.559889108910891053e+00,2.730000000000000204e-01,0.000000000000000000e+00
1.562396039603960451e+00,2.730000000000000204e-01,0.000000000000000000e+00
1.564902970297029849e+00,2.730000000000000204e-01,0.000000000000000000e+00
1.567409900990099025e+00,2.730000000000000204e-01,0.000000000000000000e+00
1.569916831683168423e+00,2.730000000000000204e-01,0.000000000000000000e+00
1.572423762376237599e+00,2.730000000000000204e-01,0.000000000000000000e+00
1.574930693069306997e+00,2.730000000000000204e-01,0.000000000000000000e+00
1.577437623762376395e+00,2.730000000000000204e-01,0.000000000000000000e+00
1.579944554455445571e+00,2.730000000000000204e-01,0.000000000000000000e+00
1.582451485148514969e+00,2.730000000000000204e-01,0.000000000000000000e+00
1.584958415841584145e+00,2.730000000000000204e-01,0.000000000000000000e+00
1.587465346534653543e+00,2.730000000000000204e-01,0.000000000000000000e+00
1.589972277227722941e+00,2.730000000000000204e-01,0.000000000000000000e+00
1.592479207920792117e+00,2.730000000000000204e-01,0.000000000000000000e+00
1.594986138613861515e+00,2.730000000000000204e-01,0.000000000000000000e+00
1.597493069306930691e+00,2.730000000000000204e-01,0.000000000000000000e+00
