-1.600000000000000089e+00,-1.590000000000000024e-01,0.000000000000000000e+00
-1.597494485294117750e+00,-1.590000000000000024e-01,0.000000000000000000e+00
-1.594988970588235411e+00,-1.590000000000000024e-01,0.000000000000000000e+00
-1.592483455882353072e+00,-1.590000000000000024e-01,0.000000000000000000e+00
-1.589977941176470733e+00,-1.590000000000000024e-01,0.000000000000000000e+00
-1.587472426470588394e+00,-1.590000000000000024e-01,0.000000000000000000e+00
-1.584966911764706055e+00,-1.590000000000000024e-01,0.000000000000000000e+00
-1.582461397058823716e+00,-1.590000000000000024e-01,0.000000000000000000e+00
-1.579955882352941376e+00,-1.590000000000000024e-01,0.000000000000000000e+00
-1.577450367647058815e+00,-1.590000000000000024e-01,0.000000000000000000e+00
-1.574944852941176476e+00,-1.590000000000000024e-01,0.000000000000000000e+00
-1.572439338235294137e+00,-1.590000000000000024e-01,0.000000000000000000e+00
-1.569933823529411798e+00,-1.590000000000000024e-01,0.000000000000000000e+00
-1.567428308823529459e+00,-1.590000000000000024e-01,0.000000000000000000e+00
-1.564922794117647120e+00,-1.590000000000000024e-01,0.000000000000000000e+00
-1.562417279411764781e+00,-1.590000000000000024e-01,0.000000000000000000e+00
-1.559911764705882442e+00,-1.590000000000000024e-01,0.000000000000000000e+00
-1.557406250000000103e+00,-1.590000000000000024e-01,0.000000000000000000e+00
-1.554900735294117764e+00,-1.590000000000000024e-01,0.000000000000000000e+00
-1.552395220588235425e+00,-1.590000000000000024e-01,0.000000000000000000e+00
-1.549889705882353086e+00,-1.590000000000000024e-01,0.000000000000000000e+00
-1.547384191176470747e+00,-1.590000000000000024e-01,0.000000000000000000e+00
-1.544878676470588408e+00,-1.590000000000000024e-01,0.000000000000000000e+00
-1.542373161764706069e+00,-1.590000000000000024e-01,0.000000000000000000e+00
-1.539867647058823508e+00,-1.590000000000000024e-01,0.000000000000000000e+00
-1.537362132352941169e+00,-1.590000000000000024e-01,0.000000000000000000e+00
-1.534856617647058830e+00,-1.590000000000000024e-01,0.000000000000000000e+00
-1.532351102941176491e+00,-1.590000000000000024e-01,0.000000000000000000e+00
-1.529845588235294152e+00,-1.590000000000000024e-01,0.000000000000000000e+00
-1.527340073529411812e+00,-1.590000000000000024e-01,0.000000000000000000e+00
-1.524834558823529473e+00,-1.590000000000000024e-01,0.000000000000000000e+00
-1.522329044117647134e+00,-1.590000000000000024e-01,0.000000000000000000e+00
-1.519823529411764795e+00,-1.590000000000000024e-01,0.000000000000000000e+00
-1.517318014705882456e+00,-1.590000000000000024e-01,0.000000000000000000e+00
-1.514812500000000117e+00,-1.590000000000000024e-01,0.000000000000000000e+00
-1.512306985294117778e+00,-1.590000000000000024e-01,0.000000000000000000e+00
-1.509801470588235439e+00,-1.590000000000000024e-01,0.000000000000000000e+00
-1.507295955882353100e+00,-1.590000000000000024e-01,0.000000000000000000e+00
-1.504790441176470761e+00,-1.590000000000000024e-01,0.000000000000000000e+00
-1.502284926470588422e+00,-1.590000000000000024e-01,0.000000000000000000e+00
-1.499779411764706083e+00,-1.590000000000000024e-01,0.000000000000000000e+00
-1.497273897058823522e+00,-1.590000000000000024e-01,0.000000000000000000e+00
-1.494768382352941183e+00,-1.590000000000000024e-01,0.000000000000000000e+00
-1.492262867647058844e+00,-1.590000000000000024e-01,0.000000000000000000e+00
-1.489757352941176505e+00,-1.590000000000000024e-01,0.000000000000000000e+00
-1.487251838235294166e+00,-1.590000000000000024e-01,0.000000000000000000e+00
-1.484746323529411827e+00,-1.590000000000000024e-01,0.000000000000000000e+00
-1.482240808823529488e+00,-1.590000000000000024e-01,0.000000000000000000e+00
-1.479735294117647149e+00,-1.590000000000000024e-01,0.000000000000000000e+00
-1.477229779411764810e+00,-1.590000000000000024e-01,0.000000000000000000e+00
-1.474724264705882470e+00,-1.590000000000000024e-01,0.000000000000000000e+00
-1.472218750000000131e+00,-1.590000000000000024e-01,0.000000000000000000e+00
-1.469713235294117792e+00,-1.590000000000000024e-01,0.000000000000000000e+00
-1.467207720588235453e+00,-1.590000000000000024e-01,0.000000000000000000e+00
-1.464702205882353114e+00,-1.590000000000000024e-01,0.000000000000000000e+00
-1.462196691176470775e+00,-1.590000000000000024e-01,0.000000000000000000e+00
-1.459691176470588214e+00,-1.590000000000000024e-01,0.000000000000000000e+00
-1.457185661764706097e+00,-1.590000000000000024e-01,0.000000000000000000e+00
-1.454680147058823536e+00,-1.590000000000000024e-01,0.000000000000000000e+00
-1.452174632352941197e+00,-1.590000000000000024e-01,0.000000000000000000e+00
-1.449669117647058858e+00,-1.590000000000000024e-01,0.000000000000000000e+00
-1.447163602941176519e+00,-1.590000000000000024e-01,0.000000000000000000e+00
-1.444658088235294180e+00,-1.590000000000000024e-01,0.000000000000000000e+00
-1.442152573529411841e+00,-1.590000000000000024e-01,0.000000000000000000e+00
-1.439647058823529502e+00,-1.590000000000000024e-01,0.000000000000000000e+00
-1.437141544117647163e+00,-1.590000000000000024e-01,0.000000000000000000e+00
-1.434636029411764824e+00,-1.590000000000000024e-01,0.000000000000000000e+00
-1.432130514705882485e+00,-1.590000000000000024e-01,0.000000000000000000e+00
-1.429625000000000146e+00,-1.590000000000000024e-01,0.000000000000000000e+00
-1.427119485294117807e+00,-1.590000000000000024e-01,0.000000000000000000e+00
-1.424613970588235468e+00,-1.590000000000000024e-01,0.000000000000000000e+00
-1.422108455882352906e+00,-1.590000000000000024e-01,0.000000000000000000e+00
-1.419602941176470789e+00,-1.590000000000000024e-01,0.000000000000000000e+00
-1.417097426470588228e+00,-1.590000000000000024e-01,0.000000000000000000e+00
-1.414591911764705889e+00,-1.590000000000000024e-01,0.000000000000000000e+00
-1.412086397058823550e+00,-1.590000000000000024e-01,0.000000000000000000e+00
-1.409580882352941211e+00,-1.590000000000000024e-01,0.000000000000000000e+00
-1.407075367647058872e+00,-1.590000000000000024e-01,0.000000000000000000e+00
-1.404569852941176533e+00,-1.590000000000000024e-01,0.000000000000000000e+00
-1.402064338235294194e+00,-1.590000000000000024e-01,0.000000000000000000e+00
-1.399558823529411855e+00,-1.590000000000000024e-01,0.000000000000000000e+00
-1.397053308823529516e+00,-1.590000000000000024e-01,0.000000000000000000e+00
-1.394547794117647177e+00,-1.590000000000000024e-01,0.000000000000000000e+00
-1.392042279411764838e+00,-1.590000000000000024e-01,0.000000000000000000e+00
-1.389536764705882499e+00,-1.590000000000000024e-01,0.000000000000000000e+00
-1.387031250000000160e+00,-1.590000000000000024e-01,0.000000000000000000e+00
-1.384525735294117821e+00,-1.590000000000000024e-01,0.000000000000000000e+00
-1.382020220588235482e+00,-1.590000000000000024e-01,0.000000000000000000e+00
-1.379514705882352921e+00,-1.590000000000000024e-01,0.000000000000000000e+00
-1.377009191176470804e+00,-1.590000000000000024e-01,0.000000000000000000e+00
-1.374503676470588243e+00,-1.590000000000000024e-01,0.000000000000000000e+00
-1.371998161764705904e+00,-1.590000000000000024e-01,0.000000000000000000e+00
-1.369492647058823565e+00,-1.590000000000000024e-01,0.000000000000000000e+00
-1.366987132352941225e+00,-1.590000000000000024e-01,0.000000000000000000e+00
-1.364481617647058886e+00,-1.590000000000000024e-01,0.000000000000000000e+00
-1.361976102941176547e+00,-1.590000000000000024e-01,0.000000000000000000e+00
-1.359470588235294208e+00,-1.590000000000000024e-01,0.000000000000000000e+00
-1.356965073529411869e+00,-1.590000000000000024e-01,0.000000000000000000e+00
-1.354459558823529530e+00,-1.590000000000000024e-01,0.000000000000000000e+00
-1.351954044117647191e+00,-1.590000000000000024e-01,0.000000000000000000e+00
-1.349448529411764852e+00,-1.590000000000000024e-01,0.000000000000000000e+00
-1.346943014705882513e+00,-1.590000000000000024e-01,0.000000000000000000e+00
-1.344437500000000174e+00,-1.590000000000000024e-01,0.000000000000000000e+00
-1.341931985294117613e+00,-1.590000000000000024e-01,0.000000000000000000e+00
-1.339426470588235496e+00,-1.590000000000000024e-01,0.000000000000000000e+00
-1.336920955882352935e+00,-1.590000000000000024e-01,0.000000000000000000e+00
-1.334415441176470818e+00,-1.590000000000000024e-01,0.000000000000000000e+00
-1.331909926470588257e+00,-1.590000000000000024e-01,0.000000000000000000e+00
-1.329404411764705918e+00,-1.590000000000000024e-01,0.000000000000000000e+00
-1.326898897058823579e+00,-1.590000000000000024e-01,0.000000000000000000e+00
-1.324393382352941240e+00,-1.590000000000000024e-01,0.000000000000000000e+00
-1.321887867647058901e+00,-1.590000000000000024e-01,0.000000000000000000e+00
-1.319382352941176562e+00,-1.590000000000000024e-01,0.000000000000000000e+00
-1.316876838235294223e+00,-1.590000000000000024e-01,0.000000000000000000e+00
-1.314371323529411884e+00,-1.590000000000000024e-01,0.000000000000000000e+00
-1.311865808823529544e+00,-1.590000000000000024e-01,0.000000000000000000e+00
-1.309360294117647205e+00,-1.590000000000000024e-01,0.000000000000000000e+00
-1.306854779411764866e+00,-1.590000000000000024e-01,0.000000000000000000e+00
-1.304349264705882305e+00,-1.590000000000000024e-01,0.000000000000000000e+00
-1.301843750000000188e+00,-1.590000000000000024e-01,0.000000000000000000e+00
-1.299338235294117627e+00,-1.590000000000000024e-01,0.000000000000000000e+00
-1.296832720588235510e+00,-1.590000000000000024e-01,0.000000000000000000e+00
-1.294327205882352949e+00,-1.590000000000000024e-01,0.000000000000000000e+00
-1.291821691176470610e+00,-1.590000000000000024e-01,0.000000000000000000e+00
-1.289316176470588271e+00,-1.590000000000000024e-01,0.000000000000000000e+00
-1.286810661764705932e+00,-1.590000000000000024e-01,0.000000000000000000e+00
-1.284305147058823593e+00,-1.590000000000000024e-01,0.000000000000000000e+00
-1.281799632352941254e+00,-1.590000000000000024e-01,0.000000000000000000e+00
-1.279294117647058915e+00,-1.590000000000000024e-01,0.000000000000000000e+00
-1.276788602941176576e+00,-1.590000000000000024e-01,0.000000000000000000e+00
-1.274283088235294237e+00,-1.590000000000000024e-01,0.000000000000000000e+00
-1.271777573529411898e+00,-1.590000000000000024e-01,0.000000000000000000e+00
-1.269272058823529559e+00,-1.590000000000000024e-01,0.000000000000000000e+00
-1.266766544117647220e+00,-1.590000000000000024e-01,0.000000000000000000e+00
-1.264261029411764881e+00,-1.590000000000000024e-01,0.000000000000000000e+00
-1.261755514705882320e+00,-1.590000000000000024e-01,0.000000000000000000e+00
-1.259250000000000203e+00,-1.590000000000000024e-01,0.000000000000000000e+00
-1.256744485294117641e+00,-1.590000000000000024e-01,0.000000000000000000e+00
-1.254238970588235524e+00,-1.590000000000000024e-01,0.000000000000000000e+00
-1.251733455882352963e+00,-1.590000000000000024e-01,0.000000000000000000e+00
-1.249227941176470624e+00,-1.590000000000000024e-01,0.000000000000000000e+00
-1.246722426470588285e+00,-1.590000000000000024e-01,0.000000000000000000e+00
-1.244216911764705946e+00,-1.590000000000000024e-01,0.000000000000000000e+00
-1.241711397058823607e+00,-1.590000000000000024e-01,0.000000000000000000e+00
-1.239205882352941268e+00,-1.590000000000000024e-01,0.000000000000000000e+00
-1.236700367647058929e+00,-1.590000000000000024e-01,0.000000000000000000e+00
-1.234194852941176590e+00,-1.590000000000000024e-01,0.000000000000000000e+00
-1.231689338235294251e+00,-1.590000000000000024e-01,0.000000000000000000e+00
-1.229183823529411912e+00,-1.590000000000000024e-01,0.000000000000000000e+00
-1.226678308823529573e+00,-1.590000000000000024e-01,0.000000000000000000e+00
-1.224172794117647012e+00,-1.590000000000000024e-01,0.000000000000000000e+00
-1.221667279411764895e+00,-1.590000000000000024e-01,0.000000000000000000e+00
-1.219161764705882334e+00,-1.590000000000000024e-01,0.000000000000000000e+00
-1.216656250000000217e+00,-1.590000000000000024e-01,0.000000000000000000e+00
-1.214150735294117656e+00,-1.590000000000000024e-01,0.000000000000000000e+00
-1.211645220588235317e+00,-1.590000000000000024e-01,0.000000000000000000e+00
-1.209139705882352978e+00,-1.590000000000000024e-01,0.000000000000000000e+00
-1.206634191176470638e+00,-1.590000000000000024e-01,0.000000000000000000e+00
-1.204128676470588299e+00,-1.590000000000000024e-01,0.000000000000000000e+00
-1.201623161764705960e+00,-1.590000000000000024e-01,0.000000000000000000e+00
-1.199117647058823621e+00,-1.590000000000000024e-01,0.000000000000000000e+00
-1.196612132352941282e+00,-1.590000000000000024e-01,0.000000000000000000e+00
-1.194106617647058943e+00,-1.590000000000000024e-01,0.000000000000000000e+00
-1.191601102941176604e+00,-1.590000000000000024e-01,0.000000000000000000e+00
-1.189095588235294265e+00,-1.590000000000000024e-01,0.000000000000000000e+00
-1.186590073529411926e+00,-1.590000000000000024e-01,0.000000000000000000e+00
-1.184084558823529587e+00,-1.590000000000000024e-01,0.000000000000000000e+00
-1.181579044117647026e+00,-1.590000000000000024e-01,0.000000000000000000e+00
-1.179073529411764909e+00,-1.590000000000000024e-01,0.000000000000000000e+00
-1.176568014705882348e+00,-1.590000000000000024e-01,0.000000000000000000e+00
-1.174062500000000231e+00,-1.590000000000000024e-01,0.000000000000000000e+00
-1.171556985294117670e+00,-1.590000000000000024e-01,0.000000000000000000e+00
-1.169051470588235331e+00,-1.590000000000000024e-01,0.000000000000000000e+00
-1.166545955882352992e+00,-1.590000000000000024e-01,0.000000000000000000e+00
-1.164040441176470653e+00,-1.590000000000000024e-01,0.000000000000000000e+00
-1.161534926470588314e+00,-1.590000000000000024e-01,0.000000000000000000e+00
-1.159029411764705975e+00,-1.590000000000000024e-01,0.000000000000000000e+00
-1.156523897058823636e+00,-1.590000000000000024e-01,0.000000000000000000e+00
-1.154018382352941297e+00,-1.590000000000000024e-01,0.000000000000000000e+00
-1.151512867647058957e+00,-1.590000000000000024e-01,0.000000000000000000e+00
-1.149007352941176618e+00,-1.590000000000000024e-01,0.000000000000000000e+00
-1.146501838235294279e+00,-1.590000000000000024e-01,0.000000000000000000e+00
-1.143996323529411718e+00,-1.590000000000000024e-01,0.000000000000000000e+00
-1.141490808823529601e+00,-1.590000000000000024e-01,0.000000000000000000e+00
-1.138985294117647040e+00,-1.590000000000000024e-01,0.000000000000000000e+00
-1.136479779411764923e+00,-1.590000000000000024e-01,0.000000000000000000e+00
-1.133974264705882362e+00,-1.590000000000000024e-01,0.000000000000000000e+00
-1.131468750000000023e+00,-1.590000000000000024e-01,0.000000000000000000e+00
-1.128963235294117684e+00,-1.590000000000000024e-01,0.000000000000000000e+00
-1.126457720588235345e+00,-1.590000000000000024e-01,0.000000000000000000e+00
-1.123952205882353006e+00,-1.590000000000000024e-01,0.000000000000000000e+00
-1.121446691176470667e+00,-1.590000000000000024e-01,0.000000000000000000e+00
-1.118941176470588328e+00,-1.590000000000000024e-01,0.000000000000000000e+00
-1.116435661764705989e+00,-1.590000000000000024e-01,0.000000000000000000e+00
-1.113930147058823650e+00,-1.590000000000000024e-01,0.000000000000000000e+00
-1.111424632352941311e+00,-1.590000000000000024e-01,0.000000000000000000e+00
-1.108919117647058972e+00,-1.590000000000000024e-01,0.000000000000000000e+00
-1.106413602941176633e+00,-1.590000000000000024e-01,0.000000000000000000e+00
-1.103908088235294294e+00,-1.590000000000000024e-01,0.000000000000000000e+00
-1.101402573529411733e+00,-1.590000000000000024e-01,0.000000000000000000e+00
-1.098897058823529616e+00,-1.590000000000000024e-01,0.000000000000000000e+00
-1.096391544117647054e+00,-1.590000000000000024e-01,0.000000000000000000e+00
-1.093886029411764937e+00,-1.590000000000000024e-01,0.000000000000000000e+00
-1.091380514705882376e+00,-1.590000000000000024e-01,0.000000000000000000e+00
-1.088875000000000037e+00,-1.590000000000000024e-01,0.000000000000000000e+00
-1.086369485294117698e+00,-1.590000000000000024e-01,0.000000000000000000e+00
-1.083863970588235359e+00,-1.590000000000000024e-01,0.000000000000000000e+00
-1.081358455882353020e+00,-1.590000000000000024e-01,0.000000000000000000e+00
-1.078852941176470681e+00,-1.590000000000000024e-01,0.000000000000000000e+00
-1.076347426470588342e+00,-1.590000000000000024e-01,0.000000000000000000e+00
-1.073841911764706003e+00,-1.590000000000000024e-01,0.000000000000000000e+00
-1.071336397058823664e+00,-1.590000000000000024e-01,0.000000000000000000e+00
-1.068830882352941325e+00,-1.590000000000000024e-01,0.000000000000000000e+00
-1.066325367647058986e+00,-1.590000000000000024e-01,0.000000000000000000e+00
-1.063819852941176425e+00,-1.590000000000000024e-01,0.000000000000000000e+00
-1.061314338235294308e+00,-1.590000000000000024e-01,0.000000000000000000e+00
-1.058808823529411747e+00,-1.590000000000000024e-01,0.000000000000000000e+00
-1.056303308823529630e+00,-1.590000000000000024e-01,0.000000000000000000e+00
-1.053797794117647069e+00,-1.590000000000000024e-01,0.000000000000000000e+00
-1.051292279411764952e+00,-1.590000000000000024e-01,0.000000000000000000e+00
-1.048786764705882391e+00,-1.590000000000000024e-01,0.000000000000000000e+00
-1.046281250000000052e+00,-1.590000000000000024e-01,0.000000000000000000e+00
-1.043775735294117712e+00,-1.590000000000000024e-01,0.000000000000000000e+00
-1.041270220588235373e+00,-1.590000000000000024e-01,0.000000000000000000e+00
-1.038764705882353034e+00,-1.590000000000000024e-01,0.000000000000000000e+00
-1.036259191176470695e+00,-1.590000000000000024e-01,0.000000000000000000e+00
-1.033753676470588356e+00,-1.590000000000000024e-01,0.000000000000000000e+00
-1.031248161764706017e+00,-1.590000000000000024e-01,0.000000000000000000e+00
-1.028742647058823678e+00,-1.590000000000000024e-01,0.000000000000000000e+00
-1.026237132352941117e+00,-1.590000000000000024e-01,0.000000000000000000e+00
-1.023731617647059000e+00,-1.590000000000000024e-01,0.000000000000000000e+00
-1.021226102941176439e+00,-1.590000000000000024e-01,0.000000000000000000e+00
-1.018720588235294322e+00,-1.590000000000000024e-01,0.000000000000000000e+00
-1.016215073529411761e+00,-1.590000000000000024e-01,0.000000000000000000e+00
-1.013709558823529644e+00,-1.590000000000000024e-01,0.000000000000000000e+00
-1.011204044117647083e+00,-1.590000000000000024e-01,0.000000000000000000e+00
-1.008698529411764744e+00,-1.590000000000000024e-01,0.000000000000000000e+00
-1.006193014705882405e+00,-1.590000000000000024e-01,0.000000000000000000e+00
-1.003687500000000066e+00,-1.590000000000000024e-01,0.000000000000000000e+00
-1.001181985294117727e+00,-1.590000000000000024e-01,0.000000000000000000e+00
-9.986764705882353876e-01,-1.590000000000000024e-01,0.000000000000000000e+00
-9.961709558823530486e-01,-1.590000000000000024e-01,0.000000000000000000e+00
-9.936654411764707096e-01,-1.590000000000000024e-01,0.000000000000000000e+00
-9.911599264705883705e-01,-1.590000000000000024e-01,0.000000000000000000e+00
-9.886544117647060315e-01,-1.590000000000000024e-01,0.000000000000000000e+00
-9.861488970588235814e-01,-1.590000000000000024e-01,0.000000000000000000e+00
-9.836433823529412424e-01,-1.590000000000000024e-01,0.000000000000000000e+00
-9.811378676470589033e-01,-1.590000000000000024e-01,0.000000000000000000e+00
-9.786323529411765643e-01,-1.590000000000000024e-01,0.000000000000000000e+00
-9.761268382352942252e-01,-1.590000000000000024e-01,0.000000000000000000e+00
-9.736213235294118862e-01,-1.590000000000000024e-01,0.000000000000000000e+00
-9.711158088235295471e-01,-1.590000000000000024e-01,0.000000000000000000e+00
-9.686102941176470971e-01,-1.590000000000000024e-01,0.000000000000000000e+00
-9.661047794117647580e-01,-1.590000000000000024e-01,0.000000000000000000e+00
-9.635992647058824190e-01,-1.590000000000000024e-01,0.000000000000000000e+00
-9.610937500000000799e-01,-1.590000000000000024e-01,0.000000000000000000e+00
-9.585882352941177409e-01,-1.590000000000000024e-01,0.000000000000000000e+00
-9.560827205882354018e-01,-1.590000000000000024e-01,0.000000000000000000e+00
-9.535772058823530628e-01,-1.590000000000000024e-01,0.000000000000000000e+00
-9.510716911764707238e-01,-1.590000000000000024e-01,0.000000000000000000e+00
-9.485661764705883847e-01,-1.590000000000000024e-01,0.000000000000000000e+00
-9.460606617647059347e-01,-1.590000000000000024e-01,0.000000000000000000e+00
-9.435551470588235956e-01,-1.590000000000000024e-01,0.000000000000000000e+00
-9.410496323529412566e-01,-1.590000000000000024e-01,0.000000000000000000e+00
-9.385441176470589175e-01,-1.590000000000000024e-01,0.000000000000000000e+00
-9.360386029411765785e-01,-1.590000000000000024e-01,0.000000000000000000e+00
-9.335330882352942394e-01,-1.590000000000000024e-01,0.000000000000000000e+00
-9.310275735294119004e-01,-1.590000000000000024e-01,0.000000000000000000e+00
-9.285220588235294503e-01,-1.590000000000000024e-01,0.000000000000000000e+00
-9.260165441176471113e-01,-1.590000000000000024e-01,0.000000000000000000e+00
-9.235110294117647722e-01,-1.590000000000000024e-01,0.000000000000000000e+00
-9.210055147058824332e-01,-1.590000000000000024e-01,0.000000000000000000e+00
-9.185000000000000941e-01,-1.590000000000000024e-01,0.000000000000000000e+00
-9.159944852941177551e-01,-1.590000000000000024e-01,0.000000000000000000e+00
-9.134889705882354161e-01,-1.590000000000000024e-01,0.000000000000000000e+00
-9.109834558823530770e-01,-1.590000000000000024e-01,0.000000000000000000e+00
-9.084779411764707380e-01,-1.590000000000000024e-01,0.000000000000000000e+00
-9.059724264705882879e-01,-1.590000000000000024e-01,0.000000000000000000e+00
-9.034669117647059489e-01,-1.590000000000000024e-01,0.000000000000000000e+00
-9.009613970588236098e-01,-1.590000000000000024e-01,0.000000000000000000e+00
-8.984558823529412708e-01,-1.590000000000000024e-01,0.000000000000000000e+00
-8.959503676470589317e-01,-1.590000000000000024e-01,0.000000000000000000e+00
-8.934448529411765927e-01,-1.590000000000000024e-01,0.000000000000000000e+00
-8.909393382352942536e-01,-1.590000000000000024e-01,0.000000000000000000e+00
-8.884338235294118036e-01,-1.590000000000000024e-01,0.000000000000000000e+00
-8.859283088235294645e-01,-1.590000000000000024e-01,0.000000000000000000e+00
-8.834227941176471255e-01,-1.590000000000000024e-01,0.000000000000000000e+00
-8.809172794117647864e-01,-1.590000000000000024e-01,0.000000000000000000e+00
-8.784117647058824474e-01,-1.590000000000000024e-01,0.000000000000000000e+00
-8.759062500000001084e-01,-1.590000000000000024e-01,0.000000000000000000e+00
-8.734007352941177693e-01,-1.590000000000000024e-01,0.000000000000000000e+00
-8.708952205882354303e-01,-1.590000000000000024e-01,0.000000000000000000e+00
-8.683897058823530912e-01,-1.590000000000000024e-01,0.000000000000000000e+00
-8.658841911764706412e-01,-1.590000000000000024e-01,0.000000000000000000e+00
-8.633786764705883021e-01,-1.590000000000000024e-01,0.000000000000000000e+00
-8.608731617647059631e-01,-1.590000000000000024e-01,0.000000000000000000e+00
-8.583676470588236240e-01,-1.590000000000000024e-01,0.000000000000000000e+00
-8.558621323529412850e-01,-1.590000000000000024e-01,0.000000000000000000e+00
-8.533566176470589459e-01,-1.590000000000000024e-01,0.000000000000000000e+00
-8.508511029411766069e-01,-1.590000000000000024e-01,0.000000000000000000e+00
-8.483455882352941568e-01,-1.590000000000000024e-01,0.000000000000000000e+00
-8.458400735294118178e-01,-1.590000000000000024e-01,0.000000000000000000e+00
-8.433345588235294787e-01,-1.590000000000000024e-01,0.000000000000000000e+00
-8.408290441176471397e-01,-1.590000000000000024e-01,0.000000000000000000e+00
-8.383235294117648007e-01,-1.590000000000000024e-01,0.000000000000000000e+00
-8.358180147058824616e-01,-1.590000000000000024e-01,0.000000000000000000e+00
-8.333125000000001226e-01,-1.590000000000000024e-01,0.000000000000000000e+00
-8.308069852941177835e-01,-1.590000000000000024e-01,0.000000000000000000e+00
-8.283014705882354445e-01,-1.590000000000000024e-01,0.000000000000000000e+00
-8.257959558823529944e-01,-1.590000000000000024e-01,0.000000000000000000e+00
-8.232904411764706554e-01,-1.590000000000000024e-01,0.000000000000000000e+00
-8.207849264705883163e-01,-1.590000000000000024e-01,0.000000000000000000e+00
-8.182794117647059773e-01,-1.590000000000000024e-01,0.000000000000000000e+00
-8.157738970588236382e-01,-1.590000000000000024e-01,0.000000000000000000e+00
-8.132683823529412992e-01,-1.590000000000000024e-01,0.000000000000000000e+00
-8.107628676470589602e-01,-1.590000000000000024e-01,0.000000000000000000e+00
-8.082573529411765101e-01,-1.590000000000000024e-01,0.000000000000000000e+00
-8.057518382352941710e-01,-1.590000000000000024e-01,0.000000000000000000e+00
-8.032463235294118320e-01,-1.590000000000000024e-01,0.000000000000000000e+00
-8.007408088235294930e-01,-1.590000000000000024e-01,0.000000000000000000e+00
-7.982352941176471539e-01,-1.590000000000000024e-01,0.000000000000000000e+00
-7.957297794117648149e-01,-1.590000000000000024e-01,0.000000000000000000e+00
-7.932242647058824758e-01,-1.590000000000000024e-01,0.000000000000000000e+00
-7.907187500000001368e-01,-1.590000000000000024e-01,0.000000000000000000e+00
-7.882132352941177977e-01,-1.590000000000000024e-01,0.000000000000000000e+00
-7.857077205882353477e-01,-1.590000000000000024e-01,0.000000000000000000e+00
-7.832022058823530086e-01,-1.590000000000000024e-01,0.000000000000000000e+00
-7.806966911764706696e-01,-1.590000000000000024e-01,0.000000000000000000e+00
-7.781911764705883305e-01,-1.590000000000000024e-01,0.000000000000000000e+00
-7.756856617647059915e-01,-1.590000000000000024e-01,0.000000000000000000e+00
-7.731801470588236525e-01,-1.590000000000000024e-01,0.000000000000000000e+00
-7.706746323529413134e-01,-1.590000000000000024e-01,0.000000000000000000e+00
-7.681691176470588633e-01,-1.590000000000000024e-01,0.000000000000000000e+00
-7.656636029411765243e-01,-1.590000000000000024e-01,0.000000000000000000e+00
-7.631580882352941853e-01,-1.590000000000000024e-01,0.000000000000000000e+00
-7.606525735294118462e-01,-1.590000000000000024e-01,0.000000000000000000e+00
-7.581470588235295072e-01,-1.590000000000000024e-01,0.000000000000000000e+00
-7.556415441176471681e-01,-1.590000000000000024e-01,0.000000000000000000e+00
-7.531360294117648291e-01,-1.590000000000000024e-01,0.000000000000000000e+00
-7.506305147058824900e-01,-1.590000000000000024e-01,0.000000000000000000e+00
-7.481250000000001510e-01,-1.590000000000000024e-01,0.000000000000000000e+00
-7.456194852941177009e-01,-1.590000000000000024e-01,0.000000000000000000e+00
-7.431139705882353619e-01,-1.590000000000000024e-01,0.000000000000000000e+00
-7.406084558823530228e-01,-1.590000000000000024e-01,0.000000000000000000e+00
-7.381029411764706838e-01,-1.590000000000000024e-01,0.000000000000000000e+00
-7.355974264705883447e-01,-1.590000000000000024e-01,0.000000000000000000e+00
-7.330919117647060057e-01,-1.590000000000000024e-01,0.000000000000000000e+00
-7.305863970588236667e-01,-1.590000000000000024e-01,0.000000000000000000e+00
-7.280808823529412166e-01,-1.590000000000000024e-01,0.000000000000000000e+00
-7.255753676470588776e-01,-1.590000000000000024e-01,0.000000000000000000e+00
-7.230698529411765385e-01,-1.590000000000000024e-01,0.000000000000000000e+00
-7.205643382352941995e-01,-1.590000000000000024e-01,0.000000000000000000e+00
-7.180588235294118604e-01,-1.590000000000000024e-01,0.000000000000000000e+00
-7.155533088235295214e-01,-1.590000000000000024e-01,0.000000000000000000e+00
-7.130477941176471823e-01,-1.590000000000000024e-01,0.000000000000000000e+00
-7.105422794117648433e-01,-1.590000000000000024e-01,0.000000000000000000e+00
-7.080367647058825042e-01,-1.590000000000000024e-01,0.000000000000000000e+00
-7.055312500000000542e-01,-1.590000000000000024e-01,0.000000000000000000e+00
-7.030257352941177151e-01,-1.590000000000000024e-01,0.000000000000000000e+00
-7.005202205882353761e-01,-1.590000000000000024e-01,0.000000000000000000e+00
-6.980147058823530370e-01,-1.590000000000000024e-01,0.000000000000000000e+00
-6.955091911764706980e-01,-1.590000000000000024e-01,0.000000000000000000e+00
-6.930036764705883590e-01,-1.590000000000000024e-01,0.000000000000000000e+00
-6.904981617647060199e-01,-1.590000000000000024e-01,0.000000000000000000e+00
-6.879926470588235699e-01,-1.590000000000000024e-01,0.000000000000000000e+00
-6.854871323529412308e-01,-1.590000000000000024e-01,0.000000000000000000e+00
-6.829816176470588918e-01,-1.590000000000000024e-01,0.000000000000000000e+00
-6.804761029411765527e-01,-1.590000000000000024e-01,0.000000000000000000e+00
-6.779705882352942137e-01,-1.590000000000000024e-01,0.000000000000000000e+00
-6.754650735294118746e-01,-1.590000000000000024e-01,0.000000000000000000e+00
-6.729595588235295356e-01,-1.590000000000000024e-01,0.000000000000000000e+00
-6.704540441176471965e-01,-1.590000000000000024e-01,0.000000000000000000e+00
-6.679485294117648575e-01,-1.590000000000000024e-01,0.000000000000000000e+00
-6.654430147058824074e-01,-1.590000000000000024e-01,0.000000000000000000e+00
-6.629375000000000684e-01,-1.590000000000000024e-01,0.000000000000000000e+00
-6.604319852941177293e-01,-1.590000000000000024e-01,0.000000000000000000e+00
-6.579264705882353903e-01,-1.590000000000000024e-01,0.000000000000000000e+00
-6.554209558823530513e-01,-1.590000000000000024e-01,0.000000000000000000e+00
-6.529154411764707122e-01,-1.590000000000000024e-01,0.000000000000000000e+00
-6.504099264705883732e-01,-1.590000000000000024e-01,0.000000000000000000e+00
-6.479044117647059231e-01,-1.590000000000000024e-01,0.000000000000000000e+00
-6.453988970588235841e-01,-1.590000000000000024e-01,0.000000000000000000e+00
-6.428933823529412450e-01,-1.590000000000000024e-01,0.000000000000000000e+00
-6.403878676470589060e-01,-1.590000000000000024e-01,0.000000000000000000e+00
-6.378823529411765669e-01,-1.590000000000000024e-01,0.000000000000000000e+00
-6.353768382352942279e-01,-1.590000000000000024e-01,0.000000000000000000e+00
-6.328713235294118888e-01,-1.590000000000000024e-01,0.000000000000000000e+00
-6.303658088235295498e-01,-1.590000000000000024e-01,0.000000000000000000e+00
-6.278602941176472108e-01,-1.590000000000000024e-01,0.000000000000000000e+00
-6.253547794117647607e-01,-1.590000000000000024e-01,0.000000000000000000e+00
-6.228492647058824216e-01,-1.590000000000000024e-01,0.000000000000000000e+00
-6.203437500000000826e-01,-1.590000000000000024e-01,0.000000000000000000e+00
-6.178382352941177436e-01,-1.590000000000000024e-01,0.000000000000000000e+00
-6.153327205882354045e-01,-1.590000000000000024e-01,0.000000000000000000e+00
-6.128272058823530655e-01,-1.590000000000000024e-01,0.000000000000000000e+00
-6.103216911764707264e-01,-1.590000000000000024e-01,0.000000000000000000e+00
-6.078161764705882764e-01,-1.590000000000000024e-01,0.000000000000000000e+00
-6.053106617647059373e-01,-1.590000000000000024e-01,0.000000000000000000e+00
-6.028051470588235983e-01,-1.590000000000000024e-01,0.000000000000000000e+00
-6.002996323529412592e-01,-1.590000000000000024e-01,0.000000000000000000e+00
-5.977941176470589202e-01,-1.590000000000000024e-01,0.000000000000000000e+00
-5.952886029411765811e-01,-1.590000000000000024e-01,0.000000000000000000e+00
-5.927830882352942421e-01,-1.590000000000000024e-01,0.000000000000000000e+00
-5.902775735294119031e-01,-1.590000000000000024e-01,0.000000000000000000e+00
-5.877720588235295640e-01,-1.590000000000000024e-01,0.000000000000000000e+00
-5.852665441176472250e-01,-1.590000000000000024e-01,0.000000000000000000e+00
-5.827610294117648859e-01,-1.590000000000000024e-01,0.000000000000000000e+00
-5.802555147058825469e-01,-1.590000000000000024e-01,0.000000000000000000e+00
-5.777499999999999858e-01,-1.590000000000000024e-01,0.000000000000000000e+00
-5.752444852941176467e-01,-1.590000000000000024e-01,0.000000000000000000e+00
-5.727389705882353077e-01,-1.590000000000000024e-01,0.000000000000000000e+00
-5.702334558823529687e-01,-1.590000000000000024e-01,0.000000000000000000e+00
-5.677279411764706296e-01,-1.590000000000000024e-01,0.000000000000000000e+00
-5.652224264705882906e-01,-1.590000000000000024e-01,0.000000000000000000e+00
-5.627169117647059515e-01,-1.590000000000000024e-01,0.000000000000000000e+00
-5.602113970588236125e-01,-1.590000000000000024e-01,0.000000000000000000e+00
-5.577058823529412734e-01,-1.590000000000000024e-01,0.000000000000000000e+00
-5.552003676470589344e-01,-1.590000000000000024e-01,0.000000000000000000e+00
-5.526948529411765954e-01,-1.590000000000000024e-01,0.000000000000000000e+00
-5.501893382352942563e-01,-1.590000000000000024e-01,0.000000000000000000e+00
-5.476838235294119173e-01,-1.590000000000000024e-01,0.000000000000000000e+00
-5.451783088235295782e-01,-1.590000000000000024e-01,0.000000000000000000e+00
-5.426727941176472392e-01,-1.590000000000000024e-01,0.000000000000000000e+00
-5.401672794117649001e-01,-1.590000000000000024e-01,0.000000000000000000e+00
-5.376617647058825611e-01,-1.590000000000000024e-01,0.000000000000000000e+00
-5.351562500000000000e-01,-1.590000000000000024e-01,0.000000000000000000e+00
-5.326507352941176610e-01,-1.590000000000000024e-01,0.000000000000000000e+00
-5.301452205882353219e-01,-1.590000000000000024e-01,0.000000000000000000e+00
-5.276397058823529829e-01,-1.590000000000000024e-01,0.000000000000000000e+00
-5.251341911764706438e-01,-1.590000000000000024e-01,0.000000000000000000e+00
-5.226286764705883048e-01,-1.590000000000000024e-01,0.000000000000000000e+00
-5.201231617647059657e-01,-1.590000000000000024e-01,0.000000000000000000e+00
-5.176176470588236267e-01,-1.590000000000000024e-01,0.000000000000000000e+00
-5.151121323529412876e-01,-1.590000000000000024e-01,0.000000000000000000e+00
-5.126066176470589486e-01,-1.590000000000000024e-01,0.000000000000000000e+00
-5.101011029411766096e-01,-1.590000000000000024e-01,0.000000000000000000e+00
-5.075955882352942705e-01,-1.590000000000000024e-01,0.000000000000000000e+00
-5.050900735294119315e-01,-1.590000000000000024e-01,0.000000000000000000e+00
-5.025845588235295924e-01,-1.590000000000000024e-01,0.000000000000000000e+00
-5.000790441176472534e-01,-1.590000000000000024e-01,0.000000000000000000e+00
-4.975735294117646923e-01,-1.590000000000000024e-01,0.000000000000000000e+00
-4.950680147058823533e-01,-1.590000000000000024e-01,0.000000000000000000e+00
-4.925625000000000142e-01,-1.590000000000000024e-01,0.000000000000000000e+00
-4.900569852941176752e-01,-1.590000000000000024e-01,0.000000000000000000e+00
-4.875514705882353361e-01,-1.590000000000000024e-01,0.000000000000000000e+00
-4.850459558823529971e-01,-1.590000000000000024e-01,0.000000000000000000e+00
-4.825404411764706580e-01,-1.590000000000000024e-01,0.000000000000000000e+00
-4.800349264705883190e-01,-1.590000000000000024e-01,0.000000000000000000e+00
-4.775294117647059799e-01,-1.590000000000000024e-01,0.000000000000000000e+00
-4.750238970588236409e-01,-1.590000000000000024e-01,0.000000000000000000e+00
-4.725183823529413019e-01,-1.590000000000000024e-01,0.000000000000000000e+00
-4.700128676470589628e-01,-1.590000000000000024e-01,0.000000000000000000e+00
-4.675073529411766238e-01,-1.590000000000000024e-01,0.000000000000000000e+00
-4.650018382352942847e-01,-1.590000000000000024e-01,0.000000000000000000e+00
-4.624963235294119457e-01,-1.590000000000000024e-01,0.000000000000000000e+00
-4.599908088235296066e-01,-1.590000000000000024e-01,0.000000000000000000e+00
-4.574852941176472676e-01,-1.590000000000000024e-01,0.000000000000000000e+00
-4.549797794117647065e-01,-1.590000000000000024e-01,0.000000000000000000e+00
-4.524742647058823675e-01,-1.590000000000000024e-01,0.000000000000000000e+00
-4.499687500000000284e-01,-1.590000000000000024e-01,0.000000000000000000e+00
-4.474632352941176894e-01,-1.590000000000000024e-01,0.000000000000000000e+00
-4.449577205882353503e-01,-1.590000000000000024e-01,0.000000000000000000e+00
-4.424522058823530113e-01,-1.590000000000000024e-01,0.000000000000000000e+00
-4.399466911764706722e-01,-1.590000000000000024e-01,0.000000000000000000e+00
-4.374411764705883332e-01,-1.590000000000000024e-01,0.000000000000000000e+00
-4.349356617647059942e-01,-1.590000000000000024e-01,0.000000000000000000e+00
-4.324301470588236551e-01,-1.590000000000000024e-01,0.000000000000000000e+00
-4.299246323529413161e-01,-1.590000000000000024e-01,0.000000000000000000e+00
-4.274191176470589770e-01,-1.590000000000000024e-01,0.000000000000000000e+00
-4.249136029411766380e-01,-1.590000000000000024e-01,0.000000000000000000e+00
-4.224080882352942989e-01,-1.590000000000000024e-01,0.000000000000000000e+00
-4.199025735294119599e-01,-1.590000000000000024e-01,0.000000000000000000e+00
-4.173970588235293988e-01,-1.590000000000000024e-01,0.000000000000000000e+00
-4.148915441176470598e-01,-1.590000000000000024e-01,0.000000000000000000e+00
-4.123860294117647207e-01,-1.590000000000000024e-01,0.000000000000000000e+00
-4.098805147058823817e-01,-1.590000000000000024e-01,0.000000000000000000e+00
-4.073750000000000426e-01,-1.590000000000000024e-01,0.000000000000000000e+00
-4.048694852941177036e-01,-1.590000000000000024e-01,0.000000000000000000e+00
-4.023639705882353645e-01,-1.590000000000000024e-01,0.000000000000000000e+00
-3.998584558823530255e-01,-1.590000000000000024e-01,0.000000000000000000e+00
-3.973529411764706865e-01,-1.590000000000000024e-01,0.000000000000000000e+00
-3.948474264705883474e-01,-1.590000000000000024e-01,0.000000000000000000e+00
-3.923419117647060084e-01,-1.590000000000000024e-01,0.000000000000000000e+00
-3.898363970588236693e-01,-1.590000000000000024e-01,0.000000000000000000e+00
-3.873308823529413303e-01,-1.590000000000000024e-01,0.000000000000000000e+00
-3.848253676470589912e-01,-1.590000000000000024e-01,0.000000000000000000e+00
-3.823198529411766522e-01,-1.590000000000000024e-01,0.000000000000000000e+00
-3.798143382352943132e-01,-1.590000000000000024e-01,0.000000000000000000e+00
-3.773088235294119741e-01,-1.590000000000000024e-01,0.000000000000000000e+00
-3.748033088235294130e-01,-1.590000000000000024e-01,0.000000000000000000e+00
-3.722977941176470740e-01,-1.590000000000000024e-01,0.000000000000000000e+00
-3.697922794117647349e-01,-1.590000000000000024e-01,0.000000000000000000e+00
-3.672867647058823959e-01,-1.590000000000000024e-01,0.000000000000000000e+00
-3.647812500000000568e-01,-1.590000000000000024e-01,0.000000000000000000e+00
-3.622757352941177178e-01,-1.590000000000000024e-01,0.000000000000000000e+00
-3.597702205882353788e-01,-1.590000000000000024e-01,0.000000000000000000e+00
-3.572647058823530397e-01,-1.590000000000000024e-01,0.000000000000000000e+00
-3.547591911764707007e-01,-1.590000000000000024e-01,0.000000000000000000e+00
-3.522536764705883616e-01,-1.590000000000000024e-01,0.000000000000000000e+00
-3.497481617647060226e-01,-1.590000000000000024e-01,0.000000000000000000e+00
-3.472426470588236835e-01,-1.590000000000000024e-01,0.000000000000000000e+00
-3.447371323529413445e-01,-1.590000000000000024e-01,0.000000000000000000e+00
-3.422316176470590054e-01,-1.590000000000000024e-01,0.000000000000000000e+00
-3.397261029411766664e-01,-1.590000000000000024e-01,0.000000000000000000e+00
-3.372205882352941053e-01,-1.590000000000000024e-01,0.000000000000000000e+00
-3.347150735294117663e-01,-1.590000000000000024e-01,0.000000000000000000e+00
-3.322095588235294272e-01,-1.590000000000000024e-01,0.000000000000000000e+00
-3.297040441176470882e-01,-1.590000000000000024e-01,0.000000000000000000e+00
-3.271985294117647491e-01,-1.590000000000000024e-01,0.000000000000000000e+00
-3.246930147058824101e-01,-1.590000000000000024e-01,0.000000000000000000e+00
-3.221875000000000711e-01,-1.590000000000000024e-01,0.000000000000000000e+00
-3.196819852941177320e-01,-1.590000000000000024e-01,0.000000000000000000e+00
-3.171764705882353930e-01,-1.590000000000000024e-01,0.000000000000000000e+00
-3.146709558823530539e-01,-1.590000000000000024e-01,0.000000000000000000e+00
-3.121654411764707149e-01,-1.590000000000000024e-01,0.000000000000000000e+00
-3.096599264705883758e-01,-1.590000000000000024e-01,0.000000000000000000e+00
-3.071544117647060368e-01,-1.590000000000000024e-01,0.000000000000000000e+00
-3.046488970588236977e-01,-1.590000000000000024e-01,0.000000000000000000e+00
-3.021433823529413587e-01,-1.590000000000000024e-01,0.000000000000000000e+00
-2.996378676470590197e-01,-1.590000000000000024e-01,0.000000000000000000e+00
-2.971323529411766806e-01,-1.590000000000000024e-01,0.000000000000000000e+00
-2.946268382352941195e-01,-1.590000000000000024e-01,0.000000000000000000e+00
-2.921213235294117805e-01,-1.590000000000000024e-01,0.000000000000000000e+00
-2.896158088235294414e-01,-1.590000000000000024e-01,0.000000000000000000e+00
-2.871102941176471024e-01,-1.590000000000000024e-01,0.000000000000000000e+00
-2.846047794117647634e-01,-1.590000000000000024e-01,0.000000000000000000e+00
-2.820992647058824243e-01,-1.590000000000000024e-01,0.000000000000000000e+00
-2.795937500000000853e-01,-1.590000000000000024e-01,0.000000000000000000e+00
-2.770882352941177462e-01,-1.590000000000000024e-01,0.000000000000000000e+00
-2.745827205882354072e-01,-1.590000000000000024e-01,0.000000000000000000e+00
-2.720772058823530681e-01,-1.590000000000000024e-01,0.000000000000000000e+00
-2.695716911764707291e-01,-1.590000000000000024e-01,0.000000000000000000e+00
-2.670661764705883900e-01,-1.590000000000000024e-01,0.000000000000000000e+00
-2.645606617647060510e-01,-1.590000000000000024e-01,0.000000000000000000e+00
-2.620551470588237120e-01,-1.590000000000000024e-01,0.000000000000000000e+00
-2.595496323529413729e-01,-1.590000000000000024e-01,0.000000000000000000e+00
-2.570441176470588118e-01,-1.590000000000000024e-01,0.000000000000000000e+00
-2.545386029411764728e-01,-1.590000000000000024e-01,0.000000000000000000e+00
-2.520330882352941337e-01,-1.590000000000000024e-01,0.000000000000000000e+00
-2.495275735294117947e-01,-1.590000000000000024e-01,0.000000000000000000e+00
-2.470220588235294557e-01,-1.590000000000000024e-01,0.000000000000000000e+00
-2.445165441176471166e-01,-1.590000000000000024e-01,0.000000000000000000e+00
-2.420110294117647776e-01,-1.590000000000000024e-01,0.000000000000000000e+00
-2.395055147058824385e-01,-1.590000000000000024e-01,0.000000000000000000e+00
-2.369999999999999885e-01,-1.590000000000000024e-01,0.000000000000000000e+00
-2.369999999999999885e-01,-1.590000000000000024e-01,1.933179777259076193e+00
-2.343529411764705694e-01,-1.590000000000000024e-01,1.838149149688103057e+00
-2.317058823529411782e-01,-1.590000000000000024e-01,1.737999813800124027e+00
-2.290588235294117592e-01,-1.590000000000000024e-01,1.632731769595141103e+00
-2.264117647058823402e-01,-1.590000000000000024e-01,1.522345017073149620e+00
-2.237647058823529211e-01,-1.590000000000000024e-01,1.406839556234151800e+00
-2.211176470588235299e-01,-1.590000000000000024e-01,1.286215387078150751e+00
-2.184705882352941109e-01,-1.590000000000000024e-01,1.160472509605144475e+00
-2.158235294117646919e-01,-1.590000000000000024e-01,1.029610923815124091e+00
-2.131764705882353006e-01,-1.590000000000000024e-01,8.936306297081066941e-01
-2.105294117647058816e-01,-1.590000000000000024e-01,7.525316272840830711e-01
-2.078823529411764626e-01,-1.590000000000000024e-01,6.063139165430486699e-01
-2.052352941176470713e-01,-1.590000000000000024e-01,4.549774974850131493e-01
-2.025882352941176523e-01,-1.590000000000000024e-01,2.985223701099668503e-01
-1.999411764705882333e-01,-1.590000000000000024e-01,1.369485344179153241e-01
-1.972941176470588420e-01,-1.590000000000000024e-01,-2.974400959113527795e-02
-1.946470588235294230e-01,-1.590000000000000024e-01,-2.015552619172016058e-01
-1.920000000000000040e-01,-1.590000000000000024e-01,0.000000000000000000e+00
-1.920000000000000040e-01,-1.590000000000000024e-01,0.000000000000000000e+00
-1.890000000000000013e-01,-1.590000000000000024e-01,0.000000000000000000e+00
-1.859999999999999987e-01,-1.590000000000000024e-01,0.000000000000000000e+00
-1.829999999999999960e-01,-1.590000000000000024e-01,0.000000000000000000e+00
-1.829999999999999960e-01,-1.590000000000000024e-01,4.196603528356789292e-01
-1.804756097560975547e-01,-1.590000000000000024e-01,4.208062865424407328e-01
-1.779512195121951135e-01,-1.590000000000000024e-01,4.217803517759489140e-01
-1.754268292682926722e-01,-1.590000000000000024e-01,4.225825485362118550e-01
-1.729024390243902309e-01,-1.590000000000000024e-01,4.232128768232184535e-01
-1.703780487804877897e-01,-1.590000000000000024e-01,4.236713366369632139e-01
-1.678536585365853484e-01,-1.590000000000000024e-01,4.239579279774792209e-01
-1.653292682926829071e-01,-1.590000000000000024e-01,4.240726508447215659e-01
-1.628048780487804936e-01,-1.590000000000000024e-01,4.240155052387230006e-01
-1.602804878048780524e-01,-1.590000000000000024e-01,4.237864911594755868e-01
-1.577560975609756111e-01,-1.590000000000000024e-01,4.233856086069691105e-01
-1.552317073170731698e-01,-1.590000000000000024e-01,4.228128575812090117e-01
-1.527073170731707286e-01,-1.590000000000000024e-01,4.220682380822036728e-01
-1.501829268292682873e-01,-1.590000000000000024e-01,4.211517501099420469e-01
-1.476585365853658460e-01,-1.590000000000000024e-01,4.200633936644267985e-01
-1.451341463414634048e-01,-1.590000000000000024e-01,4.188031687456690300e-01
-1.426097560975609635e-01,-1.590000000000000024e-01,4.173710753536521989e-01
-1.400853658536585222e-01,-1.590000000000000024e-01,4.157671134883864084e-01
-1.375609756097561087e-01,-1.590000000000000024e-01,4.139912831498578916e-01
-1.350365853658536675e-01,-1.590000000000000024e-01,4.120435843380969021e-01
-1.325121951219512262e-01,-1.590000000000000024e-01,4.099240170530713545e-01
-1.299878048780487849e-01,-1.590000000000000024e-01,4.076325812947977356e-01
-1.274634146341463437e-01,-1.590000000000000024e-01,4.051692770632650542e-01
-1.249390243902439024e-01,-1.590000000000000024e-01,4.025341043584898526e-01
-1.224146341463414611e-01,-1.590000000000000024e-01,3.997270631804610841e-01
-1.198902439024390199e-01,-1.590000000000000024e-01,3.967481535291787487e-01
-1.173658536585365786e-01,-1.590000000000000024e-01,3.935973754046373507e-01
-1.148414634146341373e-01,-1.590000000000000024e-01,3.902747288068588727e-01
-1.123170731707316961e-01,-1.590000000000000024e-01,3.867802137358289927e-01
-1.097926829268292687e-01,-1.590000000000000024e-01,3.831138301915303357e-01
-1.072682926829268274e-01,-1.590000000000000024e-01,3.792755781739857168e-01
-1.047439024390243861e-01,-1.590000000000000024e-01,3.752654576831985223e-01
-1.022195121951219449e-01,-1.590000000000000024e-01,3.710834687191413295e-01
-9.969512195121950360e-02,-1.590000000000000024e-01,3.667296112818580478e-01
-9.717073170731706233e-02,-1.590000000000000024e-01,3.622038853712991613e-01
-9.464634146341462106e-02,-1.590000000000000024e-01,3.575062909875052486e-01
-9.212195121951219368e-02,-1.590000000000000024e-01,3.526368281304483321e-01
-8.959756097560975241e-02,-1.590000000000000024e-01,3.475954968001398471e-01
-8.707317073170731114e-02,-1.590000000000000024e-01,3.423822969965997776e-01
-8.454878048780486988e-02,-1.590000000000000024e-01,3.369972287197731675e-01
-8.202439024390242861e-02,-1.590000000000000024e-01,3.314402919697314598e-01
-7.949999999999998734e-02,-1.590000000000000024e-01,3.257114867464105390e-01
-7.697560975609755995e-02,-1.590000000000000024e-01,3.198108130498544255e-01
-7.445121951219511869e-02,-1.590000000000000024e-01,3.137382708800245945e-01
-7.192682926829267742e-02,-1.590000000000000024e-01,3.074938602369521878e-01
-6.940243902439023616e-02,-1.590000000000000024e-01,3.010775811206536923e-01
-6.687804878048779489e-02,-1.590000000000000024e-01,2.944894335310742073e-01
-6.435365853658535362e-02,-1.590000000000000024e-01,2.877294174682372141e-01
-6.182926829268292623e-02,-1.590000000000000024e-01,2.807975329321655278e-01
-5.930487804878048497e-02,-1.590000000000000024e-01,2.736937799228528201e-01
-5.678048780487804370e-02,-1.590000000000000024e-01,2.664181584402700587e-01
-5.425609756097560243e-02,-1.590000000000000024e-01,2.589706684844392814e-01
-5.173170731707316117e-02,-1.590000000000000024e-01,2.513513100553604329e-01
-4.920731707317071990e-02,-1.590000000000000024e-01,2.435600831530115307e-01
-4.668292682926827863e-02,-1.590000000000000024e-01,2.355969877774420351e-01
-4.415853658536583737e-02,-1.590000000000000024e-01,2.274620239285970180e-01
-4.163414634146339610e-02,-1.590000000000000024e-01,2.191551916065039574e-01
-3.910975609756095484e-02,-1.590000000000000024e-01,2.106764908111761203e-01
-3.658536585365854132e-02,-1.590000000000000024e-01,2.020259215425736221e-01
-3.406097560975610006e-02,-1.590000000000000024e-01,1.932034838007253841e-01
-3.153658536585365879e-02,-1.590000000000000024e-01,1.842091775856290747e-01
-2.901219512195121752e-02,-1.590000000000000024e-01,1.750430028972846941e-01
-2.648780487804877626e-02,-1.590000000000000024e-01,1.657049597356812787e-01
-2.396341463414633499e-02,-1.590000000000000024e-01,1.561950481008298197e-01
-2.143902439024389373e-02,-1.590000000000000024e-01,1.465132679927247938e-01
-1.891463414634145246e-02,-1.590000000000000024e-01,1.366596194113662011e-01
-1.639024390243901119e-02,-1.590000000000000024e-01,1.266341023567650603e-01
-1.386585365853656993e-02,-1.590000000000000024e-01,1.164367168288993615e-01
-1.134146341463412866e-02,-1.590000000000000024e-01,1.060674628277801096e-01
-8.817073170731687393e-03,-1.590000000000000024e-01,9.552634035341829588e-02
-6.292682926829246126e-03,-1.590000000000000024e-01,8.481334940581486403e-02
-3.768292682926832615e-03,-1.590000000000000024e-01,7.392848998494501445e-02
-1.243902439024391349e-03,-1.243902439024391349e-03,6.287176209080604095e-02
1.280487804878049918e-03,-1.590000000000000024e-01,5.164316572345749312e-02
3.804878048780491184e-03,-1.590000000000000024e-01,4.024270088283340291e-02
6.329268292682932451e-03,-1.590000000000000024e-01,2.867036756894475805e-02
8.853658536585373717e-03,-1.590000000000000024e-01,1.692616578183554418e-02
1.137804878048781498e-02,-1.590000000000000024e-01,5.010095521445289725e-03
1.390243902439025625e-02,-1.590000000000000024e-01,-7.077843212187525691e-03
1.642682926829269752e-02,-1.590000000000000024e-01,-1.933765041906839940e-02
1.895121951219513878e-02,-1.590000000000000024e-01,-3.176932609920282702e-02
2.147560975609758005e-02,-1.590000000000000024e-01,-4.437287025258568329e-02
2.400000000000000050e-02,-1.590000000000000024e-01,0.000000000000000000e+00
2.633333333333333359e-02,-1.590000000000000024e-01,0.000000000000000000e+00
2.866666666666666669e-02,-1.590000000000000024e-01,7.097206447017672115e-01
3.099999999999999978e-02,-1.590000000000000024e-01,-5.911252591637862486e-02
3.360714285714285626e-02,-1.590000000000000024e-01,-5.340138152875771593e-02
3.621428571428571275e-02,-1.590000000000000024e-01,-4.787621132380090461e-02
3.882142857142856923e-02,-1.590000000000000024e-01,-4.253701530153480848e-02
4.142857142857142572e-02,-1.590000000000000024e-01,-3.738379346200201153e-02
4.403571428571428220e-02,-1.590000000000000024e-01,-3.241654580516525191e-02
4.664285714285713869e-02,-1.590000000000000024e-01,-2.763527233100849384e-02
4.925000000000000211e-02,-1.590000000000000024e-01,-2.303997303957459192e-02
5.185714285714285166e-02,-1.590000000000000024e-01,-1.863064793082584020e-02
5.446428571428571508e-02,-1.590000000000000024e-01,-1.440729700479461556e-02
5.707142857142856462e-02,-1.590000000000000024e-01,-1.036992026146459946e-02
5.967857142857142805e-02,-1.590000000000000024e-01,-6.518517700820068358e-03
6.228571428571428453e-02,-1.590000000000000024e-01,-2.853089322898163128e-03
6.489285714285714102e-02,-1.590000000000000024e-01,6.263648723543169521e-04
6.750000000000000444e-02,-1.590000000000000024e-01,3.919844884862864857e-03
7.010714285714285399e-02,-1.590000000000000024e-01,7.027350714707308876e-03
7.271428571428570353e-02,-1.590000000000000024e-01,9.948882361818400799e-03
7.532142857142856696e-02,-1.590000000000000024e-01,1.268443982626010595e-02
7.792857142857143038e-02,-1.590000000000000024e-01,1.523402310797923945e-02
8.053571428571427993e-02,-1.590000000000000024e-01,1.759763220699162023e-02
8.314285714285712947e-02,-1.590000000000000024e-01,1.977526712332915160e-02
8.574999999999999289e-02,-1.590000000000000024e-01,2.176692785693879612e-02
8.835714285714285632e-02,-1.590000000000000024e-01,2.357261440785785381e-02
9.096428571428570586e-02,-1.590000000000000024e-01,2.519232677608062437e-02
9.357142857142856929e-02,-1.590000000000000024e-01,2.662606496158632929e-02
9.617857142857141883e-02,-1.590000000000000024e-01,2.787382896439571586e-02
9.878571428571428226e-02,-1.590000000000000024e-01,2.893561878451467867e-02
1.013928571428571318e-01,-1.590000000000000024e-01,2.981143442192132897e-02
1.039999999999999952e-01,-1.590000000000000024e-01,0.000000000000000000e+00
1.039999999999999952e-01,-1.590000000000000024e-01,0.000000000000000000e+00
1.069999999999999979e-01,-1.590000000000000024e-01,0.000000000000000000e+00
1.100000000000000006e-01,-1.590000000000000024e-01,0.000000000000000000e+00
1.130000000000000032e-01,-1.590000000000000024e-01,0.000000000000000000e+00
1.130000000000000032e-01,-1.590000000000000024e-01,-1.797277635231566140e-01
1.155238095238095286e-01,-1.590000000000000024e-01,-1.768073236054125419e-01
1.180476190476190540e-01,-1.590000000000000024e-01,-1.746707927255459203e-01
1.205714285714285794e-01,-1.590000000000000024e-01,-1.733181708834963253e-01
1.230952380952381048e-01,-1.590000000000000024e-01,-1.727494580792801881e-01
1.256190476190476302e-01,-1.590000000000000024e-01,-1.729646543129149949e-01
1.281428571428571417e-01,-1.590000000000000024e-01,-1.739637595843859241e-01
1.306666666666666810e-01,-1.590000000000000024e-01,-1.757467738936611679e-01
1.331904761904761925e-01,-1.590000000000000024e-01,-1.783136972407990406e-01
1.357142857142857317e-01,-1.590000000000000024e-01,-1.816645296257798081e-01
1.382380952380952432e-01,-1.590000000000000024e-01,-1.857992710485645849e-01
1.407619047619047548e-01,-1.590000000000000024e-01,-1.907179215092192903e-01
1.432857142857142940e-01,-1.590000000000000024e-01,-1.964204810076929930e-01
1.458095238095238333e-01,-1.590000000000000024e-01,-2.029069495440078974e-01
1.483333333333333448e-01,-1.590000000000000024e-01,-2.101773271181596459e-01
1.508571428571428563e-01,-1.590000000000000024e-01,-2.182316137301204828e-01
1.533809523809523956e-01,-1.590000000000000024e-01,-2.270698093799690953e-01
1.559047619047619071e-01,-1.590000000000000024e-01,-2.366919140676187194e-01
1.584285714285714464e-01,-1.590000000000000024e-01,-2.470979277931125151e-01
1.609523809523809579e-01,-1.590000000000000024e-01,-2.582878505564453753e-01
1.634761904761904971e-01,-1.590000000000000024e-01,-2.702616823575954008e-01
1.660000000000000087e-01,-1.590000000000000024e-01,-2.830194231966035590e-01
1.685238095238095202e-01,-1.590000000000000024e-01,-2.965610730734364320e-01
1.710476190476190594e-01,-1.590000000000000024e-01,-3.108866319881168905e-01
1.735714285714285987e-01,-1.590000000000000024e-01,-3.259960999406179560e-01
1.760952380952381102e-01,-1.590000000000000024e-01,-3.418894769309655524e-01
1.786190476190476217e-01,-1.590000000000000024e-01,-3.585667629591592354e-01
1.811428571428571610e-01,-1.590000000000000024e-01,-3.760279580251612574e-01
1.836666666666666725e-01,-1.590000000000000024e-01,-3.942730621290148063e-01
1.861904761904761840e-01,-1.590000000000000024e-01,-4.133020752707083356e-01
1.887142857142857233e-01,-1.590000000000000024e-01,-4.331149974502286892e-01
1.912380952380952626e-01,-1.590000000000000024e-01,-4.537118286675874690e-01
1.937619047619047741e-01,-1.590000000000000024e-01,-4.750925689227915028e-01
1.962857142857142856e-01,-1.590000000000000024e-01,-4.972572182158235266e-01
1.988095238095238249e-01,-1.590000000000000024e-01,-5.202057765466887584e-01
2.013333333333333641e-01,-1.590000000000000024e-01,-5.439382439153934712e-01
2.038571428571428756e-01,-1.590000000000000024e-01,-5.684546203219369431e-01
2.063809523809523871e-01,-1.590000000000000024e-01,-5.937549057663183971e-01
2.089047619047619264e-01,-1.590000000000000024e-01,-6.198391002485299506e-01
2.114285714285714379e-01,-1.590000000000000024e-01,-6.467072037685683839e-01
2.139523809523809494e-01,-1.590000000000000024e-01,-6.743592163264603423e-01
2.164761904761904887e-01,-1.590000000000000024e-01,-7.028882792921902212e-01
2.190000000000000280e-01,-1.590000000000000024e-01,-7.329996951551834838e-01
2.215238095238095395e-01,-1.590000000000000024e-01,-7.650163308661473982e-01
2.240476190476190510e-01,-1.590000000000000024e-01,-7.989398597212529207e-01
2.265714285714285903e-01,-1.590000000000000024e-01,-8.347702817204899484e-01
2.290952380952381295e-01,-1.590000000000000024e-01,-8.725075968638486001e-01
2.316190476190476411e-01,-1.590000000000000024e-01,-9.121518051513458625e-01
2.341428571428571526e-01,-1.590000000000000024e-01,-9.537029065829693009e-01
2.366666666666666918e-01,-1.590000000000000024e-01,-9.971609011587175830e-01
2.391904761904762311e-01,-1.590000000000000024e-01,-1.042525788878598147e+00
2.417142857142857149e-01,-1.590000000000000024e-01,-1.089797569742610772e+00
2.442380952380952541e-01,-1.590000000000000024e-01,-1.138976243750747352e+00
2.467619047619047934e-01,-1.590000000000000024e-01,-1.190061810903016548e+00
2.492857142857142771e-01,-1.590000000000000024e-01,-1.243054271199417027e+00
2.518095238095238164e-01,-1.590000000000000024e-01,-1.297953624639944570e+00
2.543333333333333557e-01,-1.590000000000000024e-01,-1.354759871224603396e+00
2.568571428571428950e-01,-1.590000000000000024e-01,-1.413473010953384623e+00
2.593809523809523787e-01,-1.590000000000000024e-01,-1.474093043826306459e+00
2.619047619047619180e-01,-1.590000000000000024e-01,-1.536619969843348255e+00
2.644285714285714572e-01,-1.590000000000000024e-01,-1.601053789004523775e+00
2.669523809523809965e-01,-1.590000000000000024e-01,-1.667394501309829469e+00
2.694761904761904803e-01,-1.590000000000000024e-01,-1.735642106759261116e+00
2.720000000000000195e-01,-1.590000000000000024e-01,0.000000000000000000e+00
2.720000000000000195e-01,-1.590000000000000024e-01,0.000000000000000000e+00
2.745056603773585180e-01,-1.590000000000000024e-01,0.000000000000000000e+00
2.770113207547170164e-01,-1.590000000000000024e-01,0.000000000000000000e+00
2.795169811320755149e-01,-1.590000000000000024e-01,0.000000000000000000e+00
2.820226415094339578e-01,-1.590000000000000024e-01,0.000000000000000000e+00
2.845283018867924563e-01,-1.590000000000000024e-01,0.000000000000000000e+00
2.870339622641509547e-01,-1.590000000000000024e-01,0.000000000000000000e+00
2.895396226415094532e-01,-1.590000000000000024e-01,0.000000000000000000e+00
2.920452830188679516e-01,-1.590000000000000024e-01,0.000000000000000000e+00
2.945509433962264501e-01,-1.590000000000000024e-01,0.000000000000000000e+00
2.970566037735849485e-01,-1.590000000000000024e-01,0.000000000000000000e+00
2.995622641509433914e-01,-1.590000000000000024e-01,0.000000000000000000e+00
3.020679245283018899e-01,-1.590000000000000024e-01,0.000000000000000000e+00
3.045735849056603883e-01,-1.590000000000000024e-01,0.000000000000000000e+00
3.070792452830188868e-01,-1.590000000000000024e-01,0.000000000000000000e+00
3.095849056603773852e-01,-1.590000000000000024e-01,0.000000000000000000e+00
3.120905660377358837e-01,-1.590000000000000024e-01,0.000000000000000000e+00
3.145962264150943821e-01,-1.590000000000000024e-01,0.000000000000000000e+00
3.171018867924528806e-01,-1.590000000000000024e-01,0.000000000000000000e+00
3.196075471698113235e-01,-1.590000000000000024e-01,0.000000000000000000e+00
3.221132075471698220e-01,-1.590000000000000024e-01,0.000000000000000000e+00
3.246188679245283204e-01,-1.590000000000000024e-01,0.000000000000000000e+00
3.271245283018868188e-01,-1.590000000000000024e-01,0.000000000000000000e+00
3.296301886792453173e-01,-1.590000000000000024e-01,0.000000000000000000e+00
3.321358490566038157e-01,-1.590000000000000024e-01,0.000000000000000000e+00
3.346415094339623142e-01,-1.590000000000000024e-01,0.000000000000000000e+00
3.371471698113207571e-01,-1.590000000000000024e-01,0.000000000000000000e+00
3.396528301886792556e-01,-1.590000000000000024e-01,0.000000000000000000e+00
3.421584905660377540e-01,-1.590000000000000024e-01,0.000000000000000000e+00
3.446641509433962525e-01,-1.590000000000000024e-01,0.000000000000000000e+00
3.471698113207547509e-01,-1.590000000000000024e-01,0.000000000000000000e+00
3.496754716981132494e-01,-1.590000000000000024e-01,0.000000000000000000e+00
3.521811320754717478e-01,-1.590000000000000024e-01,0.000000000000000000e+00
3.546867924528301907e-01,-1.590000000000000024e-01,0.000000000000000000e+00
3.571924528301886892e-01,-1.590000000000000024e-01,0.000000000000000000e+00
3.596981132075471876e-01,-1.590000000000000024e-01,0.000000000000000000e+00
3.622037735849056861e-01,-1.590000000000000024e-01,0.000000000000000000e+00
3.647094339622641845e-01,-1.590000000000000024e-01,0.000000000000000000e+00
3.672150943396226830e-01,-1.590000000000000024e-01,0.000000000000000000e+00
3.697207547169811814e-01,-1.590000000000000024e-01,0.000000000000000000e+00
3.722264150943396244e-01,-1.590000000000000024e-01,0.000000000000000000e+00
3.747320754716981228e-01,-1.590000000000000024e-01,0.000000000000000000e+00
3.772377358490566213e-01,-1.590000000000000024e-01,0.000000000000000000e+00
3.797433962264151197e-01,-1.590000000000000024e-01,0.000000000000000000e+00
3.822490566037736182e-01,-1.590000000000000024e-01,0.000000000000000000e+00
3.847547169811321166e-01,-1.590000000000000024e-01,0.000000000000000000e+00
3.872603773584906151e-01,-1.590000000000000024e-01,0.000000000000000000e+00
3.897660377358490580e-01,-1.590000000000000024e-01,0.000000000000000000e+00
3.922716981132075564e-01,-1.590000000000000024e-01,0.000000000000000000e+00
3.947773584905660549e-01,-1.590000000000000024e-01,0.000000000000000000e+00
3.972830188679245533e-01,-1.590000000000000024e-01,0.000000000000000000e+00
3.997886792452830518e-01,-1.590000000000000024e-01,0.000000000000000000e+00
4.022943396226414947e-01,-1.590000000000000024e-01,0.000000000000000000e+00
4.048000000000000487e-01,-1.590000000000000024e-01,0.000000000000000000e+00
4.073056603773584916e-01,-1.590000000000000024e-01,0.000000000000000000e+00
4.098113207547170456e-01,-1.590000000000000024e-01,0.000000000000000000e+00
4.123169811320754885e-01,-1.590000000000000024e-01,0.000000000000000000e+00
4.148226415094339870e-01,-1.590000000000000024e-01,0.000000000000000000e+00
4.173283018867924854e-01,-1.590000000000000024e-01,0.000000000000000000e+00
4.198339622641509283e-01,-1.590000000000000024e-01,0.000000000000000000e+00
4.223396226415094823e-01,-1.590000000000000024e-01,0.000000000000000000e+00
4.248452830188679252e-01,-1.590000000000000024e-01,0.000000000000000000e+00
4.273509433962264792e-01,-1.590000000000000024e-01,0.000000000000000000e+00
4.298566037735849221e-01,-1.590000000000000024e-01,0.000000000000000000e+00
4.323622641509434206e-01,-1.590000000000000024e-01,0.000000000000000000e+00
4.348679245283019190e-01,-1.590000000000000024e-01,0.000000000000000000e+00
4.373735849056603620e-01,-1.590000000000000024e-01,0.000000000000000000e+00
4.398792452830189159e-01,-1.590000000000000024e-01,0.000000000000000000e+00
4.423849056603773588e-01,-1.590000000000000024e-01,0.000000000000000000e+00
4.448905660377359128e-01,-1.590000000000000024e-01,0.000000000000000000e+00
4.473962264150943557e-01,-1.590000000000000024e-01,0.000000000000000000e+00
4.499018867924528542e-01,-1.590000000000000024e-01,0.000000000000000000e+00
4.524075471698113526e-01,-1.590000000000000024e-01,0.000000000000000000e+00
4.549132075471697956e-01,-1.590000000000000024e-01,0.000000000000000000e+00
4.574188679245283495e-01,-1.590000000000000024e-01,0.000000000000000000e+00
4.599245283018867925e-01,-1.590000000000000024e-01,0.000000000000000000e+00
4.624301886792453464e-01,-1.590000000000000024e-01,0.000000000000000000e+00
4.649358490566037894e-01,-1.590000000000000024e-01,0.000000000000000000e+00
4.674415094339622878e-01,-1.590000000000000024e-01,0.000000000000000000e+00
4.699471698113207863e-01,-1.590000000000000024e-01,0.000000000000000000e+00
4.724528301886792847e-01,-1.590000000000000024e-01,0.000000000000000000e+00
4.749584905660377832e-01,-1.590000000000000024e-01,0.000000000000000000e+00
4.774641509433962261e-01,-1.590000000000000024e-01,0.000000000000000000e+00
4.799698113207547800e-01,-1.590000000000000024e-01,0.000000000000000000e+00
4.824754716981132230e-01,-1.590000000000000024e-01,0.000000000000000000e+00
4.849811320754717214e-01,-1.590000000000000024e-01,0.000000000000000000e+00
4.874867924528302199e-01,-1.590000000000000024e-01,0.000000000000000000e+00
4.899924528301887183e-01,-1.590000000000000024e-01,0.000000000000000000e+00
4.924981132075472168e-01,-1.590000000000000024e-01,0.000000000000000000e+00
4.950037735849056597e-01,-1.590000000000000024e-01,0.000000000000000000e+00
4.975094339622642137e-01,-1.590000000000000024e-01,0.000000000000000000e+00
5.000150943396226566e-01,-1.590000000000000024e-01,0.000000000000000000e+00
5.025207547169812106e-01,-1.590000000000000024e-01,0.000000000000000000e+00
5.050264150943396535e-01,-1.590000000000000024e-01,0.000000000000000000e+00
5.075320754716980964e-01,-1.590000000000000024e-01,0.000000000000000000e+00
5.100377358490566504e-01,-1.590000000000000024e-01,0.000000000000000000e+00
5.125433962264150933e-01,-1.590000000000000024e-01,0.000000000000000000e+00
5.150490566037736473e-01,-1.590000000000000024e-01,0.000000000000000000e+00
5.175547169811320902e-01,-1.590000000000000024e-01,0.000000000000000000e+00
5.200603773584906442e-01,-1.590000000000000024e-01,0.000000000000000000e+00
5.225660377358490871e-01,-1.590000000000000024e-01,0.000000000000000000e+00
5.250716981132075301e-01,-1.590000000000000024e-01,0.000000000000000000e+00
5.275773584905660840e-01,-1.590000000000000024e-01,0.000000000000000000e+00
5.300830188679246380e-01,-1.590000000000000024e-01,0.000000000000000000e+00
5.325886792452829699e-01,-1.590000000000000024e-01,0.000000000000000000e+00
5.350943396226415238e-01,-1.590000000000000024e-01,0.000000000000000000e+00
5.376000000000000778e-01,-1.590000000000000024e-01,0.000000000000000000e+00
5.401056603773585207e-01,-1.590000000000000024e-01,0.000000000000000000e+00
5.426113207547169637e-01,-1.590000000000000024e-01,0.000000000000000000e+00
5.451169811320755176e-01,-1.590000000000000024e-01,0.000000000000000000e+00
5.476226415094340716e-01,-1.590000000000000024e-01,0.000000000000000000e+00
5.501283018867924035e-01,-1.590000000000000024e-01,0.000000000000000000e+00
5.526339622641509575e-01,-1.590000000000000024e-01,0.000000000000000000e+00
5.551396226415095114e-01,-1.590000000000000024e-01,0.000000000000000000e+00
5.576452830188679544e-01,-1.590000000000000024e-01,0.000000000000000000e+00
5.601509433962263973e-01,-1.590000000000000024e-01,0.000000000000000000e+00
5.626566037735849513e-01,-1.590000000000000024e-01,0.000000000000000000e+00
5.651622641509435052e-01,-1.590000000000000024e-01,0.000000000000000000e+00
5.676679245283018371e-01,-1.590000000000000024e-01,0.000000000000000000e+00
5.701735849056603911e-01,-1.590000000000000024e-01,0.000000000000000000e+00
5.726792452830189450e-01,-1.590000000000000024e-01,0.000000000000000000e+00
5.751849056603773880e-01,-1.590000000000000024e-01,0.000000000000000000e+00
5.776905660377358309e-01,-1.590000000000000024e-01,0.000000000000000000e+00
5.801962264150943849e-01,-1.590000000000000024e-01,0.000000000000000000e+00
5.827018867924529388e-01,-1.590000000000000024e-01,0.000000000000000000e+00
5.852075471698112707e-01,-1.590000000000000024e-01,0.000000000000000000e+00
5.877132075471698247e-01,-1.590000000000000024e-01,0.000000000000000000e+00
5.902188679245283787e-01,-1.590000000000000024e-01,0.000000000000000000e+00
5.927245283018868216e-01,-1.590000000000000024e-01,0.000000000000000000e+00
5.952301886792452645e-01,-1.590000000000000024e-01,0.000000000000000000e+00
5.977358490566038185e-01,-1.590000000000000024e-01,0.000000000000000000e+00
6.002415094339623725e-01,-1.590000000000000024e-01,0.000000000000000000e+00
6.027471698113207044e-01,-1.590000000000000024e-01,0.000000000000000000e+00
6.052528301886792583e-01,-1.590000000000000024e-01,0.000000000000000000e+00
6.077584905660378123e-01,-1.590000000000000024e-01,0.000000000000000000e+00
6.102641509433962552e-01,-1.590000000000000024e-01,0.000000000000000000e+00
6.127698113207546982e-01,-1.590000000000000024e-01,0.000000000000000000e+00
6.152754716981132521e-01,-1.590000000000000024e-01,0.000000000000000000e+00
6.177811320754718061e-01,-1.590000000000000024e-01,0.000000000000000000e+00
6.202867924528301380e-01,-1.590000000000000024e-01,0.000000000000000000e+00
6.227924528301886919e-01,-1.590000000000000024e-01,0.000000000000000000e+00
6.252981132075472459e-01,-1.590000000000000024e-01,0.000000000000000000e+00
6.278037735849056888e-01,-1.590000000000000024e-01,0.000000000000000000e+00
6.303094339622641318e-01,-1.590000000000000024e-01,0.000000000000000000e+00
6.328150943396226857e-01,-1.590000000000000024e-01,0.000000000000000000e+00
6.353207547169812397e-01,-1.590000000000000024e-01,0.000000000000000000e+00
6.378264150943395716e-01,-1.590000000000000024e-01,0.000000000000000000e+00
6.403320754716981256e-01,-1.590000000000000024e-01,0.000000000000000000e+00
6.428377358490566795e-01,-1.590000000000000024e-01,0.000000000000000000e+00
6.453433962264151225e-01,-1.590000000000000024e-01,0.000000000000000000e+00
6.478490566037735654e-01,-1.590000000000000024e-01,0.000000000000000000e+00
6.503547169811321194e-01,-1.590000000000000024e-01,0.000000000000000000e+00
6.528603773584906733e-01,-1.590000000000000024e-01,0.000000000000000000e+00
6.553660377358490052e-01,-1.590000000000000024e-01,0.000000000000000000e+00
6.578716981132075592e-01,-1.590000000000000024e-01,0.000000000000000000e+00
6.603773584905661131e-01,-1.590000000000000024e-01,0.000000000000000000e+00
6.628830188679245561e-01,-1.590000000000000024e-01,0.000000000000000000e+00
6.653886792452829990e-01,-1.590000000000000024e-01,0.000000000000000000e+00
6.678943396226415530e-01,-1.590000000000000024e-01,0.000000000000000000e+00
6.704000000000001069e-01,-1.590000000000000024e-01,0.000000000000000000e+00
6.729056603773585499e-01,-1.590000000000000024e-01,0.000000000000000000e+00
6.754113207547169928e-01,-1.590000000000000024e-01,0.000000000000000000e+00
6.779169811320755468e-01,-1.590000000000000024e-01,0.000000000000000000e+00
6.804226415094339897e-01,-1.590000000000000024e-01,0.000000000000000000e+00
6.829283018867924326e-01,-1.590000000000000024e-01,0.000000000000000000e+00
6.854339622641509866e-01,-1.590000000000000024e-01,0.000000000000000000e+00
6.879396226415095406e-01,-1.590000000000000024e-01,0.000000000000000000e+00
6.904452830188679835e-01,-1.590000000000000024e-01,0.000000000000000000e+00
6.929509433962264264e-01,-1.590000000000000024e-01,0.000000000000000000e+00
6.954566037735849804e-01,-1.590000000000000024e-01,0.000000000000000000e+00
6.979622641509434233e-01,-1.590000000000000024e-01,0.000000000000000000e+00
7.004679245283018663e-01,-1.590000000000000024e-01,0.000000000000000000e+00
7.029735849056604202e-01,-1.590000000000000024e-01,0.000000000000000000e+00
7.054792452830189742e-01,-1.590000000000000024e-01,0.000000000000000000e+00
7.079849056603774171e-01,-1.590000000000000024e-01,0.000000000000000000e+00
7.104905660377358600e-01,-1.590000000000000024e-01,0.000000000000000000e+00
7.129962264150944140e-01,-1.590000000000000024e-01,0.000000000000000000e+00
7.155018867924528569e-01,-1.590000000000000024e-01,0.000000000000000000e+00
7.180075471698112999e-01,-1.590000000000000024e-01,0.000000000000000000e+00
7.205132075471698538e-01,-1.590000000000000024e-01,0.000000000000000000e+00
7.230188679245284078e-01,-1.590000000000000024e-01,0.000000000000000000e+00
7.255245283018868507e-01,-1.590000000000000024e-01,0.000000000000000000e+00
7.280301886792452937e-01,-1.590000000000000024e-01,0.000000000000000000e+00
7.305358490566038476e-01,-1.590000000000000024e-01,0.000000000000000000e+00
7.330415094339622906e-01,-1.590000000000000024e-01,0.000000000000000000e+00
7.355471698113207335e-01,-1.590000000000000024e-01,0.000000000000000000e+00
7.380528301886792875e-01,-1.590000000000000024e-01,0.000000000000000000e+00
7.405584905660378414e-01,-1.590000000000000024e-01,0.000000000000000000e+00
7.430641509433962844e-01,-1.590000000000000024e-01,0.000000000000000000e+00
7.455698113207547273e-01,-1.590000000000000024e-01,0.000000000000000000e+00
7.480754716981132812e-01,-1.590000000000000024e-01,0.000000000000000000e+00
7.505811320754717242e-01,-1.590000000000000024e-01,0.000000000000000000e+00
7.530867924528301671e-01,-1.590000000000000024e-01,0.000000000000000000e+00
7.555924528301887211e-01,-1.590000000000000024e-01,0.000000000000000000e+00
7.580981132075472750e-01,-1.590000000000000024e-01,0.000000000000000000e+00
7.606037735849057180e-01,-1.590000000000000024e-01,0.000000000000000000e+00
7.631094339622641609e-01,-1.590000000000000024e-01,0.000000000000000000e+00
7.656150943396227149e-01,-1.590000000000000024e-01,0.000000000000000000e+00
7.681207547169811578e-01,-1.590000000000000024e-01,0.000000000000000000e+00
7.706264150943396007e-01,-1.590000000000000024e-01,0.000000000000000000e+00
7.731320754716981547e-01,-1.590000000000000024e-01,0.000000000000000000e+00
7.756377358490565976e-01,-1.590000000000000024e-01,0.000000000000000000e+00
7.781433962264151516e-01,-1.590000000000000024e-01,0.000000000000000000e+00
7.806490566037735945e-01,-1.590000000000000024e-01,0.000000000000000000e+00
7.831547169811321485e-01,-1.590000000000000024e-01,0.000000000000000000e+00
7.856603773584905914e-01,-1.590000000000000024e-01,0.000000000000000000e+00
7.881660377358491454e-01,-1.590000000000000024e-01,0.000000000000000000e+00
7.906716981132075883e-01,-1.590000000000000024e-01,0.000000000000000000e+00
7.931773584905660313e-01,-1.590000000000000024e-01,0.000000000000000000e+00
7.956830188679245852e-01,-1.590000000000000024e-01,0.000000000000000000e+00
7.981886792452830282e-01,-1.590000000000000024e-01,0.000000000000000000e+00
8.006943396226415821e-01,-1.590000000000000024e-01,0.000000000000000000e+00
8.032000000000000250e-01,-1.590000000000000024e-01,0.000000000000000000e+00
8.057056603773585790e-01,-1.590000000000000024e-01,0.000000000000000000e+00
8.082113207547170219e-01,-1.590000000000000024e-01,0.000000000000000000e+00
8.107169811320754649e-01,-1.590000000000000024e-01,0.000000000000000000e+00
8.132226415094340188e-01,-1.590000000000000024e-01,0.000000000000000000e+00
8.157283018867924618e-01,-1.590000000000000024e-01,0.000000000000000000e+00
8.182339622641510157e-01,-1.590000000000000024e-01,0.000000000000000000e+00
8.207396226415094587e-01,-1.590000000000000024e-01,0.000000000000000000e+00
8.232452830188680126e-01,-1.590000000000000024e-01,0.000000000000000000e+00
8.257509433962264556e-01,-1.590000000000000024e-01,0.000000000000000000e+00
8.282566037735848985e-01,-1.590000000000000024e-01,0.000000000000000000e+00
8.307622641509434525e-01,-1.590000000000000024e-01,0.000000000000000000e+00
8.332679245283018954e-01,-1.590000000000000024e-01,0.000000000000000000e+00
8.357735849056604494e-01,-1.590000000000000024e-01,0.000000000000000000e+00
8.382792452830188923e-01,-1.590000000000000024e-01,0.000000000000000000e+00
8.407849056603774462e-01,-1.590000000000000024e-01,0.000000000000000000e+00
8.432905660377358892e-01,-1.590000000000000024e-01,0.000000000000000000e+00
8.457962264150943321e-01,-1.590000000000000024e-01,0.000000000000000000e+00
8.483018867924528861e-01,-1.590000000000000024e-01,0.000000000000000000e+00
8.508075471698113290e-01,-1.590000000000000024e-01,0.000000000000000000e+00
8.533132075471698830e-01,-1.590000000000000024e-01,0.000000000000000000e+00
8.558188679245283259e-01,-1.590000000000000024e-01,0.000000000000000000e+00
8.583245283018868799e-01,-1.590000000000000024e-01,0.000000000000000000e+00
8.608301886792453228e-01,-1.590000000000000024e-01,0.000000000000000000e+00
8.633358490566037657e-01,-1.590000000000000024e-01,0.000000000000000000e+00
8.658415094339623197e-01,-1.590000000000000024e-01,0.000000000000000000e+00
8.683471698113207626e-01,-1.590000000000000024e-01,0.000000000000000000e+00
8.708528301886793166e-01,-1.590000000000000024e-01,0.000000000000000000e+00
8.733584905660377595e-01,-1.590000000000000024e-01,0.000000000000000000e+00
8.758641509433963135e-01,-1.590000000000000024e-01,0.000000000000000000e+00
8.783698113207547564e-01,-1.590000000000000024e-01,0.000000000000000000e+00
8.808754716981131994e-01,-1.590000000000000024e-01,0.000000000000000000e+00
8.833811320754717533e-01,-1.590000000000000024e-01,0.000000000000000000e+00
8.858867924528301963e-01,-1.590000000000000024e-01,0.000000000000000000e+00
8.883924528301887502e-01,-1.590000000000000024e-01,0.000000000000000000e+00
8.908981132075471931e-01,-1.590000000000000024e-01,0.000000000000000000e+00
8.934037735849057471e-01,-1.590000000000000024e-01,0.000000000000000000e+00
8.959094339622641900e-01,-1.590000000000000024e-01,0.000000000000000000e+00
8.984150943396226330e-01,-1.590000000000000024e-01,0.000000000000000000e+00
9.009207547169811869e-01,-1.590000000000000024e-01,0.000000000000000000e+00
9.034264150943396299e-01,-1.590000000000000024e-01,0.000000000000000000e+00
9.059320754716981838e-01,-1.590000000000000024e-01,0.000000000000000000e+00
9.084377358490566268e-01,-1.590000000000000024e-01,0.000000000000000000e+00
9.109433962264151807e-01,-1.590000000000000024e-01,0.000000000000000000e+00
9.134490566037736237e-01,-1.590000000000000024e-01,0.000000000000000000e+00
9.159547169811320666e-01,-1.590000000000000024e-01,0.000000000000000000e+00
9.184603773584906206e-01,-1.590000000000000024e-01,0.000000000000000000e+00
9.209660377358490635e-01,-1.590000000000000024e-01,0.000000000000000000e+00
9.234716981132076175e-01,-1.590000000000000024e-01,0.000000000000000000e+00
9.259773584905660604e-01,-1.590000000000000024e-01,0.000000000000000000e+00
9.284830188679246143e-01,-1.590000000000000024e-01,0.000000000000000000e+00
9.309886792452830573e-01,-1.590000000000000024e-01,0.000000000000000000e+00
9.334943396226415002e-01,-1.590000000000000024e-01,0.000000000000000000e+00
9.360000000000000542e-01,-1.590000000000000024e-01,0.000000000000000000e+00
9.385056603773584971e-01,-1.590000000000000024e-01,0.000000000000000000e+00
9.410113207547170511e-01,-1.590000000000000024e-01,0.000000000000000000e+00
9.435169811320754940e-01,-1.590000000000000024e-01,0.000000000000000000e+00
9.460226415094340480e-01,-1.590000000000000024e-01,0.000000000000000000e+00
9.485283018867924909e-01,-1.590000000000000024e-01,0.000000000000000000e+00
9.510339622641509338e-01,-1.590000000000000024e-01,0.000000000000000000e+00
9.535396226415094878e-01,-1.590000000000000024e-01,0.000000000000000000e+00
9.560452830188679307e-01,-1.590000000000000024e-01,0.000000000000000000e+00
9.585509433962264847e-01,-1.590000000000000024e-01,0.000000000000000000e+00
9.610566037735849276e-01,-1.590000000000000024e-01,0.000000000000000000e+00
9.635622641509434816e-01,-1.590000000000000024e-01,0.000000000000000000e+00
9.660679245283019245e-01,-1.590000000000000024e-01,0.000000000000000000e+00
9.685735849056603675e-01,-1.590000000000000024e-01,0.000000000000000000e+00
9.710792452830189214e-01,-1.590000000000000024e-01,0.000000000000000000e+00
9.735849056603773644e-01,-1.590000000000000024e-01,0.000000000000000000e+00
9.760905660377359183e-01,-1.590000000000000024e-01,0.000000000000000000e+00
9.785962264150943613e-01,-1.590000000000000024e-01,0.000000000000000000e+00
9.811018867924529152e-01,-1.590000000000000024e-01,0.000000000000000000e+00
9.836075471698113581e-01,-1.590000000000000024e-01,0.000000000000000000e+00
9.861132075471698011e-01,-1.590000000000000024e-01,0.000000000000000000e+00
9.886188679245283550e-01,-1.590000000000000024e-01,0.000000000000000000e+00
9.911245283018867980e-01,-1.590000000000000024e-01,0.000000000000000000e+00
9.936301886792453519e-01,-1.590000000000000024e-01,0.000000000000000000e+00
9.961358490566037949e-01,-1.590000000000000024e-01,0.000000000000000000e+00
9.986415094339623488e-01,-1.590000000000000024e-01,0.000000000000000000e+00
1.001147169811320792e+00,-1.590000000000000024e-01,0.000000000000000000e+00
1.003652830188679346e+00,-1.590000000000000024e-01,0.000000000000000000e+00
1.006158490566037678e+00,-1.590000000000000024e-01,0.000000000000000000e+00
1.008664150943396232e+00,-1.590000000000000024e-01,0.000000000000000000e+00
1.011169811320754786e+00,-1.590000000000000024e-01,0.000000000000000000e+00
1.013675471698113117e+00,-1.590000000000000024e-01,0.000000000000000000e+00
1.016181132075471893e+00,-1.590000000000000024e-01,0.000000000000000000e+00
1.018686792452830225e+00,-1.590000000000000024e-01,0.000000000000000000e+00
1.021192452830188557e+00,-1.590000000000000024e-01,0.000000000000000000e+00
1.023698113207547333e+00,-1.590000000000000024e-01,0.000000000000000000e+00
1.026203773584905665e+00,-1.590000000000000024e-01,0.000000000000000000e+00
1.028709433962264219e+00,-1.590000000000000024e-01,0.000000000000000000e+00
1.031215094339622773e+00,-1.590000000000000024e-01,0.000000000000000000e+00
1.033720754716981105e+00,-1.590000000000000024e-01,0.000000000000000000e+00
1.036226415094339659e+00,-1.590000000000000024e-01,0.000000000000000000e+00
1.038732075471698213e+00,-1.590000000000000024e-01,0.000000000000000000e+00
1.041237735849056545e+00,-1.590000000000000024e-01,0.000000000000000000e+00
1.043743396226415099e+00,-1.590000000000000024e-01,0.000000000000000000e+00
1.046249056603773653e+00,-1.590000000000000024e-01,0.000000000000000000e+00
1.048754716981131985e+00,-1.590000000000000024e-01,0.000000000000000000e+00
1.051260377358490761e+00,-1.590000000000000024e-01,0.000000000000000000e+00
1.053766037735849093e+00,-1.590000000000000024e-01,0.000000000000000000e+00
1.056271698113207425e+00,-1.590000000000000024e-01,0.000000000000000000e+00
1.058777358490566201e+00,-1.590000000000000024e-01,0.000000000000000000e+00
1.061283018867924532e+00,-1.590000000000000024e-01,0.000000000000000000e+00
1.063788679245283086e+00,-1.590000000000000024e-01,0.000000000000000000e+00
1.066294339622641640e+00,-1.590000000000000024e-01,0.000000000000000000e+00
1.068799999999999972e+00,-1.590000000000000024e-01,0.000000000000000000e+00
1.071305660377358526e+00,-1.590000000000000024e-01,0.000000000000000000e+00
1.073811320754717080e+00,-1.590000000000000024e-01,0.000000000000000000e+00
1.076316981132075412e+00,-1.590000000000000024e-01,0.000000000000000000e+00
1.078822641509433966e+00,-1.590000000000000024e-01,0.000000000000000000e+00
1.081328301886792520e+00,-1.590000000000000024e-01,0.000000000000000000e+00
1.083833962264150852e+00,-1.590000000000000024e-01,0.000000000000000000e+00
1.086339622641509628e+00,-1.590000000000000024e-01,0.000000000000000000e+00
1.088845283018867960e+00,-1.590000000000000024e-01,0.000000000000000000e+00
1.091350943396226514e+00,-1.590000000000000024e-01,0.000000000000000000e+00
1.093856603773585068e+00,-1.590000000000000024e-01,0.000000000000000000e+00
1.096362264150943400e+00,-1.590000000000000024e-01,0.000000000000000000e+00
1.098867924528301954e+00,-1.590000000000000024e-01,0.000000000000000000e+00
1.101373584905660508e+00,-1.590000000000000024e-01,0.000000000000000000e+00
1.103879245283018840e+00,-1.590000000000000024e-01,0.000000000000000000e+00
1.106384905660377393e+00,-1.590000000000000024e-01,0.000000000000000000e+00
1.108890566037735947e+00,-1.590000000000000024e-01,0.000000000000000000e+00
1.111396226415094279e+00,-1.590000000000000024e-01,0.000000000000000000e+00
1.113901886792452833e+00,-1.590000000000000024e-01,0.000000000000000000e+00
1.116407547169811387e+00,-1.590000000000000024e-01,0.000000000000000000e+00
1.118913207547169719e+00,-1.590000000000000024e-01,0.000000000000000000e+00
1.121418867924528495e+00,-1.590000000000000024e-01,0.000000000000000000e+00
1.123924528301886827e+00,-1.590000000000000024e-01,0.000000000000000000e+00
1.126430188679245381e+00,-1.590000000000000024e-01,0.000000000000000000e+00
1.128935849056603935e+00,-1.590000000000000024e-01,0.000000000000000000e+00
1.131441509433962267e+00,-1.590000000000000024e-01,0.000000000000000000e+00
1.133947169811320821e+00,-1.590000000000000024e-01,0.000000000000000000e+00
1.136452830188679375e+00,-1.590000000000000024e-01,0.000000000000000000e+00
1.138958490566037707e+00,-1.590000000000000024e-01,0.000000000000000000e+00
1.141464150943396261e+00,-1.590000000000000024e-01,0.000000000000000000e+00
1.143969811320754815e+00,-1.590000000000000024e-01,0.000000000000000000e+00
1.146475471698113147e+00,-1.590000000000000024e-01,0.000000000000000000e+00
1.148981132075471701e+00,-1.590000000000000024e-01,0.000000000000000000e+00
1.151486792452830255e+00,-1.590000000000000024e-01,0.000000000000000000e+00
1.153992452830188586e+00,-1.590000000000000024e-01,0.000000000000000000e+00
1.156498113207547362e+00,-1.590000000000000024e-01,0.000000000000000000e+00
1.159003773584905694e+00,-1.590000000000000024e-01,0.000000000000000000e+00
1.161509433962264248e+00,-1.590000000000000024e-01,0.000000000000000000e+00
1.164015094339622802e+00,-1.590000000000000024e-01,0.000000000000000000e+00
1.166520754716981134e+00,-1.590000000000000024e-01,0.000000000000000000e+00
1.169026415094339688e+00,-1.590000000000000024e-01,0.000000000000000000e+00
1.171532075471698242e+00,-1.590000000000000024e-01,0.000000000000000000e+00
1.174037735849056574e+00,-1.590000000000000024e-01,0.000000000000000000e+00
1.176543396226415128e+00,-1.590000000000000024e-01,0.000000000000000000e+00
1.179049056603773682e+00,-1.590000000000000024e-01,0.000000000000000000e+00
1.181554716981132014e+00,-1.590000000000000024e-01,0.000000000000000000e+00
1.184060377358490568e+00,-1.590000000000000024e-01,0.000000000000000000e+00
1.186566037735849122e+00,-1.590000000000000024e-01,0.000000000000000000e+00
1.189071698113207454e+00,-1.590000000000000024e-01,0.000000000000000000e+00
1.191577358490566230e+00,-1.590000000000000024e-01,0.000000000000000000e+00
1.194083018867924562e+00,-1.590000000000000024e-01,0.000000000000000000e+00
1.196588679245283116e+00,-1.590000000000000024e-01,0.000000000000000000e+00
1.199094339622641670e+00,-1.590000000000000024e-01,0.000000000000000000e+00
1.201600000000000001e+00,-1.590000000000000024e-01,0.000000000000000000e+00
1.204105660377358555e+00,-1.590000000000000024e-01,0.000000000000000000e+00
1.206611320754717109e+00,-1.590000000000000024e-01,0.000000000000000000e+00
1.209116981132075441e+00,-1.590000000000000024e-01,0.000000000000000000e+00
1.211622641509433995e+00,-1.590000000000000024e-01,0.000000000000000000e+00
1.214128301886792549e+00,-1.590000000000000024e-01,0.000000000000000000e+00
1.216633962264150881e+00,-1.590000000000000024e-01,0.000000000000000000e+00
1.219139622641509435e+00,-1.590000000000000024e-01,0.000000000000000000e+00
1.221645283018867989e+00,-1.590000000000000024e-01,0.000000000000000000e+00
1.224150943396226321e+00,-1.590000000000000024e-01,0.000000000000000000e+00
1.226656603773585097e+00,-1.590000000000000024e-01,0.000000000000000000e+00
1.229162264150943429e+00,-1.590000000000000024e-01,0.000000000000000000e+00
1.231667924528301983e+00,-1.590000000000000024e-01,0.000000000000000000e+00
1.234173584905660537e+00,-1.590000000000000024e-01,0.000000000000000000e+00
1.236679245283018869e+00,-1.590000000000000024e-01,0.000000000000000000e+00
1.239184905660377423e+00,-1.590000000000000024e-01,0.000000000000000000e+00
1.241690566037735977e+00,-1.590000000000000024e-01,0.000000000000000000e+00
1.244196226415094308e+00,-1.590000000000000024e-01,0.000000000000000000e+00
1.246701886792452862e+00,-1.590000000000000024e-01,0.000000000000000000e+00
1.249207547169811416e+00,-1.590000000000000024e-01,0.000000000000000000e+00
1.251713207547169748e+00,-1.590000000000000024e-01,0.000000000000000000e+00
1.254218867924528302e+00,-1.590000000000000024e-01,0.000000000000000000e+00
1.256724528301886856e+00,-1.590000000000000024e-01,0.000000000000000000e+00
1.259230188679245188e+00,-1.590000000000000024e-01,0.000000000000000000e+00
1.261735849056603964e+00,-1.590000000000000024e-01,0.000000000000000000e+00
1.264241509433962296e+00,-1.590000000000000024e-01,0.000000000000000000e+00
1.266747169811320850e+00,-1.590000000000000024e-01,0.000000000000000000e+00
1.269252830188679404e+00,-1.590000000000000024e-01,0.000000000000000000e+00
1.271758490566037736e+00,-1.590000000000000024e-01,0.000000000000000000e+00
1.274264150943396290e+00,-1.590000000000000024e-01,0.000000000000000000e+00
1.276769811320754844e+00,-1.590000000000000024e-01,0.000000000000000000e+00
1.279275471698113176e+00,-1.590000000000000024e-01,0.000000000000000000e+00
1.281781132075471730e+00,-1.590000000000000024e-01,0.000000000000000000e+00
1.284286792452830284e+00,-1.590000000000000024e-01,0.000000000000000000e+00
1.286792452830188838e+00,-1.590000000000000024e-01,0.000000000000000000e+00
1.289298113207547170e+00,-1.590000000000000024e-01,0.000000000000000000e+00
1.291803773584905723e+00,-1.590000000000000024e-01,0.000000000000000000e+00
1.294309433962264277e+00,-1.590000000000000024e-01,0.000000000000000000e+00
1.296815094339622609e+00,-1.590000000000000024e-01,0.000000000000000000e+00
1.299320754716981163e+00,-1.590000000000000024e-01,0.000000000000000000e+00
1.301826415094339717e+00,-1.590000000000000024e-01,0.000000000000000000e+00
1.304332075471698271e+00,-1.590000000000000024e-01,0.000000000000000000e+00
1.306837735849056603e+00,-1.590000000000000024e-01,0.000000000000000000e+00
1.309343396226415157e+00,-1.590000000000000024e-01,0.000000000000000000e+00
1.311849056603773711e+00,-1.590000000000000024e-01,0.000000000000000000e+00
1.314354716981132043e+00,-1.590000000000000024e-01,0.000000000000000000e+00
1.316860377358490597e+00,-1.590000000000000024e-01,0.000000000000000000e+00
1.319366037735849151e+00,-1.590000000000000024e-01,0.000000000000000000e+00
1.321871698113207705e+00,-1.590000000000000024e-01,0.000000000000000000e+00
1.324377358490566037e+00,-1.590000000000000024e-01,0.000000000000000000e+00
1.326883018867924591e+00,-1.590000000000000024e-01,0.000000000000000000e+00
1.329388679245283145e+00,-1.590000000000000024e-01,0.000000000000000000e+00
1.331894339622641477e+00,-1.590000000000000024e-01,0.000000000000000000e+00
1.334400000000000031e+00,-1.590000000000000024e-01,0.000000000000000000e+00
1.336905660377358585e+00,-1.590000000000000024e-01,0.000000000000000000e+00
1.339411320754717138e+00,-1.590000000000000024e-01,0.000000000000000000e+00
1.341916981132075470e+00,-1.590000000000000024e-01,0.000000000000000000e+00
1.344422641509434024e+00,-1.590000000000000024e-01,0.000000000000000000e+00
1.346928301886792578e+00,-1.590000000000000024e-01,0.000000000000000000e+00
1.349433962264150910e+00,-1.590000000000000024e-01,0.000000000000000000e+00
1.351939622641509464e+00,-1.590000000000000024e-01,0.000000000000000000e+00
1.354445283018868018e+00,-1.590000000000000024e-01,0.000000000000000000e+00
1.356950943396226572e+00,-1.590000000000000024e-01,0.000000000000000000e+00
1.359456603773584904e+00,-1.590000000000000024e-01,0.000000000000000000e+00
1.361962264150943458e+00,-1.590000000000000024e-01,0.000000000000000000e+00
1.364467924528302012e+00,-1.590000000000000024e-01,0.000000000000000000e+00
1.366973584905660344e+00,-1.590000000000000024e-01,0.000000000000000000e+00
1.369479245283018898e+00,-1.590000000000000024e-01,0.000000000000000000e+00
1.371984905660377452e+00,-1.590000000000000024e-01,0.000000000000000000e+00
1.374490566037736006e+00,-1.590000000000000024e-01,0.000000000000000000e+00
1.376996226415094338e+00,-1.590000000000000024e-01,0.000000000000000000e+00
1.379501886792452892e+00,-1.590000000000000024e-01,0.000000000000000000e+00
1.382007547169811446e+00,-1.590000000000000024e-01,0.000000000000000000e+00
1.384513207547169777e+00,-1.590000000000000024e-01,0.000000000000000000e+00
1.387018867924528331e+00,-1.590000000000000024e-01,0.000000000000000000e+00
1.389524528301886885e+00,-1.590000000000000024e-01,0.000000000000000000e+00
1.392030188679245439e+00,-1.590000000000000024e-01,0.000000000000000000e+00
1.394535849056603771e+00,-1.590000000000000024e-01,0.000000000000000000e+00
1.397041509433962325e+00,-1.590000000000000024e-01,0.000000000000000000e+00
1.399547169811320879e+00,-1.590000000000000024e-01,0.000000000000000000e+00
1.402052830188679211e+00,-1.590000000000000024e-01,0.000000000000000000e+00
1.404558490566037765e+00,-1.590000000000000024e-01,0.000000000000000000e+00
1.407064150943396319e+00,-1.590000000000000024e-01,0.000000000000000000e+00
1.409569811320754873e+00,-1.590000000000000024e-01,0.000000000000000000e+00
1.412075471698113205e+00,-1.590000000000000024e-01,0.000000000000000000e+00
1.414581132075471759e+00,-1.590000000000000024e-01,0.000000000000000000e+00
1.417086792452830313e+00,-1.590000000000000024e-01,0.000000000000000000e+00
1.419592452830188645e+00,-1.590000000000000024e-01,0.000000000000000000e+00
1.422098113207547199e+00,-1.590000000000000024e-01,0.000000000000000000e+00
1.424603773584905753e+00,-1.590000000000000024e-01,0.000000000000000000e+00
1.427109433962264307e+00,-1.590000000000000024e-01,0.000000000000000000e+00
1.429615094339622638e+00,-1.590000000000000024e-01,0.000000000000000000e+00
1.432120754716981192e+00,-1.590000000000000024e-01,0.000000000000000000e+00
1.434626415094339746e+00,-1.590000000000000024e-01,0.000000000000000000e+00
1.437132075471698078e+00,-1.590000000000000024e-01,0.000000000000000000e+00
1.439637735849056632e+00,-1.590000000000000024e-01,0.000000000000000000e+00
1.442143396226415186e+00,-1.590000000000000024e-01,0.000000000000000000e+00
1.444649056603773740e+00,-1.590000000000000024e-01,0.000000000000000000e+00
1.447154716981132072e+00,-1.590000000000000024e-01,0.000000000000000000e+00
1.449660377358490626e+00,-1.590000000000000024e-01,0.000000000000000000e+00
1.452166037735849180e+00,-1.590000000000000024e-01,0.000000000000000000e+00
1.454671698113207512e+00,-1.590000000000000024e-01,0.000000000000000000e+00
1.457177358490566066e+00,-1.590000000000000024e-01,0.000000000000000000e+00
1.459683018867924620e+00,-1.590000000000000024e-01,0.000000000000000000e+00
1.462188679245283174e+00,-1.590000000000000024e-01,0.000000000000000000e+00
1.464694339622641506e+00,-1.590000000000000024e-01,0.000000000000000000e+00
1.467200000000000060e+00,-1.590000000000000024e-01,0.000000000000000000e+00
1.469705660377358614e+00,-1.590000000000000024e-01,0.000000000000000000e+00
1.472211320754716946e+00,-1.590000000000000024e-01,0.000000000000000000e+00
1.474716981132075500e+00,-1.590000000000000024e-01,0.000000000000000000e+00
1.477222641509434053e+00,-1.590000000000000024e-01,0.000000000000000000e+00
1.479728301886792607e+00,-1.590000000000000024e-01,0.000000000000000000e+00
1.482233962264150939e+00,-1.590000000000000024e-01,0.000000000000000000e+00
1.484739622641509493e+00,-1.590000000000000024e-01,0.000000000000000000e+00
1.487245283018868047e+00,-1.590000000000000024e-01,0.000000000000000000e+00
1.489750943396226379e+00,-1.590000000000000024e-01,0.000000000000000000e+00
1.492256603773584933e+00,-1.590000000000000024e-01,0.000000000000000000e+00
1.494762264150943487e+00,-1.590000000000000024e-01,0.000000000000000000e+00
1.497267924528302041e+00,-1.590000000000000024e-01,0.000000000000000000e+00
1.499773584905660373e+00,-1.590000000000000024e-01,0.000000000000000000e+00
1.502279245283018927e+00,-1.590000000000000024e-01,0.000000000000000000e+00
1.504784905660377481e+00,-1.590000000000000024e-01,0.000000000000000000e+00
1.507290566037735813e+00,-1.590000000000000024e-01,0.000000000000000000e+00
1.509796226415094367e+00,-1.590000000000000024e-01,0.000000000000000000e+00
1.512301886792452921e+00,-1.590000000000000024e-01,0.000000000000000000e+00
1.514807547169811475e+00,-1.590000000000000024e-01,0.000000000000000000e+00
1.517313207547169807e+00,-1.590000000000000024e-01,0.000000000000000000e+00
1.519818867924528361e+00,-1.590000000000000024e-01,0.000000000000000000e+00
1.522324528301886915e+00,-1.590000000000000024e-01,0.000000000000000000e+00
1.524830188679245246e+00,-1.590000000000000024e-01,0.000000000000000000e+00
1.527335849056603800e+00,-1.590000000000000024e-01,0.000000000000000000e+00
1.529841509433962354e+00,-1.590000000000000024e-01,0.000000000000000000e+00
1.532347169811320908e+00,-1.590000000000000024e-01,0.000000000000000000e+00
1.534852830188679240e+00,-1.590000000000000024e-01,0.000000000000000000e+00
1.537358490566037794e+00,-1.590000000000000024e-01,0.000000000000000000e+00
1.539864150943396348e+00,-1.590000000000000024e-01,0.000000000000000000e+00
1.542369811320754680e+00,-1.590000000000000024e-01,0.000000000000000000e+00
1.544875471698113234e+00,-1.590000000000000024e-01,0.000000000000000000e+00
1.547381132075471788e+00,-1.590000000000000024e-01,0.000000000000000000e+00
1.549886792452830342e+00,-1.590000000000000024e-01,0.000000000000000000e+00
1.552392452830188674e+00,-1.590000000000000024e-01,0.000000000000000000e+00
1.554898113207547228e+00,-1.590000000000000024e-01,0.000000000000000000e+00
1.557403773584905782e+00,-1.590000000000000024e-01,0.000000000000000000e+00
1.559909433962264114e+00,-1.590000000000000024e-01,0.000000000000000000e+00
1.562415094339622668e+00,-1.590000000000000024e-01,0.000000000000000000e+00
1.564920754716981222e+00,-1.590000000000000024e-01,0.000000000000000000e+00
1.567426415094339776e+00,-1.590000000000000024e-01,0.000000000000000000e+00
1.569932075471698107e+00,-1.590000000000000024e-01,0.000000000000000000e+00
1.572437735849056661e+00,-1.590000000000000024e-01,0.000000000000000000e+00
1.574943396226415215e+00,-1.590000000000000024e-01,0.000000000000000000e+00
1.577449056603773547e+00,-1.590000000000000024e-01,0.000000000000000000e+00
1.579954716981132101e+00,-1.590000000000000024e-01,0.000000000000000000e+00
1.582460377358490655e+00,-1.590000000000000024e-01,0.000000000000000000e+00
1.584966037735849209e+00,-1.590000000000000024e-01,0.000000000000000000e+00
1.587471698113207541e+00,-1.590000000000000024e-01,0.000000000000000000e+00
1.589977358490566095e+00,-1.590000000000000024e-01,0.000000000000000000e+00
1.592483018867924649e+00,-1.590000000000000024e-01,0.000000000000000000e+00
1.594988679245282981e+00,-1.590000000000000024e-01,0.000000000000000000e+00
1.597494339622641535e+00,-1.590000000000000024e-01,0.000000000000000000e+00
