-1.600000000000000089e+00,-4.949999999999999956e-01,0.000000000000000000e+00
-1.597495881383855121e+00,-4.949999999999999956e-01,0.000000000000000000e+00
-1.594991762767710153e+00,-4.949999999999999956e-01,0.000000000000000000e+00
-1.592487644151565185e+00,-4.949999999999999956e-01,0.000000000000000000e+00
-1.589983525535420217e+00,-4.949999999999999956e-01,0.000000000000000000e+00
-1.587479406919275249e+00,-4.949999999999999956e-01,0.000000000000000000e+00
-1.584975288303130281e+00,-4.949999999999999956e-01,0.000000000000000000e+00
-1.582471169686985313e+00,-4.949999999999999956e-01,0.000000000000000000e+00
-1.579967051070840345e+00,-4.949999999999999956e-01,0.000000000000000000e+00
-1.577462932454695377e+00,-4.949999999999999956e-01,0.000000000000000000e+00
-1.574958813838550409e+00,-4.949999999999999956e-01,0.000000000000000000e+00
-1.572454695222405441e+00,-4.949999999999999956e-01,0.000000000000000000e+00
-1.569950576606260473e+00,-4.949999999999999956e-01,0.000000000000000000e+00
-1.567446457990115505e+00,-4.949999999999999956e-01,0.000000000000000000e+00
-1.564942339373970537e+00,-4.949999999999999956e-01,0.000000000000000000e+00
-1.562438220757825569e+00,-4.949999999999999956e-01,0.000000000000000000e+00
-1.559934102141680379e+00,-4.949999999999999956e-01,0.000000000000000000e+00
-1.557429983525535411e+00,-4.949999999999999956e-01,0.000000000000000000e+00
-1.554925864909390443e+00,-4.949999999999999956e-01,0.000000000000000000e+00
-1.552421746293245475e+00,-4.949999999999999956e-01,0.000000000000000000e+00
-1.549917627677100507e+00,-4.949999999999999956e-01,0.000000000000000000e+00
-1.547413509060955539e+00,-4.949999999999999956e-01,0.000000000000000000e+00
-1.544909390444810571e+00,-4.949999999999999956e-01,0.000000000000000000e+00
-1.542405271828665603e+00,-4.949999999999999956e-01,0.000000000000000000e+00
-1.539901153212520635e+00,-4.949999999999999956e-01,0.000000000000000000e+00
-1.537397034596375667e+00,-4.949999999999999956e-01,0.000000000000000000e+00
-1.534892915980230699e+00,-4.949999999999999956e-01,0.000000000000000000e+00
-1.532388797364085731e+00,-4.949999999999999956e-01,0.000000000000000000e+00
-1.529884678747940763e+00,-4.949999999999999956e-01,0.000000000000000000e+00
-1.527380560131795795e+00,-4.949999999999999956e-01,0.000000000000000000e+00
-1.524876441515650827e+00,-4.949999999999999956e-01,0.000000000000000000e+00
-1.522372322899505859e+00,-4.949999999999999956e-01,0.000000000000000000e+00
-1.519868204283360891e+00,-4.949999999999999956e-01,0.000000000000000000e+00
-1.517364085667215923e+00,-4.949999999999999956e-01,0.000000000000000000e+00
-1.514859967051070955e+00,-4.949999999999999956e-01,0.000000000000000000e+00
-1.512355848434925987e+00,-4.949999999999999956e-01,0.000000000000000000e+00
-1.509851729818781019e+00,-4.949999999999999956e-01,0.000000000000000000e+00
-1.507347611202636051e+00,-4.949999999999999956e-01,0.000000000000000000e+00
-1.504843492586491083e+00,-4.949999999999999956e-01,0.000000000000000000e+00
-1.502339373970346115e+00,-4.949999999999999956e-01,0.000000000000000000e+00
-1.499835255354201147e+00,-4.949999999999999956e-01,0.000000000000000000e+00
-1.497331136738056179e+00,-4.949999999999999956e-01,0.000000000000000000e+00
-1.494827018121911211e+00,-4.949999999999999956e-01,0.000000000000000000e+00
-1.492322899505766243e+00,-4.949999999999999956e-01,0.000000000000000000e+00
-1.489818780889621275e+00,-4.949999999999999956e-01,0.000000000000000000e+00
-1.487314662273476085e+00,-4.949999999999999956e-01,0.000000000000000000e+00
-1.484810543657331117e+00,-4.949999999999999956e-01,0.000000000000000000e+00
-1.482306425041186149e+00,-4.949999999999999956e-01,0.000000000000000000e+00
-1.479802306425041181e+00,-4.949999999999999956e-01,0.000000000000000000e+00
-1.477298187808896213e+00,-4.949999999999999956e-01,0.000000000000000000e+00
-1.474794069192751245e+00,-4.949999999999999956e-01,0.000000000000000000e+00
-1.472289950576606277e+00,-4.949999999999999956e-01,0.000000000000000000e+00
-1.469785831960461309e+00,-4.949999999999999956e-01,0.000000000000000000e+00
-1.467281713344316341e+00,-4.949999999999999956e-01,0.000000000000000000e+00
-1.464777594728171373e+00,-4.949999999999999956e-01,0.000000000000000000e+00
-1.462273476112026405e+00,-4.949999999999999956e-01,0.000000000000000000e+00
-1.459769357495881437e+00,-4.949999999999999956e-01,0.000000000000000000e+00
-1.457265238879736469e+00,-4.949999999999999956e-01,0.000000000000000000e+00
-1.454761120263591501e+00,-4.949999999999999956e-01,0.000000000000000000e+00
-1.452257001647446533e+00,-4.949999999999999956e-01,0.000000000000000000e+00
-1.449752883031301565e+00,-4.949999999999999956e-01,0.000000000000000000e+00
-1.447248764415156597e+00,-4.949999999999999956e-01,0.000000000000000000e+00
-1.444744645799011629e+00,-4.949999999999999956e-01,0.000000000000000000e+00
-1.442240527182866661e+00,-4.949999999999999956e-01,0.000000000000000000e+00
-1.439736408566721693e+00,-4.949999999999999956e-01,0.000000000000000000e+00
-1.437232289950576725e+00,-4.949999999999999956e-01,0.000000000000000000e+00
-1.434728171334431757e+00,-4.949999999999999956e-01,0.000000000000000000e+00
-1.432224052718286789e+00,-4.949999999999999956e-01,0.000000000000000000e+00
-1.429719934102141821e+00,-4.949999999999999956e-01,0.000000000000000000e+00
-1.427215815485996853e+00,-4.949999999999999956e-01,0.000000000000000000e+00
-1.424711696869851885e+00,-4.949999999999999956e-01,0.000000000000000000e+00
-1.422207578253706917e+00,-4.949999999999999956e-01,0.000000000000000000e+00
-1.419703459637561949e+00,-4.949999999999999956e-01,0.000000000000000000e+00
-1.417199341021416981e+00,-4.949999999999999956e-01,0.000000000000000000e+00
-1.414695222405272013e+00,-4.949999999999999956e-01,0.000000000000000000e+00
-1.412191103789127045e+00,-4.949999999999999956e-01,0.000000000000000000e+00
-1.409686985172982077e+00,-4.949999999999999956e-01,0.000000000000000000e+00
-1.407182866556837109e+00,-4.949999999999999956e-01,0.000000000000000000e+00
-1.404678747940691919e+00,-4.949999999999999956e-01,0.000000000000000000e+00
-1.402174629324546951e+00,-4.949999999999999956e-01,0.000000000000000000e+00
-1.399670510708401983e+00,-4.949999999999999956e-01,0.000000000000000000e+00
-1.397166392092257015e+00,-4.949999999999999956e-01,0.000000000000000000e+00
-1.394662273476112047e+00,-4.949999999999999956e-01,0.000000000000000000e+00
-1.392158154859967079e+00,-4.949999999999999956e-01,0.000000000000000000e+00
-1.389654036243822111e+00,-4.949999999999999956e-01,0.000000000000000000e+00
-1.387149917627677143e+00,-4.949999999999999956e-01,0.000000000000000000e+00
-1.384645799011532175e+00,-4.949999999999999956e-01,0.000000000000000000e+00
-1.382141680395387207e+00,-4.949999999999999956e-01,0.000000000000000000e+00
-1.379637561779242239e+00,-4.949999999999999956e-01,0.000000000000000000e+00
-1.377133443163097271e+00,-4.949999999999999956e-01,0.000000000000000000e+00
-1.374629324546952303e+00,-4.949999999999999956e-01,0.000000000000000000e+00
-1.372125205930807335e+00,-4.949999999999999956e-01,0.000000000000000000e+00
-1.369621087314662367e+00,-4.949999999999999956e-01,0.000000000000000000e+00
-1.367116968698517399e+00,-4.949999999999999956e-01,0.000000000000000000e+00
-1.364612850082372431e+00,-4.949999999999999956e-01,0.000000000000000000e+00
-1.362108731466227463e+00,-4.949999999999999956e-01,0.000000000000000000e+00
-1.359604612850082495e+00,-4.949999999999999956e-01,0.000000000000000000e+00
-1.357100494233937527e+00,-4.949999999999999956e-01,0.000000000000000000e+00
-1.354596375617792559e+00,-4.949999999999999956e-01,0.000000000000000000e+00
-1.352092257001647591e+00,-4.949999999999999956e-01,0.000000000000000000e+00
-1.349588138385502623e+00,-4.949999999999999956e-01,0.000000000000000000e+00
-1.347084019769357655e+00,-4.949999999999999956e-01,0.000000000000000000e+00
-1.344579901153212464e+00,-4.949999999999999956e-01,0.000000000000000000e+00
-1.342075782537067496e+00,-4.949999999999999956e-01,0.000000000000000000e+00
-1.339571663920922528e+00,-4.949999999999999956e-01,0.000000000000000000e+00
-1.337067545304777560e+00,-4.949999999999999956e-01,0.000000000000000000e+00
-1.334563426688632592e+00,-4.949999999999999956e-01,0.000000000000000000e+00
-1.332059308072487624e+00,-4.949999999999999956e-01,0.000000000000000000e+00
-1.329555189456342656e+00,-4.949999999999999956e-01,0.000000000000000000e+00
-1.327051070840197688e+00,-4.949999999999999956e-01,0.000000000000000000e+00
-1.324546952224052720e+00,-4.949999999999999956e-01,0.000000000000000000e+00
-1.322042833607907752e+00,-4.949999999999999956e-01,0.000000000000000000e+00
-1.319538714991762784e+00,-4.949999999999999956e-01,0.000000000000000000e+00
-1.317034596375617816e+00,-4.949999999999999956e-01,0.000000000000000000e+00
-1.314530477759472848e+00,-4.949999999999999956e-01,0.000000000000000000e+00
-1.312026359143327880e+00,-4.949999999999999956e-01,0.000000000000000000e+00
-1.309522240527182912e+00,-4.949999999999999956e-01,0.000000000000000000e+00
-1.307018121911037944e+00,-4.949999999999999956e-01,0.000000000000000000e+00
-1.304514003294892976e+00,-4.949999999999999956e-01,0.000000000000000000e+00
-1.302009884678748008e+00,-4.949999999999999956e-01,0.000000000000000000e+00
-1.299505766062603040e+00,-4.949999999999999956e-01,0.000000000000000000e+00
-1.297001647446458072e+00,-4.949999999999999956e-01,0.000000000000000000e+00
-1.294497528830313104e+00,-4.949999999999999956e-01,0.000000000000000000e+00
-1.291993410214168136e+00,-4.949999999999999956e-01,0.000000000000000000e+00
-1.289489291598023168e+00,-4.949999999999999956e-01,0.000000000000000000e+00
-1.286985172981878200e+00,-4.949999999999999956e-01,0.000000000000000000e+00
-1.284481054365733232e+00,-4.949999999999999956e-01,0.000000000000000000e+00
-1.281976935749588264e+00,-4.949999999999999956e-01,0.000000000000000000e+00
-1.279472817133443296e+00,-4.949999999999999956e-01,0.000000000000000000e+00
-1.276968698517298328e+00,-4.949999999999999956e-01,0.000000000000000000e+00
-1.274464579901153360e+00,-4.949999999999999956e-01,0.000000000000000000e+00
-1.271960461285008392e+00,-4.949999999999999956e-01,0.000000000000000000e+00
-1.269456342668863424e+00,-4.949999999999999956e-01,0.000000000000000000e+00
-1.266952224052718456e+00,-4.949999999999999956e-01,0.000000000000000000e+00
-1.264448105436573488e+00,-4.949999999999999956e-01,0.000000000000000000e+00
-1.261943986820428520e+00,-4.949999999999999956e-01,0.000000000000000000e+00
-1.259439868204283552e+00,-4.949999999999999956e-01,0.000000000000000000e+00
-1.256935749588138584e+00,-4.949999999999999956e-01,0.000000000000000000e+00
-1.254431630971993616e+00,-4.949999999999999956e-01,0.000000000000000000e+00
-1.251927512355848648e+00,-4.949999999999999956e-01,0.000000000000000000e+00
-1.249423393739703458e+00,-4.949999999999999956e-01,0.000000000000000000e+00
-1.246919275123558490e+00,-4.949999999999999956e-01,0.000000000000000000e+00
-1.244415156507413522e+00,-4.949999999999999956e-01,0.000000000000000000e+00
-1.241911037891268554e+00,-4.949999999999999956e-01,0.000000000000000000e+00
-1.239406919275123586e+00,-4.949999999999999956e-01,0.000000000000000000e+00
-1.236902800658978618e+00,-4.949999999999999956e-01,0.000000000000000000e+00
-1.234398682042833650e+00,-4.949999999999999956e-01,0.000000000000000000e+00
-1.231894563426688682e+00,-4.949999999999999956e-01,0.000000000000000000e+00
-1.229390444810543714e+00,-4.949999999999999956e-01,0.000000000000000000e+00
-1.226886326194398746e+00,-4.949999999999999956e-01,0.000000000000000000e+00
-1.224382207578253778e+00,-4.949999999999999956e-01,0.000000000000000000e+00
-1.221878088962108810e+00,-4.949999999999999956e-01,0.000000000000000000e+00
-1.219373970345963842e+00,-4.949999999999999956e-01,0.000000000000000000e+00
-1.216869851729818874e+00,-4.949999999999999956e-01,0.000000000000000000e+00
-1.214365733113673906e+00,-4.949999999999999956e-01,0.000000000000000000e+00
-1.211861614497528938e+00,-4.949999999999999956e-01,0.000000000000000000e+00
-1.209357495881383970e+00,-4.949999999999999956e-01,0.000000000000000000e+00
-1.206853377265239002e+00,-4.949999999999999956e-01,0.000000000000000000e+00
-1.204349258649094034e+00,-4.949999999999999956e-01,0.000000000000000000e+00
-1.201845140032949066e+00,-4.949999999999999956e-01,0.000000000000000000e+00
-1.199341021416804098e+00,-4.949999999999999956e-01,0.000000000000000000e+00
-1.196836902800659130e+00,-4.949999999999999956e-01,0.000000000000000000e+00
-1.194332784184513940e+00,-4.949999999999999956e-01,0.000000000000000000e+00
-1.191828665568368972e+00,-4.949999999999999956e-01,0.000000000000000000e+00
-1.189324546952224004e+00,-4.949999999999999956e-01,0.000000000000000000e+00
-1.186820428336079036e+00,-4.949999999999999956e-01,0.000000000000000000e+00
-1.184316309719934068e+00,-4.949999999999999956e-01,0.000000000000000000e+00
-1.181812191103789100e+00,-4.949999999999999956e-01,0.000000000000000000e+00
-1.179308072487644132e+00,-4.949999999999999956e-01,0.000000000000000000e+00
-1.176803953871499164e+00,-4.949999999999999956e-01,0.000000000000000000e+00
-1.174299835255354196e+00,-4.949999999999999956e-01,0.000000000000000000e+00
-1.171795716639209228e+00,-4.949999999999999956e-01,0.000000000000000000e+00
-1.169291598023064260e+00,-4.949999999999999956e-01,0.000000000000000000e+00
-1.166787479406919292e+00,-4.949999999999999956e-01,0.000000000000000000e+00
-1.164283360790774324e+00,-4.949999999999999956e-01,0.000000000000000000e+00
-1.161779242174629356e+00,-4.949999999999999956e-01,0.000000000000000000e+00
-1.159275123558484388e+00,-4.949999999999999956e-01,0.000000000000000000e+00
-1.156771004942339420e+00,-4.949999999999999956e-01,0.000000000000000000e+00
-1.154266886326194452e+00,-4.949999999999999956e-01,0.000000000000000000e+00
-1.151762767710049484e+00,-4.949999999999999956e-01,0.000000000000000000e+00
-1.149258649093904516e+00,-4.949999999999999956e-01,0.000000000000000000e+00
-1.146754530477759548e+00,-4.949999999999999956e-01,0.000000000000000000e+00
-1.144250411861614580e+00,-4.949999999999999956e-01,0.000000000000000000e+00
-1.141746293245469612e+00,-4.949999999999999956e-01,0.000000000000000000e+00
-1.139242174629324644e+00,-4.949999999999999956e-01,0.000000000000000000e+00
-1.136738056013179676e+00,-4.949999999999999956e-01,0.000000000000000000e+00
-1.134233937397034708e+00,-4.949999999999999956e-01,0.000000000000000000e+00
-1.131729818780889740e+00,-4.949999999999999956e-01,0.000000000000000000e+00
-1.129225700164744772e+00,-4.949999999999999956e-01,0.000000000000000000e+00
-1.126721581548599804e+00,-4.949999999999999956e-01,0.000000000000000000e+00
-1.124217462932454836e+00,-4.949999999999999956e-01,0.000000000000000000e+00
-1.121713344316309868e+00,-4.949999999999999956e-01,0.000000000000000000e+00
-1.119209225700164900e+00,-4.949999999999999956e-01,0.000000000000000000e+00
-1.116705107084019932e+00,-4.949999999999999956e-01,0.000000000000000000e+00
-1.114200988467874964e+00,-4.949999999999999956e-01,0.000000000000000000e+00
-1.111696869851729996e+00,-4.949999999999999956e-01,0.000000000000000000e+00
-1.109192751235585028e+00,-4.949999999999999956e-01,0.000000000000000000e+00
-1.106688632619440060e+00,-4.949999999999999956e-01,0.000000000000000000e+00
-1.104184514003295092e+00,-4.949999999999999956e-01,0.000000000000000000e+00
-1.101680395387150124e+00,-4.949999999999999956e-01,0.000000000000000000e+00
-1.099176276771005156e+00,-4.949999999999999956e-01,0.000000000000000000e+00
-1.096672158154860188e+00,-4.949999999999999956e-01,0.000000000000000000e+00
-1.094168039538715220e+00,-4.949999999999999956e-01,0.000000000000000000e+00
-1.091663920922570252e+00,-4.949999999999999956e-01,0.000000000000000000e+00
-1.089159802306425062e+00,-4.949999999999999956e-01,0.000000000000000000e+00
-1.086655683690280094e+00,-4.949999999999999956e-01,0.000000000000000000e+00
-1.084151565074135126e+00,-4.949999999999999956e-01,0.000000000000000000e+00
-1.081647446457990158e+00,-4.949999999999999956e-01,0.000000000000000000e+00
-1.079143327841845190e+00,-4.949999999999999956e-01,0.000000000000000000e+00
-1.076639209225700222e+00,-4.949999999999999956e-01,0.000000000000000000e+00
-1.074135090609555254e+00,-4.949999999999999956e-01,0.000000000000000000e+00
-1.071630971993410286e+00,-4.949999999999999956e-01,0.000000000000000000e+00
-1.069126853377265318e+00,-4.949999999999999956e-01,0.000000000000000000e+00
-1.066622734761120350e+00,-4.949999999999999956e-01,0.000000000000000000e+00
-1.064118616144975382e+00,-4.949999999999999956e-01,0.000000000000000000e+00
-1.061614497528830414e+00,-4.949999999999999956e-01,0.000000000000000000e+00
-1.059110378912685446e+00,-4.949999999999999956e-01,0.000000000000000000e+00
-1.056606260296540478e+00,-4.949999999999999956e-01,0.000000000000000000e+00
-1.054102141680395510e+00,-4.949999999999999956e-01,0.000000000000000000e+00
-1.051598023064250320e+00,-4.949999999999999956e-01,0.000000000000000000e+00
-1.049093904448105352e+00,-4.949999999999999956e-01,0.000000000000000000e+00
-1.046589785831960384e+00,-4.949999999999999956e-01,0.000000000000000000e+00
-1.044085667215815416e+00,-4.949999999999999956e-01,0.000000000000000000e+00
-1.041581548599670448e+00,-4.949999999999999956e-01,0.000000000000000000e+00
-1.039077429983525480e+00,-4.949999999999999956e-01,0.000000000000000000e+00
-1.036573311367380512e+00,-4.949999999999999956e-01,0.000000000000000000e+00
-1.034069192751235544e+00,-4.949999999999999956e-01,0.000000000000000000e+00
-1.031565074135090576e+00,-4.949999999999999956e-01,0.000000000000000000e+00
-1.029060955518945608e+00,-4.949999999999999956e-01,0.000000000000000000e+00
-1.026556836902800640e+00,-4.949999999999999956e-01,0.000000000000000000e+00
-1.024052718286655672e+00,-4.949999999999999956e-01,0.000000000000000000e+00
-1.021548599670510704e+00,-4.949999999999999956e-01,0.000000000000000000e+00
-1.019044481054365736e+00,-4.949999999999999956e-01,0.000000000000000000e+00
-1.016540362438220768e+00,-4.949999999999999956e-01,0.000000000000000000e+00
-1.014036243822075800e+00,-4.949999999999999956e-01,0.000000000000000000e+00
-1.011532125205930832e+00,-4.949999999999999956e-01,0.000000000000000000e+00
-1.009028006589785864e+00,-4.949999999999999956e-01,0.000000000000000000e+00
-1.006523887973640896e+00,-4.949999999999999956e-01,0.000000000000000000e+00
-1.004019769357495928e+00,-4.949999999999999956e-01,0.000000000000000000e+00
-1.001515650741350960e+00,-4.949999999999999956e-01,0.000000000000000000e+00
-9.990115321252059921e-01,-4.949999999999999956e-01,0.000000000000000000e+00
-9.965074135090610241e-01,-4.949999999999999956e-01,0.000000000000000000e+00
-9.940032948929160561e-01,-4.949999999999999956e-01,0.000000000000000000e+00
-9.914991762767710881e-01,-4.949999999999999956e-01,0.000000000000000000e+00
-9.889950576606261201e-01,-4.949999999999999956e-01,0.000000000000000000e+00
-9.864909390444811521e-01,-4.949999999999999956e-01,0.000000000000000000e+00
-9.839868204283361841e-01,-4.949999999999999956e-01,0.000000000000000000e+00
-9.814827018121912161e-01,-4.949999999999999956e-01,0.000000000000000000e+00
-9.789785831960462481e-01,-4.949999999999999956e-01,0.000000000000000000e+00
-9.764744645799011691e-01,-4.949999999999999956e-01,0.000000000000000000e+00
-9.739703459637562011e-01,-4.949999999999999956e-01,0.000000000000000000e+00
-9.714662273476112331e-01,-4.949999999999999956e-01,0.000000000000000000e+00
-9.689621087314662651e-01,-4.949999999999999956e-01,0.000000000000000000e+00
-9.664579901153212971e-01,-4.949999999999999956e-01,0.000000000000000000e+00
-9.639538714991763291e-01,-4.949999999999999956e-01,0.000000000000000000e+00
-9.614497528830313611e-01,-4.949999999999999956e-01,0.000000000000000000e+00
-9.589456342668863931e-01,-4.949999999999999956e-01,0.000000000000000000e+00
-9.564415156507414251e-01,-4.949999999999999956e-01,0.000000000000000000e+00
-9.539373970345964571e-01,-4.949999999999999956e-01,0.000000000000000000e+00
-9.514332784184514891e-01,-4.949999999999999956e-01,0.000000000000000000e+00
-9.489291598023065211e-01,-4.949999999999999956e-01,0.000000000000000000e+00
-9.464250411861615531e-01,-4.949999999999999956e-01,0.000000000000000000e+00
-9.439209225700165851e-01,-4.949999999999999956e-01,0.000000000000000000e+00
-9.414168039538716171e-01,-4.949999999999999956e-01,0.000000000000000000e+00
-9.389126853377265380e-01,-4.949999999999999956e-01,0.000000000000000000e+00
-9.364085667215815700e-01,-4.949999999999999956e-01,0.000000000000000000e+00
-9.339044481054366020e-01,-4.949999999999999956e-01,0.000000000000000000e+00
-9.314003294892916340e-01,-4.949999999999999956e-01,0.000000000000000000e+00
-9.288962108731466660e-01,-4.949999999999999956e-01,0.000000000000000000e+00
-9.263920922570016980e-01,-4.949999999999999956e-01,0.000000000000000000e+00
-9.238879736408567300e-01,-4.949999999999999956e-01,0.000000000000000000e+00
-9.213838550247117620e-01,-4.949999999999999956e-01,0.000000000000000000e+00
-9.188797364085667940e-01,-4.949999999999999956e-01,0.000000000000000000e+00
-9.163756177924218260e-01,-4.949999999999999956e-01,0.000000000000000000e+00
-9.138714991762768580e-01,-4.949999999999999956e-01,0.000000000000000000e+00
-9.113673805601318900e-01,-4.949999999999999956e-01,0.000000000000000000e+00
-9.088632619439869220e-01,-4.949999999999999956e-01,0.000000000000000000e+00
-9.063591433278419540e-01,-4.949999999999999956e-01,0.000000000000000000e+00
-9.038550247116969860e-01,-4.949999999999999956e-01,0.000000000000000000e+00
-9.013509060955519070e-01,-4.949999999999999956e-01,0.000000000000000000e+00
-8.988467874794069390e-01,-4.949999999999999956e-01,0.000000000000000000e+00
-8.963426688632619710e-01,-4.949999999999999956e-01,0.000000000000000000e+00
-8.938385502471170030e-01,-4.949999999999999956e-01,0.000000000000000000e+00
-8.913344316309720350e-01,-4.949999999999999956e-01,0.000000000000000000e+00
-8.888303130148270670e-01,-4.949999999999999956e-01,0.000000000000000000e+00
-8.863261943986820990e-01,-4.949999999999999956e-01,0.000000000000000000e+00
-8.838220757825371310e-01,-4.949999999999999956e-01,0.000000000000000000e+00
-8.813179571663921630e-01,-4.949999999999999956e-01,0.000000000000000000e+00
-8.788138385502471950e-01,-4.949999999999999956e-01,0.000000000000000000e+00
-8.763097199341022270e-01,-4.949999999999999956e-01,0.000000000000000000e+00
-8.738056013179572590e-01,-4.949999999999999956e-01,0.000000000000000000e+00
-8.713014827018122910e-01,-4.949999999999999956e-01,0.000000000000000000e+00
-8.687973640856673230e-01,-4.949999999999999956e-01,0.000000000000000000e+00
-8.662932454695223550e-01,-4.949999999999999956e-01,0.000000000000000000e+00
-8.637891268533772759e-01,-4.949999999999999956e-01,0.000000000000000000e+00
-8.612850082372323079e-01,-4.949999999999999956e-01,0.000000000000000000e+00
-8.587808896210873399e-01,-4.949999999999999956e-01,0.000000000000000000e+00
-8.562767710049423719e-01,-4.949999999999999956e-01,0.000000000000000000e+00
-8.537726523887974039e-01,-4.949999999999999956e-01,0.000000000000000000e+00
-8.512685337726524359e-01,-4.949999999999999956e-01,0.000000000000000000e+00
-8.487644151565074679e-01,-4.949999999999999956e-01,0.000000000000000000e+00
-8.462602965403624999e-01,-4.949999999999999956e-01,0.000000000000000000e+00
-8.437561779242175319e-01,-4.949999999999999956e-01,0.000000000000000000e+00
-8.412520593080725639e-01,-4.949999999999999956e-01,0.000000000000000000e+00
-8.387479406919275959e-01,-4.949999999999999956e-01,0.000000000000000000e+00
-8.362438220757826279e-01,-4.949999999999999956e-01,0.000000000000000000e+00
-8.337397034596376599e-01,-4.949999999999999956e-01,0.000000000000000000e+00
-8.312355848434926919e-01,-4.949999999999999956e-01,0.000000000000000000e+00
-8.287314662273477239e-01,-4.949999999999999956e-01,0.000000000000000000e+00
-8.262273476112026449e-01,-4.949999999999999956e-01,0.000000000000000000e+00
-8.237232289950576769e-01,-4.949999999999999956e-01,0.000000000000000000e+00
-8.212191103789127089e-01,-4.949999999999999956e-01,0.000000000000000000e+00
-8.187149917627677409e-01,-4.949999999999999956e-01,0.000000000000000000e+00
-8.162108731466227729e-01,-4.949999999999999956e-01,0.000000000000000000e+00
-8.137067545304778049e-01,-4.949999999999999956e-01,0.000000000000000000e+00
-8.112026359143328369e-01,-4.949999999999999956e-01,0.000000000000000000e+00
-8.086985172981878689e-01,-4.949999999999999956e-01,0.000000000000000000e+00
-8.061943986820429009e-01,-4.949999999999999956e-01,0.000000000000000000e+00
-8.036902800658979329e-01,-4.949999999999999956e-01,0.000000000000000000e+00
-8.011861614497529649e-01,-4.949999999999999956e-01,0.000000000000000000e+00
-7.986820428336079969e-01,-4.949999999999999956e-01,0.000000000000000000e+00
-7.961779242174630289e-01,-4.949999999999999956e-01,0.000000000000000000e+00
-7.936738056013180609e-01,-4.949999999999999956e-01,0.000000000000000000e+00
-7.911696869851730929e-01,-4.949999999999999956e-01,0.000000000000000000e+00
-7.886655683690280139e-01,-4.949999999999999956e-01,0.000000000000000000e+00
-7.861614497528830459e-01,-4.949999999999999956e-01,0.000000000000000000e+00
-7.836573311367380779e-01,-4.949999999999999956e-01,0.000000000000000000e+00
-7.811532125205931099e-01,-4.949999999999999956e-01,0.000000000000000000e+00
-7.786490939044481419e-01,-4.949999999999999956e-01,0.000000000000000000e+00
-7.761449752883031739e-01,-4.949999999999999956e-01,0.000000000000000000e+00
-7.736408566721582059e-01,-4.949999999999999956e-01,0.000000000000000000e+00
-7.711367380560132379e-01,-4.949999999999999956e-01,0.000000000000000000e+00
-7.686326194398682699e-01,-4.949999999999999956e-01,0.000000000000000000e+00
-7.661285008237233018e-01,-4.949999999999999956e-01,0.000000000000000000e+00
-7.636243822075783338e-01,-4.949999999999999956e-01,0.000000000000000000e+00
-7.611202635914333658e-01,-4.949999999999999956e-01,0.000000000000000000e+00
-7.586161449752883978e-01,-4.949999999999999956e-01,0.000000000000000000e+00
-7.561120263591434298e-01,-4.949999999999999956e-01,0.000000000000000000e+00
-7.536079077429984618e-01,-4.949999999999999956e-01,0.000000000000000000e+00
-7.511037891268533828e-01,-4.949999999999999956e-01,0.000000000000000000e+00
-7.485996705107084148e-01,-4.949999999999999956e-01,0.000000000000000000e+00
-7.460955518945634468e-01,-4.949999999999999956e-01,0.000000000000000000e+00
-7.435914332784184788e-01,-4.949999999999999956e-01,0.000000000000000000e+00
-7.410873146622735108e-01,-4.949999999999999956e-01,0.000000000000000000e+00
-7.385831960461285428e-01,-4.949999999999999956e-01,0.000000000000000000e+00
-7.360790774299835748e-01,-4.949999999999999956e-01,0.000000000000000000e+00
-7.335749588138386068e-01,-4.949999999999999956e-01,0.000000000000000000e+00
-7.310708401976936388e-01,-4.949999999999999956e-01,0.000000000000000000e+00
-7.285667215815486708e-01,-4.949999999999999956e-01,0.000000000000000000e+00
-7.260626029654037028e-01,-4.949999999999999956e-01,0.000000000000000000e+00
-7.235584843492587348e-01,-4.949999999999999956e-01,0.000000000000000000e+00
-7.210543657331137668e-01,-4.949999999999999956e-01,0.000000000000000000e+00
-7.185502471169687988e-01,-4.949999999999999956e-01,0.000000000000000000e+00
-7.160461285008238308e-01,-4.949999999999999956e-01,0.000000000000000000e+00
-7.135420098846787518e-01,-4.949999999999999956e-01,0.000000000000000000e+00
-7.110378912685337838e-01,-4.949999999999999956e-01,0.000000000000000000e+00
-7.085337726523888158e-01,-4.949999999999999956e-01,0.000000000000000000e+00
-7.060296540362438478e-01,-4.949999999999999956e-01,0.000000000000000000e+00
-7.035255354200988798e-01,-4.949999999999999956e-01,0.000000000000000000e+00
-7.010214168039539118e-01,-4.949999999999999956e-01,0.000000000000000000e+00
-6.985172981878089438e-01,-4.949999999999999956e-01,0.000000000000000000e+00
-6.960131795716639758e-01,-4.949999999999999956e-01,0.000000000000000000e+00
-6.935090609555190078e-01,-4.949999999999999956e-01,0.000000000000000000e+00
-6.910049423393740398e-01,-4.949999999999999956e-01,0.000000000000000000e+00
-6.885008237232290718e-01,-4.949999999999999956e-01,0.000000000000000000e+00
-6.859967051070841038e-01,-4.949999999999999956e-01,0.000000000000000000e+00
-6.834925864909391358e-01,-4.949999999999999956e-01,0.000000000000000000e+00
-6.809884678747941678e-01,-4.949999999999999956e-01,0.000000000000000000e+00
-6.784843492586491998e-01,-4.949999999999999956e-01,0.000000000000000000e+00
-6.759802306425041207e-01,-4.949999999999999956e-01,0.000000000000000000e+00
-6.734761120263591527e-01,-4.949999999999999956e-01,0.000000000000000000e+00
-6.709719934102141847e-01,-4.949999999999999956e-01,0.000000000000000000e+00
-6.684678747940692167e-01,-4.949999999999999956e-01,0.000000000000000000e+00
-6.659637561779242487e-01,-4.949999999999999956e-01,0.000000000000000000e+00
-6.634596375617792807e-01,-4.949999999999999956e-01,0.000000000000000000e+00
-6.609555189456343127e-01,-4.949999999999999956e-01,0.000000000000000000e+00
-6.584514003294893447e-01,-4.949999999999999956e-01,0.000000000000000000e+00
-6.559472817133443767e-01,-4.949999999999999956e-01,0.000000000000000000e+00
-6.534431630971994087e-01,-4.949999999999999956e-01,0.000000000000000000e+00
-6.509390444810544407e-01,-4.949999999999999956e-01,0.000000000000000000e+00
-6.484349258649094727e-01,-4.949999999999999956e-01,0.000000000000000000e+00
-6.459308072487645047e-01,-4.949999999999999956e-01,0.000000000000000000e+00
-6.434266886326195367e-01,-4.949999999999999956e-01,0.000000000000000000e+00
-6.409225700164745687e-01,-4.949999999999999956e-01,0.000000000000000000e+00
-6.384184514003294897e-01,-4.949999999999999956e-01,0.000000000000000000e+00
-6.359143327841845217e-01,-4.949999999999999956e-01,0.000000000000000000e+00
-6.334102141680395537e-01,-4.949999999999999956e-01,0.000000000000000000e+00
-6.309060955518945857e-01,-4.949999999999999956e-01,0.000000000000000000e+00
-6.284019769357496177e-01,-4.949999999999999956e-01,0.000000000000000000e+00
-6.258978583196046497e-01,-4.949999999999999956e-01,0.000000000000000000e+00
-6.233937397034596817e-01,-4.949999999999999956e-01,0.000000000000000000e+00
-6.208896210873147137e-01,-4.949999999999999956e-01,0.000000000000000000e+00
-6.183855024711697457e-01,-4.949999999999999956e-01,0.000000000000000000e+00
-6.158813838550247777e-01,-4.949999999999999956e-01,0.000000000000000000e+00
-6.133772652388798097e-01,-4.949999999999999956e-01,0.000000000000000000e+00
-6.108731466227348417e-01,-4.949999999999999956e-01,0.000000000000000000e+00
-6.083690280065898737e-01,-4.949999999999999956e-01,0.000000000000000000e+00
-6.058649093904449057e-01,-4.949999999999999956e-01,0.000000000000000000e+00
-6.033607907742999377e-01,-4.949999999999999956e-01,0.000000000000000000e+00
-6.008566721581549697e-01,-4.949999999999999956e-01,0.000000000000000000e+00
-5.983525535420100017e-01,-4.949999999999999956e-01,0.000000000000000000e+00
-5.958484349258650337e-01,-4.949999999999999956e-01,0.000000000000000000e+00
-5.933443163097200657e-01,-4.949999999999999956e-01,0.000000000000000000e+00
-5.908401976935750977e-01,-4.949999999999999956e-01,0.000000000000000000e+00
-5.883360790774301297e-01,-4.949999999999999956e-01,0.000000000000000000e+00
-5.858319604612851617e-01,-4.949999999999999956e-01,0.000000000000000000e+00
-5.833278418451401937e-01,-4.949999999999999956e-01,0.000000000000000000e+00
-5.808237232289950036e-01,-4.949999999999999956e-01,0.000000000000000000e+00
-5.783196046128500356e-01,-4.949999999999999956e-01,0.000000000000000000e+00
-5.758154859967050676e-01,-4.949999999999999956e-01,0.000000000000000000e+00
-5.733113673805600996e-01,-4.949999999999999956e-01,0.000000000000000000e+00
-5.708072487644151316e-01,-4.949999999999999956e-01,0.000000000000000000e+00
-5.683031301482701636e-01,-4.949999999999999956e-01,0.000000000000000000e+00
-5.657990115321251956e-01,-4.949999999999999956e-01,0.000000000000000000e+00
-5.632948929159802276e-01,-4.949999999999999956e-01,0.000000000000000000e+00
-5.607907742998352596e-01,-4.949999999999999956e-01,0.000000000000000000e+00
-5.582866556836902916e-01,-4.949999999999999956e-01,0.000000000000000000e+00
-5.557825370675453236e-01,-4.949999999999999956e-01,0.000000000000000000e+00
-5.532784184514003556e-01,-4.949999999999999956e-01,0.000000000000000000e+00
-5.507742998352553876e-01,-4.949999999999999956e-01,0.000000000000000000e+00
-5.482701812191104196e-01,-4.949999999999999956e-01,0.000000000000000000e+00
-5.457660626029654516e-01,-4.949999999999999956e-01,0.000000000000000000e+00
-5.432619439868204836e-01,-4.949999999999999956e-01,0.000000000000000000e+00
-5.407578253706755156e-01,-4.949999999999999956e-01,0.000000000000000000e+00
-5.382537067545305476e-01,-4.949999999999999956e-01,0.000000000000000000e+00
-5.357495881383855796e-01,-4.949999999999999956e-01,0.000000000000000000e+00
-5.332454695222406116e-01,-4.949999999999999956e-01,0.000000000000000000e+00
-5.307413509060956436e-01,-4.949999999999999956e-01,0.000000000000000000e+00
-5.282372322899506756e-01,-4.949999999999999956e-01,0.000000000000000000e+00
-5.257331136738057076e-01,-4.949999999999999956e-01,0.000000000000000000e+00
-5.232289950576607396e-01,-4.949999999999999956e-01,0.000000000000000000e+00
-5.207248764415157716e-01,-4.949999999999999956e-01,0.000000000000000000e+00
-5.182207578253708036e-01,-4.949999999999999956e-01,0.000000000000000000e+00
-5.157166392092258356e-01,-4.949999999999999956e-01,0.000000000000000000e+00
-5.132125205930808676e-01,-4.949999999999999956e-01,0.000000000000000000e+00
-5.107084019769358996e-01,-4.949999999999999956e-01,0.000000000000000000e+00
-5.082042833607909316e-01,-4.949999999999999956e-01,0.000000000000000000e+00
-5.057001647446457415e-01,-4.949999999999999956e-01,0.000000000000000000e+00
-5.031960461285007735e-01,-4.949999999999999956e-01,0.000000000000000000e+00
-5.006919275123558055e-01,-4.949999999999999956e-01,0.000000000000000000e+00
-4.981878088962108375e-01,-4.949999999999999956e-01,0.000000000000000000e+00
-4.956836902800658695e-01,-4.949999999999999956e-01,0.000000000000000000e+00
-4.931795716639209015e-01,-4.949999999999999956e-01,0.000000000000000000e+00
-4.906754530477759335e-01,-4.949999999999999956e-01,0.000000000000000000e+00
-4.881713344316309655e-01,-4.949999999999999956e-01,0.000000000000000000e+00
-4.856672158154859975e-01,-4.949999999999999956e-01,0.000000000000000000e+00
-4.831630971993410295e-01,-4.949999999999999956e-01,0.000000000000000000e+00
-4.806589785831960615e-01,-4.949999999999999956e-01,0.000000000000000000e+00
-4.781548599670510935e-01,-4.949999999999999956e-01,0.000000000000000000e+00
-4.756507413509061255e-01,-4.949999999999999956e-01,0.000000000000000000e+00
-4.731466227347611575e-01,-4.949999999999999956e-01,0.000000000000000000e+00
-4.706425041186161895e-01,-4.949999999999999956e-01,0.000000000000000000e+00
-4.681383855024712215e-01,-4.949999999999999956e-01,0.000000000000000000e+00
-4.656342668863262535e-01,-4.949999999999999956e-01,0.000000000000000000e+00
-4.631301482701812855e-01,-4.949999999999999956e-01,0.000000000000000000e+00
-4.606260296540363175e-01,-4.949999999999999956e-01,0.000000000000000000e+00
-4.581219110378913495e-01,-4.949999999999999956e-01,0.000000000000000000e+00
-4.556177924217463815e-01,-4.949999999999999956e-01,0.000000000000000000e+00
-4.531136738056014135e-01,-4.949999999999999956e-01,0.000000000000000000e+00
-4.506095551894564455e-01,-4.949999999999999956e-01,0.000000000000000000e+00
-4.481054365733114775e-01,-4.949999999999999956e-01,0.000000000000000000e+00
-4.456013179571665095e-01,-4.949999999999999956e-01,0.000000000000000000e+00
-4.430971993410215415e-01,-4.949999999999999956e-01,0.000000000000000000e+00
-4.405930807248765735e-01,-4.949999999999999956e-01,0.000000000000000000e+00
-4.380889621087316055e-01,-4.949999999999999956e-01,0.000000000000000000e+00
-4.355848434925866375e-01,-4.949999999999999956e-01,0.000000000000000000e+00
-4.330807248764416695e-01,-4.949999999999999956e-01,0.000000000000000000e+00
-4.305766062602964794e-01,-4.949999999999999956e-01,0.000000000000000000e+00
-4.280724876441515114e-01,-4.949999999999999956e-01,0.000000000000000000e+00
-4.255683690280065434e-01,-4.949999999999999956e-01,0.000000000000000000e+00
-4.230642504118615754e-01,-4.949999999999999956e-01,0.000000000000000000e+00
-4.205601317957166074e-01,-4.949999999999999956e-01,0.000000000000000000e+00
-4.180560131795716394e-01,-4.949999999999999956e-01,0.000000000000000000e+00
-4.155518945634266714e-01,-4.949999999999999956e-01,0.000000000000000000e+00
-4.130477759472817034e-01,-4.949999999999999956e-01,0.000000000000000000e+00
-4.105436573311367354e-01,-4.949999999999999956e-01,0.000000000000000000e+00
-4.080395387149917674e-01,-4.949999999999999956e-01,0.000000000000000000e+00
-4.055354200988467994e-01,-4.949999999999999956e-01,0.000000000000000000e+00
-4.030313014827018314e-01,-4.949999999999999956e-01,0.000000000000000000e+00
-4.005271828665568634e-01,-4.949999999999999956e-01,0.000000000000000000e+00
-3.980230642504118954e-01,-4.949999999999999956e-01,0.000000000000000000e+00
-3.955189456342669274e-01,-4.949999999999999956e-01,0.000000000000000000e+00
-3.930148270181219594e-01,-4.949999999999999956e-01,0.000000000000000000e+00
-3.905107084019769914e-01,-4.949999999999999956e-01,0.000000000000000000e+00
-3.880065897858320234e-01,-4.949999999999999956e-01,0.000000000000000000e+00
-3.855024711696870554e-01,-4.949999999999999956e-01,0.000000000000000000e+00
-3.829983525535420874e-01,-4.949999999999999956e-01,0.000000000000000000e+00
-3.804942339373971194e-01,-4.949999999999999956e-01,0.000000000000000000e+00
-3.779901153212521514e-01,-4.949999999999999956e-01,0.000000000000000000e+00
-3.754859967051071834e-01,-4.949999999999999956e-01,0.000000000000000000e+00
-3.729818780889622154e-01,-4.949999999999999956e-01,0.000000000000000000e+00
-3.704777594728172474e-01,-4.949999999999999956e-01,0.000000000000000000e+00
-3.679736408566722794e-01,-4.949999999999999956e-01,0.000000000000000000e+00
-3.654695222405273114e-01,-4.949999999999999956e-01,0.000000000000000000e+00
-3.629654036243823434e-01,-4.949999999999999956e-01,0.000000000000000000e+00
-3.604612850082373754e-01,-4.949999999999999956e-01,0.000000000000000000e+00
-3.579571663920924074e-01,-4.949999999999999956e-01,0.000000000000000000e+00
-3.554530477759472173e-01,-4.949999999999999956e-01,0.000000000000000000e+00
-3.529489291598022493e-01,-4.949999999999999956e-01,0.000000000000000000e+00
-3.504448105436572813e-01,-4.949999999999999956e-01,0.000000000000000000e+00
-3.479406919275123133e-01,-4.949999999999999956e-01,0.000000000000000000e+00
-3.454365733113673453e-01,-4.949999999999999956e-01,0.000000000000000000e+00
-3.429324546952223773e-01,-4.949999999999999956e-01,0.000000000000000000e+00
-3.404283360790774093e-01,-4.949999999999999956e-01,0.000000000000000000e+00
-3.379242174629324413e-01,-4.949999999999999956e-01,0.000000000000000000e+00
-3.354200988467874733e-01,-4.949999999999999956e-01,0.000000000000000000e+00
-3.329159802306425053e-01,-4.949999999999999956e-01,0.000000000000000000e+00
-3.304118616144975373e-01,-4.949999999999999956e-01,0.000000000000000000e+00
-3.279077429983525693e-01,-4.949999999999999956e-01,0.000000000000000000e+00
-3.254036243822076013e-01,-4.949999999999999956e-01,0.000000000000000000e+00
-3.228995057660626333e-01,-4.949999999999999956e-01,0.000000000000000000e+00
-3.203953871499176653e-01,-4.949999999999999956e-01,0.000000000000000000e+00
-3.178912685337726973e-01,-4.949999999999999956e-01,0.000000000000000000e+00
-3.153871499176277293e-01,-4.949999999999999956e-01,0.000000000000000000e+00
-3.128830313014827613e-01,-4.949999999999999956e-01,0.000000000000000000e+00
-3.103789126853377933e-01,-4.949999999999999956e-01,0.000000000000000000e+00
-3.078747940691928253e-01,-4.949999999999999956e-01,0.000000000000000000e+00
-3.053706754530478573e-01,-4.949999999999999956e-01,0.000000000000000000e+00
-3.028665568369028893e-01,-4.949999999999999956e-01,0.000000000000000000e+00
-3.003624382207579213e-01,-4.949999999999999956e-01,0.000000000000000000e+00
-2.978583196046129533e-01,-4.949999999999999956e-01,0.000000000000000000e+00
-2.953542009884679853e-01,-4.949999999999999956e-01,0.000000000000000000e+00
-2.928500823723230173e-01,-4.949999999999999956e-01,0.000000000000000000e+00
-2.903459637561780493e-01,-4.949999999999999956e-01,0.000000000000000000e+00
-2.878418451400330813e-01,-4.949999999999999956e-01,0.000000000000000000e+00
-2.853377265238881133e-01,-4.949999999999999956e-01,0.000000000000000000e+00
-2.828336079077431453e-01,-4.949999999999999956e-01,0.000000000000000000e+00
-2.803294892915981773e-01,-4.949999999999999956e-01,0.000000000000000000e+00
-2.778253706754529873e-01,-4.949999999999999956e-01,0.000000000000000000e+00
-2.753212520593080193e-01,-4.949999999999999956e-01,0.000000000000000000e+00
-2.728171334431630513e-01,-4.949999999999999956e-01,0.000000000000000000e+00
-2.703130148270180833e-01,-4.949999999999999956e-01,0.000000000000000000e+00
-2.678088962108731153e-01,-4.949999999999999956e-01,0.000000000000000000e+00
-2.653047775947281472e-01,-4.949999999999999956e-01,0.000000000000000000e+00
-2.628006589785831792e-01,-4.949999999999999956e-01,0.000000000000000000e+00
-2.602965403624382112e-01,-4.949999999999999956e-01,0.000000000000000000e+00
-2.577924217462932432e-01,-4.949999999999999956e-01,0.000000000000000000e+00
-2.552883031301482752e-01,-4.949999999999999956e-01,0.000000000000000000e+00
-2.527841845140033072e-01,-4.949999999999999956e-01,0.000000000000000000e+00
-2.502800658978583392e-01,-4.949999999999999956e-01,0.000000000000000000e+00
-2.477759472817133712e-01,-4.949999999999999956e-01,0.000000000000000000e+00
-2.452718286655684032e-01,-4.949999999999999956e-01,0.000000000000000000e+00
-2.427677100494234352e-01,-4.949999999999999956e-01,0.000000000000000000e+00
-2.402635914332784672e-01,-4.949999999999999956e-01,0.000000000000000000e+00
-2.377594728171334992e-01,-4.949999999999999956e-01,0.000000000000000000e+00
-2.352553542009885312e-01,-4.949999999999999956e-01,0.000000000000000000e+00
-2.327512355848435632e-01,-4.949999999999999956e-01,0.000000000000000000e+00
-2.302471169686985952e-01,-4.949999999999999956e-01,0.000000000000000000e+00
-2.277429983525536272e-01,-4.949999999999999956e-01,0.000000000000000000e+00
-2.252388797364086592e-01,-4.949999999999999956e-01,0.000000000000000000e+00
-2.227347611202636912e-01,-4.949999999999999956e-01,0.000000000000000000e+00
-2.202306425041187232e-01,-4.949999999999999956e-01,0.000000000000000000e+00
-2.177265238879737552e-01,-4.949999999999999956e-01,0.000000000000000000e+00
-2.152224052718287872e-01,-4.949999999999999956e-01,0.000000000000000000e+00
-2.127182866556838192e-01,-4.949999999999999956e-01,0.000000000000000000e+00
-2.102141680395388512e-01,-4.949999999999999956e-01,0.000000000000000000e+00
-2.077100494233938832e-01,-4.949999999999999956e-01,0.000000000000000000e+00
-2.052059308072489152e-01,-4.949999999999999956e-01,0.000000000000000000e+00
-2.027018121911037252e-01,-4.949999999999999956e-01,0.000000000000000000e+00
-2.001976935749587572e-01,-4.949999999999999956e-01,0.000000000000000000e+00
-1.976935749588137892e-01,-4.949999999999999956e-01,0.000000000000000000e+00
-1.951894563426688212e-01,-4.949999999999999956e-01,0.000000000000000000e+00
-1.926853377265238532e-01,-4.949999999999999956e-01,0.000000000000000000e+00
-1.901812191103788852e-01,-4.949999999999999956e-01,0.000000000000000000e+00
-1.876771004942339172e-01,-4.949999999999999956e-01,0.000000000000000000e+00
-1.851729818780889492e-01,-4.949999999999999956e-01,0.000000000000000000e+00
-1.826688632619439812e-01,-4.949999999999999956e-01,0.000000000000000000e+00
-1.801647446457990132e-01,-4.949999999999999956e-01,0.000000000000000000e+00
-1.776606260296540452e-01,-4.949999999999999956e-01,0.000000000000000000e+00
-1.751565074135090772e-01,-4.949999999999999956e-01,0.000000000000000000e+00
-1.726523887973641092e-01,-4.949999999999999956e-01,0.000000000000000000e+00
-1.701482701812191412e-01,-4.949999999999999956e-01,0.000000000000000000e+00
-1.676441515650741731e-01,-4.949999999999999956e-01,0.000000000000000000e+00
-1.651400329489292051e-01,-4.949999999999999956e-01,0.000000000000000000e+00
-1.626359143327842371e-01,-4.949999999999999956e-01,0.000000000000000000e+00
-1.601317957166392691e-01,-4.949999999999999956e-01,0.000000000000000000e+00
-1.576276771004943011e-01,-4.949999999999999956e-01,0.000000000000000000e+00
-1.551235584843493331e-01,-4.949999999999999956e-01,0.000000000000000000e+00
-1.526194398682043651e-01,-4.949999999999999956e-01,0.000000000000000000e+00
-1.501153212520593971e-01,-4.949999999999999956e-01,0.000000000000000000e+00
-1.476112026359144291e-01,-4.949999999999999956e-01,0.000000000000000000e+00
-1.451070840197694611e-01,-4.949999999999999956e-01,0.000000000000000000e+00
-1.426029654036244931e-01,-4.949999999999999956e-01,0.000000000000000000e+00
-1.400988467874795251e-01,-4.949999999999999956e-01,0.000000000000000000e+00
-1.375947281713345571e-01,-4.949999999999999956e-01,0.000000000000000000e+00
-1.350906095551895891e-01,-4.949999999999999956e-01,0.000000000000000000e+00
-1.325864909390446211e-01,-4.949999999999999956e-01,0.000000000000000000e+00
-1.300823723228996531e-01,-4.949999999999999956e-01,0.000000000000000000e+00
-1.275782537067544631e-01,-4.949999999999999956e-01,0.000000000000000000e+00
-1.250741350906094951e-01,-4.949999999999999956e-01,0.000000000000000000e+00
-1.225700164744645271e-01,-4.949999999999999956e-01,0.000000000000000000e+00
-1.200658978583195591e-01,-4.949999999999999956e-01,0.000000000000000000e+00
-1.175617792421745911e-01,-4.949999999999999956e-01,0.000000000000000000e+00
-1.150576606260296231e-01,-4.949999999999999956e-01,0.000000000000000000e+00
-1.125535420098846551e-01,-4.949999999999999956e-01,0.000000000000000000e+00
-1.100494233937396871e-01,-4.949999999999999956e-01,0.000000000000000000e+00
-1.075453047775947191e-01,-4.949999999999999956e-01,0.000000000000000000e+00
-1.050411861614497511e-01,-4.949999999999999956e-01,0.000000000000000000e+00
-1.025370675453047831e-01,-4.949999999999999956e-01,0.000000000000000000e+00
-1.000329489291598151e-01,-4.949999999999999956e-01,0.000000000000000000e+00
-9.752883031301484706e-02,-4.949999999999999956e-01,0.000000000000000000e+00
-9.502471169686987906e-02,-4.949999999999999956e-01,0.000000000000000000e+00
-9.252059308072491106e-02,-4.949999999999999956e-01,0.000000000000000000e+00
-9.001647446457994306e-02,-4.949999999999999956e-01,0.000000000000000000e+00
-8.751235584843497506e-02,-4.949999999999999956e-01,0.000000000000000000e+00
-8.500823723229000706e-02,-4.949999999999999956e-01,0.000000000000000000e+00
-8.250411861614503906e-02,-4.949999999999999956e-01,0.000000000000000000e+00
-8.000000000000000167e-02,-4.949999999999999956e-01,0.000000000000000000e+00
-8.000000000000000167e-02,-4.949999999999999956e-01,8.499999999999992895e+00
-7.799999999999999989e-02,-4.949999999999999956e-01,0.000000000000000000e+00
-7.449999999999999678e-02,-4.949999999999999956e-01,0.000000000000000000e+00
-7.099999999999999367e-02,-4.949999999999999956e-01,0.000000000000000000e+00
-7.099999999999999367e-02,-4.949999999999999956e-01,1.120102891624285313e+01
-6.843999999999998696e-02,-4.949999999999999956e-01,3.918472286549722350e-01
-6.587999999999999412e-02,-4.949999999999999956e-01,-9.195155071028494831e+00
-6.331999999999998741e-02,-4.949999999999999956e-01,9.479507172636866486e+00
-6.075999999999999457e-02,-4.949999999999999956e-01,-3.304812503508841814e+00
-5.819999999999999479e-02,-4.949999999999999956e-01,-1.385616155065466204e+00
-5.563999999999999502e-02,-4.949999999999999956e-01,4.908782845805155226e+00
-5.307999999999998830e-02,-4.949999999999999956e-01,-5.391752435495110518e+00
-5.051999999999999547e-02,-4.949999999999999956e-01,-1.944361616892709144e-01
-4.795999999999998875e-02,-4.949999999999999956e-01,9.327508822146674206e+00
-4.539999999999999591e-02,-4.949999999999999956e-01,-5.207156667468780142e+00
-4.283999999999998920e-02,-4.949999999999999956e-01,-2.391531970348621083e+00
-4.027999999999998942e-02,-4.949999999999999956e-01,9.015156250083352418e+00
-3.771999999999998965e-02,-4.949999999999999956e-01,-1.899145080164715438e+01
-3.515999999999998987e-02,-4.949999999999999956e-01,-6.996935925569008674e+00
-3.259999999999999010e-02,-4.949999999999999956e-01,3.024986531366977616e+01
-3.003999999999999032e-02,-4.949999999999999956e-01,-4.202497690697745369e+00
-2.747999999999999055e-02,-4.949999999999999956e-01,-1.161461235187148766e+01
-2.491999999999999077e-02,-4.949999999999999956e-01,-1.009834520065487062e+01
-2.235999999999999099e-02,-4.949999999999999956e-01,3.059000546887826744e+01
-1.979999999999999122e-02,-4.949999999999999956e-01,1.301603359283355488e+01
-1.723999999999999144e-02,-4.949999999999999956e-01,-5.247962745982245281e+01
-1.467999999999999167e-02,-4.949999999999999956e-01,-2.208124829806740053e+01
-1.211999999999999189e-02,-4.949999999999999956e-01,2.272279627616811126e+01
-9.559999999999985176e-03,-4.949999999999999956e-01,3.455741514873557918e+01
-6.999999999999992339e-03,-4.949999999999999956e-01,5.650058804744584329e+00
-4.439999999999985625e-03,-4.949999999999999956e-01,-1.136459712164678670e+01
-1.879999999999992788e-03,-1.879999999999992788e-03,3.593519330704129988e+00
6.800000000000139266e-04,-4.949999999999999956e-01,5.499138825069396219e+00
3.240000000000006763e-03,-4.949999999999999956e-01,-9.189076939631265262e+00
5.800000000000013478e-03,-4.949999999999999956e-01,-1.496960886862703255e+01
8.360000000000006315e-03,-4.949999999999999956e-01,-9.875011686851781434e+00
1.092000000000001303e-02,-4.949999999999999956e-01,1.298048133242212820e+01
1.348000000000001974e-02,-4.949999999999999956e-01,-4.323133815448048090e+00
1.604000000000001258e-02,-4.949999999999999956e-01,-9.780024065335345185e+00
1.860000000000001930e-02,-4.949999999999999956e-01,3.026071104222626573e+01
2.116000000000001213e-02,-4.949999999999999956e-01,-5.598831768045880786e+00
2.372000000000001885e-02,-4.949999999999999956e-01,-2.884249803775972154e+01
2.628000000000001168e-02,-4.949999999999999956e-01,-6.740917289728634021e-01
2.884000000000001840e-02,-4.949999999999999956e-01,9.461719445613054447e+00
3.140000000000001124e-02,-4.949999999999999956e-01,3.264208175701857506e+00
3.396000000000001795e-02,-4.949999999999999956e-01,-4.390052081554964403e+00
3.652000000000001079e-02,-4.949999999999999956e-01,-1.469432925428667769e+00
3.908000000000001750e-02,-4.949999999999999956e-01,2.728588534828024592e+01
4.164000000000001034e-02,-4.949999999999999956e-01,-1.130798547593377457e+01
4.420000000000001705e-02,-4.949999999999999956e-01,-1.767358505684886794e+01
4.676000000000000989e-02,-4.949999999999999956e-01,2.521689061309312407e+01
4.932000000000001660e-02,-4.949999999999999956e-01,-2.852415439246964279e+00
5.188000000000002332e-02,-4.949999999999999956e-01,-1.928425253466580713e+01
5.444000000000003003e-02,-4.949999999999999956e-01,1.897440866117950975e+01
5.700000000000000205e-02,-4.949999999999999956e-01,0.000000000000000000e+00
5.933333333333333515e-02,-4.949999999999999956e-01,0.000000000000000000e+00
6.166666666666666824e-02,-4.949999999999999956e-01,2.933855713779590424e+00
6.400000000000000133e-02,-4.949999999999999956e-01,-2.341145464972447954e+01
6.666666666666666574e-02,-4.949999999999999956e-01,2.005096272037012284e+01
6.933333333333333015e-02,-4.949999999999999956e-01,9.172233774722162281e+00
7.199999999999999456e-02,-4.949999999999999956e-01,-1.382461441990709794e+01
7.466666666666665897e-02,-4.949999999999999956e-01,3.190332637961462048e+00
7.733333333333333726e-02,-4.949999999999999956e-01,-4.665068205956446334e+00
8.000000000000000167e-02,-4.949999999999999956e-01,-1.199861141039109391e+01
8.266666666666666607e-02,-4.949999999999999956e-01,1.099689565423891935e+01
8.533333333333333048e-02,-4.949999999999999956e-01,1.685731067441735931e+01
8.799999999999999489e-02,-4.949999999999999956e-01,5.787970048371103182e+00
9.066666666666665930e-02,-4.949999999999999956e-01,-9.771779302289784752e+00
9.333333333333332371e-02,-4.949999999999999956e-01,-2.527893871422548067e+00
9.600000000000000200e-02,-4.949999999999999956e-01,1.330393130220210907e+01
9.866666666666665253e-02,-4.949999999999999956e-01,-1.013968619990331277e+00
1.013333333333333308e-01,-4.949999999999999956e-01,-3.264788877274288836e+01
1.039999999999999952e-01,-4.949999999999999956e-01,0.000000000000000000e+00
1.039999999999999952e-01,-4.949999999999999956e-01,-1.273708995536418920e-01
1.079999999999999988e-01,-4.949999999999999956e-01,0.000000000000000000e+00
1.120000000000000023e-01,-4.949999999999999956e-01,0.000000000000000000e+00
1.120000000000000023e-01,-4.949999999999999956e-01,4.914631413536017135e+01
1.145428571428571407e-01,-4.949999999999999956e-01,-2.667829230252796791e+01
1.170857142857142930e-01,-4.949999999999999956e-01,-2.160319408627314530e+01
1.196285714285714313e-01,-4.949999999999999956e-01,1.225216516683809509e+01
1.221714285714285697e-01,-4.949999999999999956e-01,-1.724643609065687855e+01
1.247142857142857220e-01,-4.949999999999999956e-01,1.295001796017975604e+00
1.272571428571428465e-01,-4.949999999999999956e-01,1.159827903875189747e+01
1.297999999999999987e-01,-4.949999999999999956e-01,-1.740248379098361298e+01
1.323428571428571510e-01,-4.949999999999999956e-01,1.791713842955602765e+00
1.348857142857142755e-01,-4.949999999999999956e-01,2.320418172164935910e+01
1.374285714285714277e-01,-4.949999999999999956e-01,-1.429689549832301232e+01
1.399714285714285800e-01,-4.949999999999999956e-01,-8.075156364907257966e+00
1.425142857142857045e-01,-4.949999999999999956e-01,2.494528948929453094e+01
1.450571428571428567e-01,-4.949999999999999956e-01,-2.318276909598118163e+00
1.476000000000000090e-01,-4.949999999999999956e-01,3.680446369071519008e+00
1.501428571428571335e-01,-4.949999999999999956e-01,-5.341839665389402469e+00
1.526857142857142857e-01,-4.949999999999999956e-01,-2.191425061288918030e+01
1.552285714285714380e-01,-4.949999999999999956e-01,-1.258505666873139361e+01
1.577714285714285625e-01,-4.949999999999999956e-01,2.611182955908526182e+01
1.603142857142857147e-01,-4.949999999999999956e-01,2.491707919604298027e+01
1.628571428571428670e-01,-4.949999999999999956e-01,-2.033891604083014926e+01
1.653999999999999915e-01,-4.949999999999999956e-01,-1.089657336964752332e+01
1.679428571428571437e-01,-4.949999999999999956e-01,1.410381724107470625e+01
1.704857142857142960e-01,-4.949999999999999956e-01,-7.767143335335834564e+00
1.730285714285714205e-01,-4.949999999999999956e-01,-1.185275867164193642e+01
1.755714285714286005e-01,-4.949999999999999956e-01,1.634424993812197302e+00
1.781142857142857250e-01,-4.949999999999999956e-01,8.285122766041297382e+00
1.806571428571428495e-01,-4.949999999999999956e-01,-1.879946061861137663e+00
1.832000000000000295e-01,-4.949999999999999956e-01,1.344260180573972363e+01
1.857428571428571540e-01,-4.949999999999999956e-01,4.977000226161474750e+00
1.882857142857142785e-01,-4.949999999999999956e-01,-1.577157983150398124e+01
1.908285714285714585e-01,-4.949999999999999956e-01,1.852994668130413469e+00
1.933714285714285830e-01,-4.949999999999999956e-01,7.417696368454480549e-01
1.959142857142857075e-01,-4.949999999999999956e-01,-3.848621208033284002e+00
1.984571428571428875e-01,-4.949999999999999956e-01,-1.040501516601898935e+01
2.010000000000000120e-01,-4.949999999999999956e-01,0.000000000000000000e+00
2.010000000000000120e-01,-4.949999999999999956e-01,0.000000000000000000e+00
2.035026833631485010e-01,-4.949999999999999956e-01,0.000000000000000000e+00
2.060053667262969623e-01,-4.949999999999999956e-01,0.000000000000000000e+00
2.085080500894454514e-01,-4.949999999999999956e-01,0.000000000000000000e+00
2.110107334525939404e-01,-4.949999999999999956e-01,0.000000000000000000e+00
2.135134168157424017e-01,-4.949999999999999956e-01,0.000000000000000000e+00
2.160161001788908908e-01,-4.949999999999999956e-01,0.000000000000000000e+00
2.185187835420393798e-01,-4.949999999999999956e-01,0.000000000000000000e+00
2.210214669051878411e-01,-4.949999999999999956e-01,0.000000000000000000e+00
2.235241502683363302e-01,-4.949999999999999956e-01,0.000000000000000000e+00
2.260268336314847915e-01,-4.949999999999999956e-01,0.000000000000000000e+00
2.285295169946332805e-01,-4.949999999999999956e-01,0.000000000000000000e+00
2.310322003577817696e-01,-4.949999999999999956e-01,0.000000000000000000e+00
2.335348837209302308e-01,-4.949999999999999956e-01,0.000000000000000000e+00
2.360375670840787199e-01,-4.949999999999999956e-01,0.000000000000000000e+00
2.385402504472272089e-01,-4.949999999999999956e-01,0.000000000000000000e+00
2.410429338103756702e-01,-4.949999999999999956e-01,0.000000000000000000e+00
2.435456171735241593e-01,-4.949999999999999956e-01,0.000000000000000000e+00
2.460483005366726483e-01,-4.949999999999999956e-01,0.000000000000000000e+00
2.485509838998211096e-01,-4.949999999999999956e-01,0.000000000000000000e+00
2.510536672629696264e-01,-4.949999999999999956e-01,0.000000000000000000e+00
2.535563506261180877e-01,-4.949999999999999956e-01,0.000000000000000000e+00
2.560590339892665490e-01,-4.949999999999999956e-01,0.000000000000000000e+00
2.585617173524150658e-01,-4.949999999999999956e-01,0.000000000000000000e+00
2.610644007155635271e-01,-4.949999999999999956e-01,0.000000000000000000e+00
2.635670840787119884e-01,-4.949999999999999956e-01,0.000000000000000000e+00
2.660697674418605052e-01,-4.949999999999999956e-01,0.000000000000000000e+00
2.685724508050089665e-01,-4.949999999999999956e-01,0.000000000000000000e+00
2.710751341681574278e-01,-4.949999999999999956e-01,0.000000000000000000e+00
2.735778175313059446e-01,-4.949999999999999956e-01,0.000000000000000000e+00
2.760805008944544059e-01,-4.949999999999999956e-01,0.000000000000000000e+00
2.785831842576028672e-01,-4.949999999999999956e-01,0.000000000000000000e+00
2.810858676207513840e-01,-4.949999999999999956e-01,0.000000000000000000e+00
2.835885509838998453e-01,-4.949999999999999956e-01,0.000000000000000000e+00
2.860912343470483066e-01,-4.949999999999999956e-01,0.000000000000000000e+00
2.885939177101968234e-01,-4.949999999999999956e-01,0.000000000000000000e+00
2.910966010733452847e-01,-4.949999999999999956e-01,0.000000000000000000e+00
2.935992844364937460e-01,-4.949999999999999956e-01,0.000000000000000000e+00
2.961019677996422628e-01,-4.949999999999999956e-01,0.000000000000000000e+00
2.986046511627907241e-01,-4.949999999999999956e-01,0.000000000000000000e+00
3.011073345259391854e-01,-4.949999999999999956e-01,0.000000000000000000e+00
3.036100178890877022e-01,-4.949999999999999956e-01,0.000000000000000000e+00
3.061127012522361635e-01,-4.949999999999999956e-01,0.000000000000000000e+00
3.086153846153846247e-01,-4.949999999999999956e-01,0.000000000000000000e+00
3.111180679785331415e-01,-4.949999999999999956e-01,0.000000000000000000e+00
3.136207513416816028e-01,-4.949999999999999956e-01,0.000000000000000000e+00
3.161234347048300641e-01,-4.949999999999999956e-01,0.000000000000000000e+00
3.186261180679785809e-01,-4.949999999999999956e-01,0.000000000000000000e+00
3.211288014311270422e-01,-4.949999999999999956e-01,0.000000000000000000e+00
3.236314847942755035e-01,-4.949999999999999956e-01,0.000000000000000000e+00
3.261341681574240203e-01,-4.949999999999999956e-01,0.000000000000000000e+00
3.286368515205724261e-01,-4.949999999999999956e-01,0.000000000000000000e+00
3.311395348837209429e-01,-4.949999999999999956e-01,0.000000000000000000e+00
3.336422182468694597e-01,-4.949999999999999956e-01,0.000000000000000000e+00
3.361449016100178655e-01,-4.949999999999999956e-01,0.000000000000000000e+00
3.386475849731663823e-01,-4.949999999999999956e-01,0.000000000000000000e+00
3.411502683363148991e-01,-4.949999999999999956e-01,0.000000000000000000e+00
3.436529516994633049e-01,-4.949999999999999956e-01,0.000000000000000000e+00
3.461556350626118217e-01,-4.949999999999999956e-01,0.000000000000000000e+00
3.486583184257603385e-01,-4.949999999999999956e-01,0.000000000000000000e+00
3.511610017889087443e-01,-4.949999999999999956e-01,0.000000000000000000e+00
3.536636851520572611e-01,-4.949999999999999956e-01,0.000000000000000000e+00
3.561663685152057779e-01,-4.949999999999999956e-01,0.000000000000000000e+00
3.586690518783541837e-01,-4.949999999999999956e-01,0.000000000000000000e+00
3.611717352415027005e-01,-4.949999999999999956e-01,0.000000000000000000e+00
3.636744186046512173e-01,-4.949999999999999956e-01,0.000000000000000000e+00
3.661771019677996231e-01,-4.949999999999999956e-01,0.000000000000000000e+00
3.686797853309481399e-01,-4.949999999999999956e-01,0.000000000000000000e+00
3.711824686940966567e-01,-4.949999999999999956e-01,0.000000000000000000e+00
3.736851520572450625e-01,-4.949999999999999956e-01,0.000000000000000000e+00
3.761878354203935793e-01,-4.949999999999999956e-01,0.000000000000000000e+00
3.786905187835420961e-01,-4.949999999999999956e-01,0.000000000000000000e+00
3.811932021466905018e-01,-4.949999999999999956e-01,0.000000000000000000e+00
3.836958855098390186e-01,-4.949999999999999956e-01,0.000000000000000000e+00
3.861985688729875354e-01,-4.949999999999999956e-01,0.000000000000000000e+00
3.887012522361359412e-01,-4.949999999999999956e-01,0.000000000000000000e+00
3.912039355992844580e-01,-4.949999999999999956e-01,0.000000000000000000e+00
3.937066189624329748e-01,-4.949999999999999956e-01,0.000000000000000000e+00
3.962093023255813806e-01,-4.949999999999999956e-01,0.000000000000000000e+00
3.987119856887298974e-01,-4.949999999999999956e-01,0.000000000000000000e+00
4.012146690518783587e-01,-4.949999999999999956e-01,0.000000000000000000e+00
4.037173524150268200e-01,-4.949999999999999956e-01,0.000000000000000000e+00
4.062200357781753368e-01,-4.949999999999999956e-01,0.000000000000000000e+00
4.087227191413237981e-01,-4.949999999999999956e-01,0.000000000000000000e+00
4.112254025044722594e-01,-4.949999999999999956e-01,0.000000000000000000e+00
4.137280858676207762e-01,-4.949999999999999956e-01,0.000000000000000000e+00
4.162307692307692375e-01,-4.949999999999999956e-01,0.000000000000000000e+00
4.187334525939176988e-01,-4.949999999999999956e-01,0.000000000000000000e+00
4.212361359570662156e-01,-4.949999999999999956e-01,0.000000000000000000e+00
4.237388193202146769e-01,-4.949999999999999956e-01,0.000000000000000000e+00
4.262415026833631382e-01,-4.949999999999999956e-01,0.000000000000000000e+00
4.287441860465116550e-01,-4.949999999999999956e-01,0.000000000000000000e+00
4.312468694096601163e-01,-4.949999999999999956e-01,0.000000000000000000e+00
4.337495527728085776e-01,-4.949999999999999956e-01,0.000000000000000000e+00
4.362522361359570944e-01,-4.949999999999999956e-01,0.000000000000000000e+00
4.387549194991055557e-01,-4.949999999999999956e-01,0.000000000000000000e+00
4.412576028622540170e-01,-4.949999999999999956e-01,0.000000000000000000e+00
4.437602862254025338e-01,-4.949999999999999956e-01,0.000000000000000000e+00
4.462629695885509951e-01,-4.949999999999999956e-01,0.000000000000000000e+00
4.487656529516994564e-01,-4.949999999999999956e-01,0.000000000000000000e+00
4.512683363148479732e-01,-4.949999999999999956e-01,0.000000000000000000e+00
4.537710196779964344e-01,-4.949999999999999956e-01,0.000000000000000000e+00
4.562737030411448957e-01,-4.949999999999999956e-01,0.000000000000000000e+00
4.587763864042934125e-01,-4.949999999999999956e-01,0.000000000000000000e+00
4.612790697674418738e-01,-4.949999999999999956e-01,0.000000000000000000e+00
4.637817531305903351e-01,-4.949999999999999956e-01,0.000000000000000000e+00
4.662844364937388519e-01,-4.949999999999999956e-01,0.000000000000000000e+00
4.687871198568873132e-01,-4.949999999999999956e-01,0.000000000000000000e+00
4.712898032200357745e-01,-4.949999999999999956e-01,0.000000000000000000e+00
4.737924865831842913e-01,-4.949999999999999956e-01,0.000000000000000000e+00
4.762951699463327526e-01,-4.949999999999999956e-01,0.000000000000000000e+00
4.787978533094812139e-01,-4.949999999999999956e-01,0.000000000000000000e+00
4.813005366726297307e-01,-4.949999999999999956e-01,0.000000000000000000e+00
4.838032200357781920e-01,-4.949999999999999956e-01,0.000000000000000000e+00
4.863059033989266533e-01,-4.949999999999999956e-01,0.000000000000000000e+00
4.888085867620751701e-01,-4.949999999999999956e-01,0.000000000000000000e+00
4.913112701252236314e-01,-4.949999999999999956e-01,0.000000000000000000e+00
4.938139534883720927e-01,-4.949999999999999956e-01,0.000000000000000000e+00
4.963166368515206095e-01,-4.949999999999999956e-01,0.000000000000000000e+00
4.988193202146690708e-01,-4.949999999999999956e-01,0.000000000000000000e+00
5.013220035778175321e-01,-4.949999999999999956e-01,0.000000000000000000e+00
5.038246869409660489e-01,-4.949999999999999956e-01,0.000000000000000000e+00
5.063273703041144547e-01,-4.949999999999999956e-01,0.000000000000000000e+00
5.088300536672629715e-01,-4.949999999999999956e-01,0.000000000000000000e+00
5.113327370304114883e-01,-4.949999999999999956e-01,0.000000000000000000e+00
5.138354203935600051e-01,-4.949999999999999956e-01,0.000000000000000000e+00
5.163381037567084109e-01,-4.949999999999999956e-01,0.000000000000000000e+00
5.188407871198569277e-01,-4.949999999999999956e-01,0.000000000000000000e+00
5.213434704830053334e-01,-4.949999999999999956e-01,0.000000000000000000e+00
5.238461538461538503e-01,-4.949999999999999956e-01,0.000000000000000000e+00
5.263488372093023671e-01,-4.949999999999999956e-01,0.000000000000000000e+00
5.288515205724508839e-01,-4.949999999999999956e-01,0.000000000000000000e+00
5.313542039355992896e-01,-4.949999999999999956e-01,0.000000000000000000e+00
5.338568872987478064e-01,-4.949999999999999956e-01,0.000000000000000000e+00
5.363595706618962122e-01,-4.949999999999999956e-01,0.000000000000000000e+00
5.388622540250447290e-01,-4.949999999999999956e-01,0.000000000000000000e+00
5.413649373881932458e-01,-4.949999999999999956e-01,0.000000000000000000e+00
5.438676207513417626e-01,-4.949999999999999956e-01,0.000000000000000000e+00
5.463703041144901684e-01,-4.949999999999999956e-01,0.000000000000000000e+00
5.488729874776386852e-01,-4.949999999999999956e-01,0.000000000000000000e+00
5.513756708407870910e-01,-4.949999999999999956e-01,0.000000000000000000e+00
5.538783542039356078e-01,-4.949999999999999956e-01,0.000000000000000000e+00
5.563810375670841246e-01,-4.949999999999999956e-01,0.000000000000000000e+00
5.588837209302326414e-01,-4.949999999999999956e-01,0.000000000000000000e+00
5.613864042933810472e-01,-4.949999999999999956e-01,0.000000000000000000e+00
5.638890876565295640e-01,-4.949999999999999956e-01,0.000000000000000000e+00
5.663917710196779698e-01,-4.949999999999999956e-01,0.000000000000000000e+00
5.688944543828264866e-01,-4.949999999999999956e-01,0.000000000000000000e+00
5.713971377459750034e-01,-4.949999999999999956e-01,0.000000000000000000e+00
5.738998211091235202e-01,-4.949999999999999956e-01,0.000000000000000000e+00
5.764025044722719260e-01,-4.949999999999999956e-01,0.000000000000000000e+00
5.789051878354204428e-01,-4.949999999999999956e-01,0.000000000000000000e+00
5.814078711985688486e-01,-4.949999999999999956e-01,0.000000000000000000e+00
5.839105545617173654e-01,-4.949999999999999956e-01,0.000000000000000000e+00
5.864132379248658822e-01,-4.949999999999999956e-01,0.000000000000000000e+00
5.889159212880143990e-01,-4.949999999999999956e-01,0.000000000000000000e+00
5.914186046511628048e-01,-4.949999999999999956e-01,0.000000000000000000e+00
5.939212880143113216e-01,-4.949999999999999956e-01,0.000000000000000000e+00
5.964239713774597273e-01,-4.949999999999999956e-01,0.000000000000000000e+00
5.989266547406082442e-01,-4.949999999999999956e-01,0.000000000000000000e+00
6.014293381037567610e-01,-4.949999999999999956e-01,0.000000000000000000e+00
6.039320214669052778e-01,-4.949999999999999956e-01,0.000000000000000000e+00
6.064347048300536835e-01,-4.949999999999999956e-01,0.000000000000000000e+00
6.089373881932020893e-01,-4.949999999999999956e-01,0.000000000000000000e+00
6.114400715563506061e-01,-4.949999999999999956e-01,0.000000000000000000e+00
6.139427549194991229e-01,-4.949999999999999956e-01,0.000000000000000000e+00
6.164454382826476397e-01,-4.949999999999999956e-01,0.000000000000000000e+00
6.189481216457961565e-01,-4.949999999999999956e-01,0.000000000000000000e+00
6.214508050089445623e-01,-4.949999999999999956e-01,0.000000000000000000e+00
6.239534883720929681e-01,-4.949999999999999956e-01,0.000000000000000000e+00
6.264561717352414849e-01,-4.949999999999999956e-01,0.000000000000000000e+00
6.289588550983900017e-01,-4.949999999999999956e-01,0.000000000000000000e+00
6.314615384615385185e-01,-4.949999999999999956e-01,0.000000000000000000e+00
6.339642218246870353e-01,-4.949999999999999956e-01,0.000000000000000000e+00
6.364669051878354411e-01,-4.949999999999999956e-01,0.000000000000000000e+00
6.389695885509838469e-01,-4.949999999999999956e-01,0.000000000000000000e+00
6.414722719141323637e-01,-4.949999999999999956e-01,0.000000000000000000e+00
6.439749552772808805e-01,-4.949999999999999956e-01,0.000000000000000000e+00
6.464776386404293973e-01,-4.949999999999999956e-01,0.000000000000000000e+00
6.489803220035779141e-01,-4.949999999999999956e-01,0.000000000000000000e+00
6.514830053667263199e-01,-4.949999999999999956e-01,0.000000000000000000e+00
6.539856887298747257e-01,-4.949999999999999956e-01,0.000000000000000000e+00
6.564883720930232425e-01,-4.949999999999999956e-01,0.000000000000000000e+00
6.589910554561717593e-01,-4.949999999999999956e-01,0.000000000000000000e+00
6.614937388193202761e-01,-4.949999999999999956e-01,0.000000000000000000e+00
6.639964221824687929e-01,-4.949999999999999956e-01,0.000000000000000000e+00
6.664991055456171987e-01,-4.949999999999999956e-01,0.000000000000000000e+00
6.690017889087656044e-01,-4.949999999999999956e-01,0.000000000000000000e+00
6.715044722719141213e-01,-4.949999999999999956e-01,0.000000000000000000e+00
6.740071556350626381e-01,-4.949999999999999956e-01,0.000000000000000000e+00
6.765098389982111549e-01,-4.949999999999999956e-01,0.000000000000000000e+00
6.790125223613596717e-01,-4.949999999999999956e-01,0.000000000000000000e+00
6.815152057245080774e-01,-4.949999999999999956e-01,0.000000000000000000e+00
6.840178890876564832e-01,-4.949999999999999956e-01,0.000000000000000000e+00
6.865205724508050000e-01,-4.949999999999999956e-01,0.000000000000000000e+00
6.890232558139535168e-01,-4.949999999999999956e-01,0.000000000000000000e+00
6.915259391771020336e-01,-4.949999999999999956e-01,0.000000000000000000e+00
6.940286225402505504e-01,-4.949999999999999956e-01,0.000000000000000000e+00
6.965313059033989562e-01,-4.949999999999999956e-01,0.000000000000000000e+00
6.990339892665473620e-01,-4.949999999999999956e-01,0.000000000000000000e+00
7.015366726296958788e-01,-4.949999999999999956e-01,0.000000000000000000e+00
7.040393559928443956e-01,-4.949999999999999956e-01,0.000000000000000000e+00
7.065420393559929124e-01,-4.949999999999999956e-01,0.000000000000000000e+00
7.090447227191414292e-01,-4.949999999999999956e-01,0.000000000000000000e+00
7.115474060822897240e-01,-4.949999999999999956e-01,0.000000000000000000e+00
7.140500894454382408e-01,-4.949999999999999956e-01,0.000000000000000000e+00
7.165527728085867576e-01,-4.949999999999999956e-01,0.000000000000000000e+00
7.190554561717352744e-01,-4.949999999999999956e-01,0.000000000000000000e+00
7.215581395348837912e-01,-4.949999999999999956e-01,0.000000000000000000e+00
7.240608228980323080e-01,-4.949999999999999956e-01,0.000000000000000000e+00
7.265635062611806028e-01,-4.949999999999999956e-01,0.000000000000000000e+00
7.290661896243291196e-01,-4.949999999999999956e-01,0.000000000000000000e+00
7.315688729874776364e-01,-4.949999999999999956e-01,0.000000000000000000e+00
7.340715563506261532e-01,-4.949999999999999956e-01,0.000000000000000000e+00
7.365742397137746700e-01,-4.949999999999999956e-01,0.000000000000000000e+00
7.390769230769231868e-01,-4.949999999999999956e-01,0.000000000000000000e+00
7.415796064400714815e-01,-4.949999999999999956e-01,0.000000000000000000e+00
7.440822898032199983e-01,-4.949999999999999956e-01,0.000000000000000000e+00
7.465849731663685152e-01,-4.949999999999999956e-01,0.000000000000000000e+00
7.490876565295170320e-01,-4.949999999999999956e-01,0.000000000000000000e+00
7.515903398926655488e-01,-4.949999999999999956e-01,0.000000000000000000e+00
7.540930232558140656e-01,-4.949999999999999956e-01,0.000000000000000000e+00
7.565957066189623603e-01,-4.949999999999999956e-01,0.000000000000000000e+00
7.590983899821108771e-01,-4.949999999999999956e-01,0.000000000000000000e+00
7.616010733452593939e-01,-4.949999999999999956e-01,0.000000000000000000e+00
7.641037567084079107e-01,-4.949999999999999956e-01,0.000000000000000000e+00
7.666064400715564275e-01,-4.949999999999999956e-01,0.000000000000000000e+00
7.691091234347049443e-01,-4.949999999999999956e-01,0.000000000000000000e+00
7.716118067978532391e-01,-4.949999999999999956e-01,0.000000000000000000e+00
7.741144901610017559e-01,-4.949999999999999956e-01,0.000000000000000000e+00
7.766171735241502727e-01,-4.949999999999999956e-01,0.000000000000000000e+00
7.791198568872987895e-01,-4.949999999999999956e-01,0.000000000000000000e+00
7.816225402504473063e-01,-4.949999999999999956e-01,0.000000000000000000e+00
7.841252236135958231e-01,-4.949999999999999956e-01,0.000000000000000000e+00
7.866279069767441179e-01,-4.949999999999999956e-01,0.000000000000000000e+00
7.891305903398926347e-01,-4.949999999999999956e-01,0.000000000000000000e+00
7.916332737030411515e-01,-4.949999999999999956e-01,0.000000000000000000e+00
7.941359570661896683e-01,-4.949999999999999956e-01,0.000000000000000000e+00
7.966386404293381851e-01,-4.949999999999999956e-01,0.000000000000000000e+00
7.991413237924867019e-01,-4.949999999999999956e-01,0.000000000000000000e+00
8.016440071556349967e-01,-4.949999999999999956e-01,0.000000000000000000e+00
8.041466905187835135e-01,-4.949999999999999956e-01,0.000000000000000000e+00
8.066493738819320303e-01,-4.949999999999999956e-01,0.000000000000000000e+00
8.091520572450805471e-01,-4.949999999999999956e-01,0.000000000000000000e+00
8.116547406082290639e-01,-4.949999999999999956e-01,0.000000000000000000e+00
8.141574239713775807e-01,-4.949999999999999956e-01,0.000000000000000000e+00
8.166601073345258754e-01,-4.949999999999999956e-01,0.000000000000000000e+00
8.191627906976743922e-01,-4.949999999999999956e-01,0.000000000000000000e+00
8.216654740608229091e-01,-4.949999999999999956e-01,0.000000000000000000e+00
8.241681574239714259e-01,-4.949999999999999956e-01,0.000000000000000000e+00
8.266708407871199427e-01,-4.949999999999999956e-01,0.000000000000000000e+00
8.291735241502684595e-01,-4.949999999999999956e-01,0.000000000000000000e+00
8.316762075134167542e-01,-4.949999999999999956e-01,0.000000000000000000e+00
8.341788908765652710e-01,-4.949999999999999956e-01,0.000000000000000000e+00
8.366815742397137878e-01,-4.949999999999999956e-01,0.000000000000000000e+00
8.391842576028623046e-01,-4.949999999999999956e-01,0.000000000000000000e+00
8.416869409660108214e-01,-4.949999999999999956e-01,0.000000000000000000e+00
8.441896243291593382e-01,-4.949999999999999956e-01,0.000000000000000000e+00
8.466923076923076330e-01,-4.949999999999999956e-01,0.000000000000000000e+00
8.491949910554561498e-01,-4.949999999999999956e-01,0.000000000000000000e+00
8.516976744186046666e-01,-4.949999999999999956e-01,0.000000000000000000e+00
8.542003577817531834e-01,-4.949999999999999956e-01,0.000000000000000000e+00
8.567030411449017002e-01,-4.949999999999999956e-01,0.000000000000000000e+00
8.592057245080502170e-01,-4.949999999999999956e-01,0.000000000000000000e+00
8.617084078711985118e-01,-4.949999999999999956e-01,0.000000000000000000e+00
8.642110912343470286e-01,-4.949999999999999956e-01,0.000000000000000000e+00
8.667137745974955454e-01,-4.949999999999999956e-01,0.000000000000000000e+00
8.692164579606440622e-01,-4.949999999999999956e-01,0.000000000000000000e+00
8.717191413237925790e-01,-4.949999999999999956e-01,0.000000000000000000e+00
8.742218246869410958e-01,-4.949999999999999956e-01,0.000000000000000000e+00
8.767245080500893906e-01,-4.949999999999999956e-01,0.000000000000000000e+00
8.792271914132379074e-01,-4.949999999999999956e-01,0.000000000000000000e+00
8.817298747763864242e-01,-4.949999999999999956e-01,0.000000000000000000e+00
8.842325581395349410e-01,-4.949999999999999956e-01,0.000000000000000000e+00
8.867352415026834578e-01,-4.949999999999999956e-01,0.000000000000000000e+00
8.892379248658319746e-01,-4.949999999999999956e-01,0.000000000000000000e+00
8.917406082289802693e-01,-4.949999999999999956e-01,0.000000000000000000e+00
8.942432915921287861e-01,-4.949999999999999956e-01,0.000000000000000000e+00
8.967459749552773030e-01,-4.949999999999999956e-01,0.000000000000000000e+00
8.992486583184258198e-01,-4.949999999999999956e-01,0.000000000000000000e+00
9.017513416815743366e-01,-4.949999999999999956e-01,0.000000000000000000e+00
9.042540250447228534e-01,-4.949999999999999956e-01,0.000000000000000000e+00
9.067567084078711481e-01,-4.949999999999999956e-01,0.000000000000000000e+00
9.092593917710196649e-01,-4.949999999999999956e-01,0.000000000000000000e+00
9.117620751341681817e-01,-4.949999999999999956e-01,0.000000000000000000e+00
9.142647584973166985e-01,-4.949999999999999956e-01,0.000000000000000000e+00
9.167674418604652153e-01,-4.949999999999999956e-01,0.000000000000000000e+00
9.192701252236137321e-01,-4.949999999999999956e-01,0.000000000000000000e+00
9.217728085867620269e-01,-4.949999999999999956e-01,0.000000000000000000e+00
9.242754919499105437e-01,-4.949999999999999956e-01,0.000000000000000000e+00
9.267781753130590605e-01,-4.949999999999999956e-01,0.000000000000000000e+00
9.292808586762075773e-01,-4.949999999999999956e-01,0.000000000000000000e+00
9.317835420393560941e-01,-4.949999999999999956e-01,0.000000000000000000e+00
9.342862254025046109e-01,-4.949999999999999956e-01,0.000000000000000000e+00
9.367889087656529057e-01,-4.949999999999999956e-01,0.000000000000000000e+00
9.392915921288014225e-01,-4.949999999999999956e-01,0.000000000000000000e+00
9.417942754919499393e-01,-4.949999999999999956e-01,0.000000000000000000e+00
9.442969588550984561e-01,-4.949999999999999956e-01,0.000000000000000000e+00
9.467996422182469729e-01,-4.949999999999999956e-01,0.000000000000000000e+00
9.493023255813954897e-01,-4.949999999999999956e-01,0.000000000000000000e+00
9.518050089445437845e-01,-4.949999999999999956e-01,0.000000000000000000e+00
9.543076923076923013e-01,-4.949999999999999956e-01,0.000000000000000000e+00
9.568103756708408181e-01,-4.949999999999999956e-01,0.000000000000000000e+00
9.593130590339893349e-01,-4.949999999999999956e-01,0.000000000000000000e+00
9.618157423971378517e-01,-4.949999999999999956e-01,0.000000000000000000e+00
9.643184257602863685e-01,-4.949999999999999956e-01,0.000000000000000000e+00
9.668211091234346632e-01,-4.949999999999999956e-01,0.000000000000000000e+00
9.693237924865831801e-01,-4.949999999999999956e-01,0.000000000000000000e+00
9.718264758497316969e-01,-4.949999999999999956e-01,0.000000000000000000e+00
9.743291592128802137e-01,-4.949999999999999956e-01,0.000000000000000000e+00
9.768318425760287305e-01,-4.949999999999999956e-01,0.000000000000000000e+00
9.793345259391772473e-01,-4.949999999999999956e-01,0.000000000000000000e+00
9.818372093023255420e-01,-4.949999999999999956e-01,0.000000000000000000e+00
9.843398926654740588e-01,-4.949999999999999956e-01,0.000000000000000000e+00
9.868425760286225756e-01,-4.949999999999999956e-01,0.000000000000000000e+00
9.893452593917710924e-01,-4.949999999999999956e-01,0.000000000000000000e+00
9.918479427549196092e-01,-4.949999999999999956e-01,0.000000000000000000e+00
9.943506261180681260e-01,-4.949999999999999956e-01,0.000000000000000000e+00
9.968533094812164208e-01,-4.949999999999999956e-01,0.000000000000000000e+00
9.993559928443649376e-01,-4.949999999999999956e-01,0.000000000000000000e+00
1.001858676207513454e+00,-4.949999999999999956e-01,0.000000000000000000e+00
1.004361359570661971e+00,-4.949999999999999956e-01,0.000000000000000000e+00
1.006864042933810488e+00,-4.949999999999999956e-01,0.000000000000000000e+00
1.009366726296958783e+00,-4.949999999999999956e-01,0.000000000000000000e+00
1.011869409660107300e+00,-4.949999999999999956e-01,0.000000000000000000e+00
1.014372093023255816e+00,-4.949999999999999956e-01,0.000000000000000000e+00
1.016874776386404333e+00,-4.949999999999999956e-01,0.000000000000000000e+00
1.019377459749552850e+00,-4.949999999999999956e-01,0.000000000000000000e+00
1.021880143112701367e+00,-4.949999999999999956e-01,0.000000000000000000e+00
1.024382826475849662e+00,-4.949999999999999956e-01,0.000000000000000000e+00
1.026885509838998178e+00,-4.949999999999999956e-01,0.000000000000000000e+00
1.029388193202146695e+00,-4.949999999999999956e-01,0.000000000000000000e+00
1.031890876565295212e+00,-4.949999999999999956e-01,0.000000000000000000e+00
1.034393559928443729e+00,-4.949999999999999956e-01,0.000000000000000000e+00
1.036896243291592246e+00,-4.949999999999999956e-01,0.000000000000000000e+00
1.039398926654740540e+00,-4.949999999999999956e-01,0.000000000000000000e+00
1.041901610017889057e+00,-4.949999999999999956e-01,0.000000000000000000e+00
1.044404293381037574e+00,-4.949999999999999956e-01,0.000000000000000000e+00
1.046906976744186091e+00,-4.949999999999999956e-01,0.000000000000000000e+00
1.049409660107334608e+00,-4.949999999999999956e-01,0.000000000000000000e+00
1.051912343470483124e+00,-4.949999999999999956e-01,0.000000000000000000e+00
1.054415026833631419e+00,-4.949999999999999956e-01,0.000000000000000000e+00
1.056917710196779936e+00,-4.949999999999999956e-01,0.000000000000000000e+00
1.059420393559928453e+00,-4.949999999999999956e-01,0.000000000000000000e+00
1.061923076923076970e+00,-4.949999999999999956e-01,0.000000000000000000e+00
1.064425760286225486e+00,-4.949999999999999956e-01,0.000000000000000000e+00
1.066928443649374003e+00,-4.949999999999999956e-01,0.000000000000000000e+00
1.069431127012522298e+00,-4.949999999999999956e-01,0.000000000000000000e+00
1.071933810375670815e+00,-4.949999999999999956e-01,0.000000000000000000e+00
1.074436493738819332e+00,-4.949999999999999956e-01,0.000000000000000000e+00
1.076939177101967848e+00,-4.949999999999999956e-01,0.000000000000000000e+00
1.079441860465116365e+00,-4.949999999999999956e-01,0.000000000000000000e+00
1.081944543828264882e+00,-4.949999999999999956e-01,0.000000000000000000e+00
1.084447227191413177e+00,-4.949999999999999956e-01,0.000000000000000000e+00
1.086949910554561693e+00,-4.949999999999999956e-01,0.000000000000000000e+00
1.089452593917710210e+00,-4.949999999999999956e-01,0.000000000000000000e+00
1.091955277280858727e+00,-4.949999999999999956e-01,0.000000000000000000e+00
1.094457960644007244e+00,-4.949999999999999956e-01,0.000000000000000000e+00
1.096960644007155761e+00,-4.949999999999999956e-01,0.000000000000000000e+00
1.099463327370304055e+00,-4.949999999999999956e-01,0.000000000000000000e+00
1.101966010733452572e+00,-4.949999999999999956e-01,0.000000000000000000e+00
1.104468694096601089e+00,-4.949999999999999956e-01,0.000000000000000000e+00
1.106971377459749606e+00,-4.949999999999999956e-01,0.000000000000000000e+00
1.109474060822898123e+00,-4.949999999999999956e-01,0.000000000000000000e+00
1.111976744186046639e+00,-4.949999999999999956e-01,0.000000000000000000e+00
1.114479427549194934e+00,-4.949999999999999956e-01,0.000000000000000000e+00
1.116982110912343451e+00,-4.949999999999999956e-01,0.000000000000000000e+00
1.119484794275491968e+00,-4.949999999999999956e-01,0.000000000000000000e+00
1.121987477638640485e+00,-4.949999999999999956e-01,0.000000000000000000e+00
1.124490161001789001e+00,-4.949999999999999956e-01,0.000000000000000000e+00
1.126992844364937518e+00,-4.949999999999999956e-01,0.000000000000000000e+00
1.129495527728085813e+00,-4.949999999999999956e-01,0.000000000000000000e+00
1.131998211091234330e+00,-4.949999999999999956e-01,0.000000000000000000e+00
1.134500894454382847e+00,-4.949999999999999956e-01,0.000000000000000000e+00
1.137003577817531363e+00,-4.949999999999999956e-01,0.000000000000000000e+00
1.139506261180679880e+00,-4.949999999999999956e-01,0.000000000000000000e+00
1.142008944543828397e+00,-4.949999999999999956e-01,0.000000000000000000e+00
1.144511627906976692e+00,-4.949999999999999956e-01,0.000000000000000000e+00
1.147014311270125209e+00,-4.949999999999999956e-01,0.000000000000000000e+00
1.149516994633273725e+00,-4.949999999999999956e-01,0.000000000000000000e+00
1.152019677996422242e+00,-4.949999999999999956e-01,0.000000000000000000e+00
1.154522361359570759e+00,-4.949999999999999956e-01,0.000000000000000000e+00
1.157025044722719276e+00,-4.949999999999999956e-01,0.000000000000000000e+00
1.159527728085867571e+00,-4.949999999999999956e-01,0.000000000000000000e+00
1.162030411449016087e+00,-4.949999999999999956e-01,0.000000000000000000e+00
1.164533094812164604e+00,-4.949999999999999956e-01,0.000000000000000000e+00
1.167035778175313121e+00,-4.949999999999999956e-01,0.000000000000000000e+00
1.169538461538461638e+00,-4.949999999999999956e-01,0.000000000000000000e+00
1.172041144901610155e+00,-4.949999999999999956e-01,0.000000000000000000e+00
1.174543828264758449e+00,-4.949999999999999956e-01,0.000000000000000000e+00
1.177046511627906966e+00,-4.949999999999999956e-01,0.000000000000000000e+00
1.179549194991055483e+00,-4.949999999999999956e-01,0.000000000000000000e+00
1.182051878354204000e+00,-4.949999999999999956e-01,0.000000000000000000e+00
1.184554561717352517e+00,-4.949999999999999956e-01,0.000000000000000000e+00
1.187057245080501033e+00,-4.949999999999999956e-01,0.000000000000000000e+00
1.189559928443649328e+00,-4.949999999999999956e-01,0.000000000000000000e+00
1.192062611806797845e+00,-4.949999999999999956e-01,0.000000000000000000e+00
1.194565295169946362e+00,-4.949999999999999956e-01,0.000000000000000000e+00
1.197067978533094879e+00,-4.949999999999999956e-01,0.000000000000000000e+00
1.199570661896243395e+00,-4.949999999999999956e-01,0.000000000000000000e+00
1.202073345259391912e+00,-4.949999999999999956e-01,0.000000000000000000e+00
1.204576028622540429e+00,-4.949999999999999956e-01,0.000000000000000000e+00
1.207078711985688724e+00,-4.949999999999999956e-01,0.000000000000000000e+00
1.209581395348837241e+00,-4.949999999999999956e-01,0.000000000000000000e+00
1.212084078711985757e+00,-4.949999999999999956e-01,0.000000000000000000e+00
1.214586762075134274e+00,-4.949999999999999956e-01,0.000000000000000000e+00
1.217089445438282791e+00,-4.949999999999999956e-01,0.000000000000000000e+00
1.219592128801431308e+00,-4.949999999999999956e-01,0.000000000000000000e+00
1.222094812164579603e+00,-4.949999999999999956e-01,0.000000000000000000e+00
1.224597495527728119e+00,-4.949999999999999956e-01,0.000000000000000000e+00
1.227100178890876636e+00,-4.949999999999999956e-01,0.000000000000000000e+00
1.229602862254025153e+00,-4.949999999999999956e-01,0.000000000000000000e+00
1.232105545617173670e+00,-4.949999999999999956e-01,0.000000000000000000e+00
1.234608228980322187e+00,-4.949999999999999956e-01,0.000000000000000000e+00
1.237110912343470481e+00,-4.949999999999999956e-01,0.000000000000000000e+00
1.239613595706618998e+00,-4.949999999999999956e-01,0.000000000000000000e+00
1.242116279069767515e+00,-4.949999999999999956e-01,0.000000000000000000e+00
1.244618962432916032e+00,-4.949999999999999956e-01,0.000000000000000000e+00
1.247121645796064549e+00,-4.949999999999999956e-01,0.000000000000000000e+00
1.249624329159213065e+00,-4.949999999999999956e-01,0.000000000000000000e+00
1.252127012522361360e+00,-4.949999999999999956e-01,0.000000000000000000e+00
1.254629695885509877e+00,-4.949999999999999956e-01,0.000000000000000000e+00
1.257132379248658394e+00,-4.949999999999999956e-01,0.000000000000000000e+00
1.259635062611806910e+00,-4.949999999999999956e-01,0.000000000000000000e+00
1.262137745974955427e+00,-4.949999999999999956e-01,0.000000000000000000e+00
1.264640429338103944e+00,-4.949999999999999956e-01,0.000000000000000000e+00
1.267143112701252239e+00,-4.949999999999999956e-01,0.000000000000000000e+00
1.269645796064400756e+00,-4.949999999999999956e-01,0.000000000000000000e+00
1.272148479427549272e+00,-4.949999999999999956e-01,0.000000000000000000e+00
1.274651162790697789e+00,-4.949999999999999956e-01,0.000000000000000000e+00
1.277153846153846306e+00,-4.949999999999999956e-01,0.000000000000000000e+00
1.279656529516994823e+00,-4.949999999999999956e-01,0.000000000000000000e+00
1.282159212880143118e+00,-4.949999999999999956e-01,0.000000000000000000e+00
1.284661896243291634e+00,-4.949999999999999956e-01,0.000000000000000000e+00
1.287164579606440151e+00,-4.949999999999999956e-01,0.000000000000000000e+00
1.289667262969588668e+00,-4.949999999999999956e-01,0.000000000000000000e+00
1.292169946332737185e+00,-4.949999999999999956e-01,0.000000000000000000e+00
1.294672629695885702e+00,-4.949999999999999956e-01,0.000000000000000000e+00
1.297175313059033996e+00,-4.949999999999999956e-01,0.000000000000000000e+00
1.299677996422182513e+00,-4.949999999999999956e-01,0.000000000000000000e+00
1.302180679785331030e+00,-4.949999999999999956e-01,0.000000000000000000e+00
1.304683363148479547e+00,-4.949999999999999956e-01,0.000000000000000000e+00
1.307186046511628064e+00,-4.949999999999999956e-01,0.000000000000000000e+00
1.309688729874776580e+00,-4.949999999999999956e-01,0.000000000000000000e+00
1.312191413237924875e+00,-4.949999999999999956e-01,0.000000000000000000e+00
1.314694096601073392e+00,-4.949999999999999956e-01,0.000000000000000000e+00
1.317196779964221909e+00,-4.949999999999999956e-01,0.000000000000000000e+00
1.319699463327370426e+00,-4.949999999999999956e-01,0.000000000000000000e+00
1.322202146690518942e+00,-4.949999999999999956e-01,0.000000000000000000e+00
1.324704830053667459e+00,-4.949999999999999956e-01,0.000000000000000000e+00
1.327207513416815754e+00,-4.949999999999999956e-01,0.000000000000000000e+00
1.329710196779964271e+00,-4.949999999999999956e-01,0.000000000000000000e+00
1.332212880143112788e+00,-4.949999999999999956e-01,0.000000000000000000e+00
1.334715563506261304e+00,-4.949999999999999956e-01,0.000000000000000000e+00
1.337218246869409821e+00,-4.949999999999999956e-01,0.000000000000000000e+00
1.339720930232558338e+00,-4.949999999999999956e-01,0.000000000000000000e+00
1.342223613595706633e+00,-4.949999999999999956e-01,0.000000000000000000e+00
1.344726296958855150e+00,-4.949999999999999956e-01,0.000000000000000000e+00
1.347228980322003666e+00,-4.949999999999999956e-01,0.000000000000000000e+00
1.349731663685152183e+00,-4.949999999999999956e-01,0.000000000000000000e+00
1.352234347048300700e+00,-4.949999999999999956e-01,0.000000000000000000e+00
1.354737030411449217e+00,-4.949999999999999956e-01,0.000000000000000000e+00
1.357239713774597512e+00,-4.949999999999999956e-01,0.000000000000000000e+00
1.359742397137746028e+00,-4.949999999999999956e-01,0.000000000000000000e+00
1.362245080500894545e+00,-4.949999999999999956e-01,0.000000000000000000e+00
1.364747763864043062e+00,-4.949999999999999956e-01,0.000000000000000000e+00
1.367250447227191579e+00,-4.949999999999999956e-01,0.000000000000000000e+00
1.369753130590340096e+00,-4.949999999999999956e-01,0.000000000000000000e+00
1.372255813953488390e+00,-4.949999999999999956e-01,0.000000000000000000e+00
1.374758497316636907e+00,-4.949999999999999956e-01,0.000000000000000000e+00
1.377261180679785424e+00,-4.949999999999999956e-01,0.000000000000000000e+00
1.379763864042933941e+00,-4.949999999999999956e-01,0.000000000000000000e+00
1.382266547406082458e+00,-4.949999999999999956e-01,0.000000000000000000e+00
1.384769230769230974e+00,-4.949999999999999956e-01,0.000000000000000000e+00
1.387271914132379269e+00,-4.949999999999999956e-01,0.000000000000000000e+00
1.389774597495527786e+00,-4.949999999999999956e-01,0.000000000000000000e+00
1.392277280858676303e+00,-4.949999999999999956e-01,0.000000000000000000e+00
1.394779964221824820e+00,-4.949999999999999956e-01,0.000000000000000000e+00
1.397282647584973336e+00,-4.949999999999999956e-01,0.000000000000000000e+00
1.399785330948121853e+00,-4.949999999999999956e-01,0.000000000000000000e+00
1.402288014311270148e+00,-4.949999999999999956e-01,0.000000000000000000e+00
1.404790697674418665e+00,-4.949999999999999956e-01,0.000000000000000000e+00
1.407293381037567181e+00,-4.949999999999999956e-01,0.000000000000000000e+00
1.409796064400715698e+00,-4.949999999999999956e-01,0.000000000000000000e+00
1.412298747763864215e+00,-4.949999999999999956e-01,0.000000000000000000e+00
1.414801431127012732e+00,-4.949999999999999956e-01,0.000000000000000000e+00
1.417304114490161027e+00,-4.949999999999999956e-01,0.000000000000000000e+00
1.419806797853309543e+00,-4.949999999999999956e-01,0.000000000000000000e+00
1.422309481216458060e+00,-4.949999999999999956e-01,0.000000000000000000e+00
1.424812164579606577e+00,-4.949999999999999956e-01,0.000000000000000000e+00
1.427314847942755094e+00,-4.949999999999999956e-01,0.000000000000000000e+00
1.429817531305903611e+00,-4.949999999999999956e-01,0.000000000000000000e+00
1.432320214669051905e+00,-4.949999999999999956e-01,0.000000000000000000e+00
1.434822898032200422e+00,-4.949999999999999956e-01,0.000000000000000000e+00
1.437325581395348939e+00,-4.949999999999999956e-01,0.000000000000000000e+00
1.439828264758497456e+00,-4.949999999999999956e-01,0.000000000000000000e+00
1.442330948121645973e+00,-4.949999999999999956e-01,0.000000000000000000e+00
1.444833631484794489e+00,-4.949999999999999956e-01,0.000000000000000000e+00
1.447336314847942784e+00,-4.949999999999999956e-01,0.000000000000000000e+00
1.449838998211091301e+00,-4.949999999999999956e-01,0.000000000000000000e+00
1.452341681574239818e+00,-4.949999999999999956e-01,0.000000000000000000e+00
1.454844364937388335e+00,-4.949999999999999956e-01,0.000000000000000000e+00
1.457347048300536851e+00,-4.949999999999999956e-01,0.000000000000000000e+00
1.459849731663685368e+00,-4.949999999999999956e-01,0.000000000000000000e+00
1.462352415026833663e+00,-4.949999999999999956e-01,0.000000000000000000e+00
1.464855098389982180e+00,-4.949999999999999956e-01,0.000000000000000000e+00
1.467357781753130697e+00,-4.949999999999999956e-01,0.000000000000000000e+00
1.469860465116279213e+00,-4.949999999999999956e-01,0.000000000000000000e+00
1.472363148479427730e+00,-4.949999999999999956e-01,0.000000000000000000e+00
1.474865831842576247e+00,-4.949999999999999956e-01,0.000000000000000000e+00
1.477368515205724542e+00,-4.949999999999999956e-01,0.000000000000000000e+00
1.479871198568873059e+00,-4.949999999999999956e-01,0.000000000000000000e+00
1.482373881932021575e+00,-4.949999999999999956e-01,0.000000000000000000e+00
1.484876565295170092e+00,-4.949999999999999956e-01,0.000000000000000000e+00
1.487379248658318609e+00,-4.949999999999999956e-01,0.000000000000000000e+00
1.489881932021466904e+00,-4.949999999999999956e-01,0.000000000000000000e+00
1.492384615384615421e+00,-4.949999999999999956e-01,0.000000000000000000e+00
1.494887298747763937e+00,-4.949999999999999956e-01,0.000000000000000000e+00
1.497389982110912454e+00,-4.949999999999999956e-01,0.000000000000000000e+00
1.499892665474060971e+00,-4.949999999999999956e-01,0.000000000000000000e+00
1.502395348837209488e+00,-4.949999999999999956e-01,0.000000000000000000e+00
1.504898032200357783e+00,-4.949999999999999956e-01,0.000000000000000000e+00
1.507400715563506299e+00,-4.949999999999999956e-01,0.000000000000000000e+00
1.509903398926654816e+00,-4.949999999999999956e-01,0.000000000000000000e+00
1.512406082289803333e+00,-4.949999999999999956e-01,0.000000000000000000e+00
1.514908765652951850e+00,-4.949999999999999956e-01,0.000000000000000000e+00
1.517411449016100367e+00,-4.949999999999999956e-01,0.000000000000000000e+00
1.519914132379248661e+00,-4.949999999999999956e-01,0.000000000000000000e+00
1.522416815742397178e+00,-4.949999999999999956e-01,0.000000000000000000e+00
1.524919499105545695e+00,-4.949999999999999956e-01,0.000000000000000000e+00
1.527422182468694212e+00,-4.949999999999999956e-01,0.000000000000000000e+00
1.529924865831842729e+00,-4.949999999999999956e-01,0.000000000000000000e+00
1.532427549194991245e+00,-4.949999999999999956e-01,0.000000000000000000e+00
1.534930232558139540e+00,-4.949999999999999956e-01,0.000000000000000000e+00
1.537432915921288057e+00,-4.949999999999999956e-01,0.000000000000000000e+00
1.539935599284436574e+00,-4.949999999999999956e-01,0.000000000000000000e+00
1.542438282647585091e+00,-4.949999999999999956e-01,0.000000000000000000e+00
1.544940966010733607e+00,-4.949999999999999956e-01,0.000000000000000000e+00
1.547443649373882124e+00,-4.949999999999999956e-01,0.000000000000000000e+00
1.549946332737030419e+00,-4.949999999999999956e-01,0.000000000000000000e+00
1.552449016100178936e+00,-4.949999999999999956e-01,0.000000000000000000e+00
1.554951699463327452e+00,-4.949999999999999956e-01,0.000000000000000000e+00
1.557454382826475969e+00,-4.949999999999999956e-01,0.000000000000000000e+00
1.559957066189624486e+00,-4.949999999999999956e-01,0.000000000000000000e+00
1.562459749552773003e+00,-4.949999999999999956e-01,0.000000000000000000e+00
1.564962432915921298e+00,-4.949999999999999956e-01,0.000000000000000000e+00
1.567465116279069814e+00,-4.949999999999999956e-01,0.000000000000000000e+00
1.569967799642218331e+00,-4.949999999999999956e-01,0.000000000000000000e+00
1.572470483005366848e+00,-4.949999999999999956e-01,0.000000000000000000e+00
1.574973166368515365e+00,-4.949999999999999956e-01,0.000000000000000000e+00
1.577475849731663882e+00,-4.949999999999999956e-01,0.000000000000000000e+00
1.579978533094812176e+00,-4.949999999999999956e-01,0.000000000000000000e+00
1.582481216457960693e+00,-4.949999999999999956e-01,0.000000000000000000e+00
1.584983899821109210e+00,-4.949999999999999956e-01,0.000000000000000000e+00
1.587486583184257727e+00,-4.949999999999999956e-01,0.000000000000000000e+00
1.589989266547406244e+00,-4.949999999999999956e-01,0.000000000000000000e+00
1.592491949910554760e+00,-4.949999999999999956e-01,0.000000000000000000e+00
1.594994633273703055e+00,-4.949999999999999956e-01,0.000000000000000000e+00
1.597497316636851572e+00,-4.949999999999999956e-01,0.000000000000000000e+00
