-1.600000000000000089e+00,3.049999999999999933e-01,0.000000000000000000e+00
-1.597497461928934159e+00,3.049999999999999933e-01,0.000000000000000000e+00
-1.594994923857868008e+00,3.049999999999999933e-01,0.000000000000000000e+00
-1.592492385786802078e+00,3.049999999999999933e-01,0.000000000000000000e+00
-1.589989847715736149e+00,3.049999999999999933e-01,0.000000000000000000e+00
-1.587487309644670219e+00,3.049999999999999933e-01,0.000000000000000000e+00
-1.584984771573604068e+00,3.049999999999999933e-01,0.000000000000000000e+00
-1.582482233502538138e+00,3.049999999999999933e-01,0.000000000000000000e+00
-1.579979695431472209e+00,3.049999999999999933e-01,0.000000000000000000e+00
-1.577477157360406279e+00,3.049999999999999933e-01,0.000000000000000000e+00
-1.574974619289340128e+00,3.049999999999999933e-01,0.000000000000000000e+00
-1.572472081218274198e+00,3.049999999999999933e-01,0.000000000000000000e+00
-1.569969543147208269e+00,3.049999999999999933e-01,0.000000000000000000e+00
-1.567467005076142117e+00,3.049999999999999933e-01,0.000000000000000000e+00
-1.564964467005076187e+00,3.049999999999999933e-01,0.000000000000000000e+00
-1.562461928934010258e+00,3.049999999999999933e-01,0.000000000000000000e+00
-1.559959390862944328e+00,3.049999999999999933e-01,0.000000000000000000e+00
-1.557456852791878177e+00,3.049999999999999933e-01,0.000000000000000000e+00
-1.554954314720812247e+00,3.049999999999999933e-01,0.000000000000000000e+00
-1.552451776649746318e+00,3.049999999999999933e-01,0.000000000000000000e+00
-1.549949238578680388e+00,3.049999999999999933e-01,0.000000000000000000e+00
-1.547446700507614237e+00,3.049999999999999933e-01,0.000000000000000000e+00
-1.544944162436548307e+00,3.049999999999999933e-01,0.000000000000000000e+00
-1.542441624365482378e+00,3.049999999999999933e-01,0.000000000000000000e+00
-1.539939086294416448e+00,3.049999999999999933e-01,0.000000000000000000e+00
-1.537436548223350297e+00,3.049999999999999933e-01,0.000000000000000000e+00
-1.534934010152284367e+00,3.049999999999999933e-01,0.000000000000000000e+00
-1.532431472081218438e+00,3.049999999999999933e-01,0.000000000000000000e+00
-1.529928934010152286e+00,3.049999999999999933e-01,0.000000000000000000e+00
-1.527426395939086357e+00,3.049999999999999933e-01,0.000000000000000000e+00
-1.524923857868020427e+00,3.049999999999999933e-01,0.000000000000000000e+00
-1.522421319796954498e+00,3.049999999999999933e-01,0.000000000000000000e+00
-1.519918781725888346e+00,3.049999999999999933e-01,0.000000000000000000e+00
-1.517416243654822416e+00,3.049999999999999933e-01,0.000000000000000000e+00
-1.514913705583756487e+00,3.049999999999999933e-01,0.000000000000000000e+00
-1.512411167512690557e+00,3.049999999999999933e-01,0.000000000000000000e+00
-1.509908629441624406e+00,3.049999999999999933e-01,0.000000000000000000e+00
-1.507406091370558476e+00,3.049999999999999933e-01,0.000000000000000000e+00
-1.504903553299492547e+00,3.049999999999999933e-01,0.000000000000000000e+00
-1.502401015228426395e+00,3.049999999999999933e-01,0.000000000000000000e+00
-1.499898477157360466e+00,3.049999999999999933e-01,0.000000000000000000e+00
-1.497395939086294536e+00,3.049999999999999933e-01,0.000000000000000000e+00
-1.494893401015228607e+00,3.049999999999999933e-01,0.000000000000000000e+00
-1.492390862944162455e+00,3.049999999999999933e-01,0.000000000000000000e+00
-1.489888324873096526e+00,3.049999999999999933e-01,0.000000000000000000e+00
-1.487385786802030596e+00,3.049999999999999933e-01,0.000000000000000000e+00
-1.484883248730964667e+00,3.049999999999999933e-01,0.000000000000000000e+00
-1.482380710659898515e+00,3.049999999999999933e-01,0.000000000000000000e+00
-1.479878172588832586e+00,3.049999999999999933e-01,0.000000000000000000e+00
-1.477375634517766656e+00,3.049999999999999933e-01,0.000000000000000000e+00
-1.474873096446700504e+00,3.049999999999999933e-01,0.000000000000000000e+00
-1.472370558375634575e+00,3.049999999999999933e-01,0.000000000000000000e+00
-1.469868020304568645e+00,3.049999999999999933e-01,0.000000000000000000e+00
-1.467365482233502716e+00,3.049999999999999933e-01,0.000000000000000000e+00
-1.464862944162436564e+00,3.049999999999999933e-01,0.000000000000000000e+00
-1.462360406091370635e+00,3.049999999999999933e-01,0.000000000000000000e+00
-1.459857868020304705e+00,3.049999999999999933e-01,0.000000000000000000e+00
-1.457355329949238776e+00,3.049999999999999933e-01,0.000000000000000000e+00
-1.454852791878172624e+00,3.049999999999999933e-01,0.000000000000000000e+00
-1.452350253807106695e+00,3.049999999999999933e-01,0.000000000000000000e+00
-1.449847715736040765e+00,3.049999999999999933e-01,0.000000000000000000e+00
-1.447345177664974614e+00,3.049999999999999933e-01,0.000000000000000000e+00
-1.444842639593908684e+00,3.049999999999999933e-01,0.000000000000000000e+00
-1.442340101522842755e+00,3.049999999999999933e-01,0.000000000000000000e+00
-1.439837563451776825e+00,3.049999999999999933e-01,0.000000000000000000e+00
-1.437335025380710674e+00,3.049999999999999933e-01,0.000000000000000000e+00
-1.434832487309644744e+00,3.049999999999999933e-01,0.000000000000000000e+00
-1.432329949238578815e+00,3.049999999999999933e-01,0.000000000000000000e+00
-1.429827411167512885e+00,3.049999999999999933e-01,0.000000000000000000e+00
-1.427324873096446733e+00,3.049999999999999933e-01,0.000000000000000000e+00
-1.424822335025380804e+00,3.049999999999999933e-01,0.000000000000000000e+00
-1.422319796954314874e+00,3.049999999999999933e-01,0.000000000000000000e+00
-1.419817258883248723e+00,3.049999999999999933e-01,0.000000000000000000e+00
-1.417314720812182793e+00,3.049999999999999933e-01,0.000000000000000000e+00
-1.414812182741116864e+00,3.049999999999999933e-01,0.000000000000000000e+00
-1.412309644670050934e+00,3.049999999999999933e-01,0.000000000000000000e+00
-1.409807106598984783e+00,3.049999999999999933e-01,0.000000000000000000e+00
-1.407304568527918853e+00,3.049999999999999933e-01,0.000000000000000000e+00
-1.404802030456852924e+00,3.049999999999999933e-01,0.000000000000000000e+00
-1.402299492385786994e+00,3.049999999999999933e-01,0.000000000000000000e+00
-1.399796954314720843e+00,3.049999999999999933e-01,0.000000000000000000e+00
-1.397294416243654913e+00,3.049999999999999933e-01,0.000000000000000000e+00
-1.394791878172588984e+00,3.049999999999999933e-01,0.000000000000000000e+00
-1.392289340101522832e+00,3.049999999999999933e-01,0.000000000000000000e+00
-1.389786802030456903e+00,3.049999999999999933e-01,0.000000000000000000e+00
-1.387284263959390973e+00,3.049999999999999933e-01,0.000000000000000000e+00
-1.384781725888325044e+00,3.049999999999999933e-01,0.000000000000000000e+00
-1.382279187817258892e+00,3.049999999999999933e-01,0.000000000000000000e+00
-1.379776649746192962e+00,3.049999999999999933e-01,0.000000000000000000e+00
-1.377274111675127033e+00,3.049999999999999933e-01,0.000000000000000000e+00
-1.374771573604061103e+00,3.049999999999999933e-01,0.000000000000000000e+00
-1.372269035532994952e+00,3.049999999999999933e-01,0.000000000000000000e+00
-1.369766497461929022e+00,3.049999999999999933e-01,0.000000000000000000e+00
-1.367263959390863093e+00,3.049999999999999933e-01,0.000000000000000000e+00
-1.364761421319796941e+00,3.049999999999999933e-01,0.000000000000000000e+00
-1.362258883248731012e+00,3.049999999999999933e-01,0.000000000000000000e+00
-1.359756345177665082e+00,3.049999999999999933e-01,0.000000000000000000e+00
-1.357253807106599153e+00,3.049999999999999933e-01,0.000000000000000000e+00
-1.354751269035533001e+00,3.049999999999999933e-01,0.000000000000000000e+00
-1.352248730964467072e+00,3.049999999999999933e-01,0.000000000000000000e+00
-1.349746192893401142e+00,3.049999999999999933e-01,0.000000000000000000e+00
-1.347243654822335213e+00,3.049999999999999933e-01,0.000000000000000000e+00
-1.344741116751269061e+00,3.049999999999999933e-01,0.000000000000000000e+00
-1.342238578680203132e+00,3.049999999999999933e-01,0.000000000000000000e+00
-1.339736040609137202e+00,3.049999999999999933e-01,0.000000000000000000e+00
-1.337233502538071050e+00,3.049999999999999933e-01,0.000000000000000000e+00
-1.334730964467005121e+00,3.049999999999999933e-01,0.000000000000000000e+00
-1.332228426395939191e+00,3.049999999999999933e-01,0.000000000000000000e+00
-1.329725888324873262e+00,3.049999999999999933e-01,0.000000000000000000e+00
-1.327223350253807332e+00,3.049999999999999933e-01,0.000000000000000000e+00
-1.324720812182741181e+00,3.049999999999999933e-01,0.000000000000000000e+00
-1.322218274111675251e+00,3.049999999999999933e-01,0.000000000000000000e+00
-1.319715736040609322e+00,3.049999999999999933e-01,0.000000000000000000e+00
-1.317213197969543170e+00,3.049999999999999933e-01,0.000000000000000000e+00
-1.314710659898477241e+00,3.049999999999999933e-01,0.000000000000000000e+00
-1.312208121827411311e+00,3.049999999999999933e-01,0.000000000000000000e+00
-1.309705583756345160e+00,3.049999999999999933e-01,0.000000000000000000e+00
-1.307203045685279230e+00,3.049999999999999933e-01,0.000000000000000000e+00
-1.304700507614213301e+00,3.049999999999999933e-01,0.000000000000000000e+00
-1.302197969543147371e+00,3.049999999999999933e-01,0.000000000000000000e+00
-1.299695431472081442e+00,3.049999999999999933e-01,0.000000000000000000e+00
-1.297192893401015290e+00,3.049999999999999933e-01,0.000000000000000000e+00
-1.294690355329949361e+00,3.049999999999999933e-01,0.000000000000000000e+00
-1.292187817258883431e+00,3.049999999999999933e-01,0.000000000000000000e+00
-1.289685279187817279e+00,3.049999999999999933e-01,0.000000000000000000e+00
-1.287182741116751350e+00,3.049999999999999933e-01,0.000000000000000000e+00
-1.284680203045685420e+00,3.049999999999999933e-01,0.000000000000000000e+00
-1.282177664974619269e+00,3.049999999999999933e-01,0.000000000000000000e+00
-1.279675126903553339e+00,3.049999999999999933e-01,0.000000000000000000e+00
-1.277172588832487410e+00,3.049999999999999933e-01,0.000000000000000000e+00
-1.274670050761421480e+00,3.049999999999999933e-01,0.000000000000000000e+00
-1.272167512690355551e+00,3.049999999999999933e-01,0.000000000000000000e+00
-1.269664974619289399e+00,3.049999999999999933e-01,0.000000000000000000e+00
-1.267162436548223470e+00,3.049999999999999933e-01,0.000000000000000000e+00
-1.264659898477157540e+00,3.049999999999999933e-01,0.000000000000000000e+00
-1.262157360406091389e+00,3.049999999999999933e-01,0.000000000000000000e+00
-1.259654822335025459e+00,3.049999999999999933e-01,0.000000000000000000e+00
-1.257152284263959530e+00,3.049999999999999933e-01,0.000000000000000000e+00
-1.254649746192893378e+00,3.049999999999999933e-01,0.000000000000000000e+00
-1.252147208121827449e+00,3.049999999999999933e-01,0.000000000000000000e+00
-1.249644670050761519e+00,3.049999999999999933e-01,0.000000000000000000e+00
-1.247142131979695590e+00,3.049999999999999933e-01,0.000000000000000000e+00
-1.244639593908629660e+00,3.049999999999999933e-01,0.000000000000000000e+00
-1.242137055837563508e+00,3.049999999999999933e-01,0.000000000000000000e+00
-1.239634517766497579e+00,3.049999999999999933e-01,0.000000000000000000e+00
-1.237131979695431649e+00,3.049999999999999933e-01,0.000000000000000000e+00
-1.234629441624365498e+00,3.049999999999999933e-01,0.000000000000000000e+00
-1.232126903553299568e+00,3.049999999999999933e-01,0.000000000000000000e+00
-1.229624365482233639e+00,3.049999999999999933e-01,0.000000000000000000e+00
-1.227121827411167487e+00,3.049999999999999933e-01,0.000000000000000000e+00
-1.224619289340101558e+00,3.049999999999999933e-01,0.000000000000000000e+00
-1.222116751269035628e+00,3.049999999999999933e-01,0.000000000000000000e+00
-1.219614213197969699e+00,3.049999999999999933e-01,0.000000000000000000e+00
-1.217111675126903769e+00,3.049999999999999933e-01,0.000000000000000000e+00
-1.214609137055837618e+00,3.049999999999999933e-01,0.000000000000000000e+00
-1.212106598984771688e+00,3.049999999999999933e-01,0.000000000000000000e+00
-1.209604060913705759e+00,3.049999999999999933e-01,0.000000000000000000e+00
-1.207101522842639607e+00,3.049999999999999933e-01,0.000000000000000000e+00
-1.204598984771573678e+00,3.049999999999999933e-01,0.000000000000000000e+00
-1.202096446700507748e+00,3.049999999999999933e-01,0.000000000000000000e+00
-1.199593908629441597e+00,3.049999999999999933e-01,0.000000000000000000e+00
-1.197091370558375667e+00,3.049999999999999933e-01,0.000000000000000000e+00
-1.194588832487309737e+00,3.049999999999999933e-01,0.000000000000000000e+00
-1.192086294416243808e+00,3.049999999999999933e-01,0.000000000000000000e+00
-1.189583756345177878e+00,3.049999999999999933e-01,0.000000000000000000e+00
-1.187081218274111727e+00,3.049999999999999933e-01,0.000000000000000000e+00
-1.184578680203045797e+00,3.049999999999999933e-01,0.000000000000000000e+00
-1.182076142131979868e+00,3.049999999999999933e-01,0.000000000000000000e+00
-1.179573604060913716e+00,3.049999999999999933e-01,0.000000000000000000e+00
-1.177071065989847787e+00,3.049999999999999933e-01,0.000000000000000000e+00
-1.174568527918781857e+00,3.049999999999999933e-01,0.000000000000000000e+00
-1.172065989847715706e+00,3.049999999999999933e-01,0.000000000000000000e+00
-1.169563451776649776e+00,3.049999999999999933e-01,0.000000000000000000e+00
-1.167060913705583847e+00,3.049999999999999933e-01,0.000000000000000000e+00
-1.164558375634517917e+00,3.049999999999999933e-01,0.000000000000000000e+00
-1.162055837563451988e+00,3.049999999999999933e-01,0.000000000000000000e+00
-1.159553299492385836e+00,3.049999999999999933e-01,0.000000000000000000e+00
-1.157050761421319907e+00,3.049999999999999933e-01,0.000000000000000000e+00
-1.154548223350253977e+00,3.049999999999999933e-01,0.000000000000000000e+00
-1.152045685279187826e+00,3.049999999999999933e-01,0.000000000000000000e+00
-1.149543147208121896e+00,3.049999999999999933e-01,0.000000000000000000e+00
-1.147040609137055966e+00,3.049999999999999933e-01,0.000000000000000000e+00
-1.144538071065989815e+00,3.049999999999999933e-01,0.000000000000000000e+00
-1.142035532994923885e+00,3.049999999999999933e-01,0.000000000000000000e+00
-1.139532994923857956e+00,3.049999999999999933e-01,0.000000000000000000e+00
-1.137030456852792026e+00,3.049999999999999933e-01,0.000000000000000000e+00
-1.134527918781726097e+00,3.049999999999999933e-01,0.000000000000000000e+00
-1.132025380710659945e+00,3.049999999999999933e-01,0.000000000000000000e+00
-1.129522842639594016e+00,3.049999999999999933e-01,0.000000000000000000e+00
-1.127020304568528086e+00,3.049999999999999933e-01,0.000000000000000000e+00
-1.124517766497461935e+00,3.049999999999999933e-01,0.000000000000000000e+00
-1.122015228426396005e+00,3.049999999999999933e-01,0.000000000000000000e+00
-1.119512690355330076e+00,3.049999999999999933e-01,0.000000000000000000e+00
-1.117010152284263924e+00,3.049999999999999933e-01,0.000000000000000000e+00
-1.114507614213197995e+00,3.049999999999999933e-01,0.000000000000000000e+00
-1.112005076142132065e+00,3.049999999999999933e-01,0.000000000000000000e+00
-1.109502538071066136e+00,3.049999999999999933e-01,0.000000000000000000e+00
-1.107000000000000206e+00,3.049999999999999933e-01,0.000000000000000000e+00
-1.104497461928934054e+00,3.049999999999999933e-01,0.000000000000000000e+00
-1.101994923857868125e+00,3.049999999999999933e-01,0.000000000000000000e+00
-1.099492385786802195e+00,3.049999999999999933e-01,0.000000000000000000e+00
-1.096989847715736044e+00,3.049999999999999933e-01,0.000000000000000000e+00
-1.094487309644670114e+00,3.049999999999999933e-01,0.000000000000000000e+00
-1.091984771573604185e+00,3.049999999999999933e-01,0.000000000000000000e+00
-1.089482233502538033e+00,3.049999999999999933e-01,0.000000000000000000e+00
-1.086979695431472326e+00,3.049999999999999933e-01,0.000000000000000000e+00
-1.084477157360406174e+00,3.049999999999999933e-01,0.000000000000000000e+00
-1.081974619289340245e+00,3.049999999999999933e-01,0.000000000000000000e+00
-1.079472081218274315e+00,3.049999999999999933e-01,0.000000000000000000e+00
-1.076969543147208164e+00,3.049999999999999933e-01,0.000000000000000000e+00
-1.074467005076142234e+00,3.049999999999999933e-01,0.000000000000000000e+00
-1.071964467005076305e+00,3.049999999999999933e-01,0.000000000000000000e+00
-1.069461928934010153e+00,3.049999999999999933e-01,0.000000000000000000e+00
-1.066959390862944224e+00,3.049999999999999933e-01,0.000000000000000000e+00
-1.064456852791878294e+00,3.049999999999999933e-01,0.000000000000000000e+00
-1.061954314720812143e+00,3.049999999999999933e-01,0.000000000000000000e+00
-1.059451776649746435e+00,3.049999999999999933e-01,0.000000000000000000e+00
-1.056949238578680283e+00,3.049999999999999933e-01,0.000000000000000000e+00
-1.054446700507614354e+00,3.049999999999999933e-01,0.000000000000000000e+00
-1.051944162436548424e+00,3.049999999999999933e-01,0.000000000000000000e+00
-1.049441624365482273e+00,3.049999999999999933e-01,0.000000000000000000e+00
-1.046939086294416343e+00,3.049999999999999933e-01,0.000000000000000000e+00
-1.044436548223350414e+00,3.049999999999999933e-01,0.000000000000000000e+00
-1.041934010152284262e+00,3.049999999999999933e-01,0.000000000000000000e+00
-1.039431472081218333e+00,3.049999999999999933e-01,0.000000000000000000e+00
-1.036928934010152403e+00,3.049999999999999933e-01,0.000000000000000000e+00
-1.034426395939086252e+00,3.049999999999999933e-01,0.000000000000000000e+00
-1.031923857868020544e+00,3.049999999999999933e-01,0.000000000000000000e+00
-1.029421319796954393e+00,3.049999999999999933e-01,0.000000000000000000e+00
-1.026918781725888463e+00,3.049999999999999933e-01,0.000000000000000000e+00
-1.024416243654822534e+00,3.049999999999999933e-01,0.000000000000000000e+00
-1.021913705583756382e+00,3.049999999999999933e-01,0.000000000000000000e+00
-1.019411167512690453e+00,3.049999999999999933e-01,0.000000000000000000e+00
-1.016908629441624523e+00,3.049999999999999933e-01,0.000000000000000000e+00
-1.014406091370558372e+00,3.049999999999999933e-01,0.000000000000000000e+00
-1.011903553299492442e+00,3.049999999999999933e-01,0.000000000000000000e+00
-1.009401015228426512e+00,3.049999999999999933e-01,0.000000000000000000e+00
-1.006898477157360361e+00,3.049999999999999933e-01,0.000000000000000000e+00
-1.004395939086294653e+00,3.049999999999999933e-01,0.000000000000000000e+00
-1.001893401015228502e+00,3.049999999999999933e-01,0.000000000000000000e+00
-9.993908629441625724e-01,3.049999999999999933e-01,0.000000000000000000e+00
-9.968883248730965319e-01,3.049999999999999933e-01,0.000000000000000000e+00
-9.943857868020306023e-01,3.049999999999999933e-01,0.000000000000000000e+00
-9.918832487309645618e-01,3.049999999999999933e-01,0.000000000000000000e+00
-9.893807106598986323e-01,3.049999999999999933e-01,0.000000000000000000e+00
-9.868781725888325917e-01,3.049999999999999933e-01,0.000000000000000000e+00
-9.843756345177665512e-01,3.049999999999999933e-01,0.000000000000000000e+00
-9.818730964467006217e-01,3.049999999999999933e-01,0.000000000000000000e+00
-9.793705583756345812e-01,3.049999999999999933e-01,0.000000000000000000e+00
-9.768680203045686516e-01,3.049999999999999933e-01,0.000000000000000000e+00
-9.743654822335026111e-01,3.049999999999999933e-01,0.000000000000000000e+00
-9.718629441624366816e-01,3.049999999999999933e-01,0.000000000000000000e+00
-9.693604060913706411e-01,3.049999999999999933e-01,0.000000000000000000e+00
-9.668578680203047115e-01,3.049999999999999933e-01,0.000000000000000000e+00
-9.643553299492386710e-01,3.049999999999999933e-01,0.000000000000000000e+00
-9.618527918781727415e-01,3.049999999999999933e-01,0.000000000000000000e+00
-9.593502538071067010e-01,3.049999999999999933e-01,0.000000000000000000e+00
-9.568477157360406604e-01,3.049999999999999933e-01,0.000000000000000000e+00
-9.543451776649747309e-01,3.049999999999999933e-01,0.000000000000000000e+00
-9.518426395939086904e-01,3.049999999999999933e-01,0.000000000000000000e+00
-9.493401015228427609e-01,3.049999999999999933e-01,0.000000000000000000e+00
-9.468375634517767203e-01,3.049999999999999933e-01,0.000000000000000000e+00
-9.443350253807107908e-01,3.049999999999999933e-01,0.000000000000000000e+00
-9.418324873096447503e-01,3.049999999999999933e-01,0.000000000000000000e+00
-9.393299492385788207e-01,3.049999999999999933e-01,0.000000000000000000e+00
-9.368274111675127802e-01,3.049999999999999933e-01,0.000000000000000000e+00
-9.343248730964468507e-01,3.049999999999999933e-01,0.000000000000000000e+00
-9.318223350253808102e-01,3.049999999999999933e-01,0.000000000000000000e+00
-9.293197969543147696e-01,3.049999999999999933e-01,0.000000000000000000e+00
-9.268172588832488401e-01,3.049999999999999933e-01,0.000000000000000000e+00
-9.243147208121827996e-01,3.049999999999999933e-01,0.000000000000000000e+00
-9.218121827411168701e-01,3.049999999999999933e-01,0.000000000000000000e+00
-9.193096446700508295e-01,3.049999999999999933e-01,0.000000000000000000e+00
-9.168071065989849000e-01,3.049999999999999933e-01,0.000000000000000000e+00
-9.143045685279188595e-01,3.049999999999999933e-01,0.000000000000000000e+00
-9.118020304568529300e-01,3.049999999999999933e-01,0.000000000000000000e+00
-9.092994923857868894e-01,3.049999999999999933e-01,0.000000000000000000e+00
-9.067969543147209599e-01,3.049999999999999933e-01,0.000000000000000000e+00
-9.042944162436549194e-01,3.049999999999999933e-01,0.000000000000000000e+00
-9.017918781725889898e-01,3.049999999999999933e-01,0.000000000000000000e+00
-8.992893401015229493e-01,3.049999999999999933e-01,0.000000000000000000e+00
-8.967868020304569088e-01,3.049999999999999933e-01,0.000000000000000000e+00
-8.942842639593909793e-01,3.049999999999999933e-01,0.000000000000000000e+00
-8.917817258883249387e-01,3.049999999999999933e-01,0.000000000000000000e+00
-8.892791878172590092e-01,3.049999999999999933e-01,0.000000000000000000e+00
-8.867766497461929687e-01,3.049999999999999933e-01,0.000000000000000000e+00
-8.842741116751270392e-01,3.049999999999999933e-01,0.000000000000000000e+00
-8.817715736040609986e-01,3.049999999999999933e-01,0.000000000000000000e+00
-8.792690355329950691e-01,3.049999999999999933e-01,0.000000000000000000e+00
-8.767664974619290286e-01,3.049999999999999933e-01,0.000000000000000000e+00
-8.742639593908630991e-01,3.049999999999999933e-01,0.000000000000000000e+00
-8.717614213197970585e-01,3.049999999999999933e-01,0.000000000000000000e+00
-8.692588832487310180e-01,3.049999999999999933e-01,0.000000000000000000e+00
-8.667563451776650885e-01,3.049999999999999933e-01,0.000000000000000000e+00
-8.642538071065990479e-01,3.049999999999999933e-01,0.000000000000000000e+00
-8.617512690355331184e-01,3.049999999999999933e-01,0.000000000000000000e+00
-8.592487309644670779e-01,3.049999999999999933e-01,0.000000000000000000e+00
-8.567461928934011484e-01,3.049999999999999933e-01,0.000000000000000000e+00
-8.542436548223351078e-01,3.049999999999999933e-01,0.000000000000000000e+00
-8.517411167512691783e-01,3.049999999999999933e-01,0.000000000000000000e+00
-8.492385786802031378e-01,3.049999999999999933e-01,0.000000000000000000e+00
-8.467360406091372083e-01,3.049999999999999933e-01,0.000000000000000000e+00
-8.442335025380711677e-01,3.049999999999999933e-01,0.000000000000000000e+00
-8.417309644670051272e-01,3.049999999999999933e-01,0.000000000000000000e+00
-8.392284263959391977e-01,3.049999999999999933e-01,0.000000000000000000e+00
-8.367258883248731571e-01,3.049999999999999933e-01,0.000000000000000000e+00
-8.342233502538072276e-01,3.049999999999999933e-01,0.000000000000000000e+00
-8.317208121827411871e-01,3.049999999999999933e-01,0.000000000000000000e+00
-8.292182741116752576e-01,3.049999999999999933e-01,0.000000000000000000e+00
-8.267157360406092170e-01,3.049999999999999933e-01,0.000000000000000000e+00
-8.242131979695432875e-01,3.049999999999999933e-01,0.000000000000000000e+00
-8.217106598984772470e-01,3.049999999999999933e-01,0.000000000000000000e+00
-8.192081218274113175e-01,3.049999999999999933e-01,0.000000000000000000e+00
-8.167055837563452769e-01,3.049999999999999933e-01,0.000000000000000000e+00
-8.142030456852793474e-01,3.049999999999999933e-01,0.000000000000000000e+00
-8.117005076142133069e-01,3.049999999999999933e-01,0.000000000000000000e+00
-8.091979695431472663e-01,3.049999999999999933e-01,0.000000000000000000e+00
-8.066954314720813368e-01,3.049999999999999933e-01,0.000000000000000000e+00
-8.041928934010152963e-01,3.049999999999999933e-01,0.000000000000000000e+00
-8.016903553299493668e-01,3.049999999999999933e-01,0.000000000000000000e+00
-7.991878172588833262e-01,3.049999999999999933e-01,0.000000000000000000e+00
-7.966852791878173967e-01,3.049999999999999933e-01,0.000000000000000000e+00
-7.941827411167513562e-01,3.049999999999999933e-01,0.000000000000000000e+00
-7.916802030456854267e-01,3.049999999999999933e-01,0.000000000000000000e+00
-7.891776649746193861e-01,3.049999999999999933e-01,0.000000000000000000e+00
-7.866751269035534566e-01,3.049999999999999933e-01,0.000000000000000000e+00
-7.841725888324874161e-01,3.049999999999999933e-01,0.000000000000000000e+00
-7.816700507614213755e-01,3.049999999999999933e-01,0.000000000000000000e+00
-7.791675126903554460e-01,3.049999999999999933e-01,0.000000000000000000e+00
-7.766649746192894055e-01,3.049999999999999933e-01,0.000000000000000000e+00
-7.741624365482234760e-01,3.049999999999999933e-01,0.000000000000000000e+00
-7.716598984771574354e-01,3.049999999999999933e-01,0.000000000000000000e+00
-7.691573604060915059e-01,3.049999999999999933e-01,0.000000000000000000e+00
-7.666548223350254654e-01,3.049999999999999933e-01,0.000000000000000000e+00
-7.641522842639595359e-01,3.049999999999999933e-01,0.000000000000000000e+00
-7.616497461928934953e-01,3.049999999999999933e-01,0.000000000000000000e+00
-7.591472081218275658e-01,3.049999999999999933e-01,0.000000000000000000e+00
-7.566446700507615253e-01,3.049999999999999933e-01,0.000000000000000000e+00
-7.541421319796954847e-01,3.049999999999999933e-01,0.000000000000000000e+00
-7.516395939086295552e-01,3.049999999999999933e-01,0.000000000000000000e+00
-7.491370558375635147e-01,3.049999999999999933e-01,0.000000000000000000e+00
-7.466345177664975852e-01,3.049999999999999933e-01,0.000000000000000000e+00
-7.441319796954315446e-01,3.049999999999999933e-01,0.000000000000000000e+00
-7.416294416243656151e-01,3.049999999999999933e-01,0.000000000000000000e+00
-7.391269035532995746e-01,3.049999999999999933e-01,0.000000000000000000e+00
-7.366243654822336451e-01,3.049999999999999933e-01,0.000000000000000000e+00
-7.341218274111676045e-01,3.049999999999999933e-01,0.000000000000000000e+00
-7.316192893401016750e-01,3.049999999999999933e-01,0.000000000000000000e+00
-7.291167512690356345e-01,3.049999999999999933e-01,0.000000000000000000e+00
-7.266142131979697050e-01,3.049999999999999933e-01,0.000000000000000000e+00
-7.241116751269036644e-01,3.049999999999999933e-01,0.000000000000000000e+00
-7.216091370558376239e-01,3.049999999999999933e-01,0.000000000000000000e+00
-7.191065989847716944e-01,3.049999999999999933e-01,0.000000000000000000e+00
-7.166040609137056538e-01,3.049999999999999933e-01,0.000000000000000000e+00
-7.141015228426397243e-01,3.049999999999999933e-01,0.000000000000000000e+00
-7.115989847715736838e-01,3.049999999999999933e-01,0.000000000000000000e+00
-7.090964467005077543e-01,3.049999999999999933e-01,0.000000000000000000e+00
-7.065939086294417137e-01,3.049999999999999933e-01,0.000000000000000000e+00
-7.040913705583757842e-01,3.049999999999999933e-01,0.000000000000000000e+00
-7.015888324873097437e-01,3.049999999999999933e-01,0.000000000000000000e+00
-6.990862944162438142e-01,3.049999999999999933e-01,0.000000000000000000e+00
-6.965837563451777736e-01,3.049999999999999933e-01,0.000000000000000000e+00
-6.940812182741117331e-01,3.049999999999999933e-01,0.000000000000000000e+00
-6.915786802030458036e-01,3.049999999999999933e-01,0.000000000000000000e+00
-6.890761421319797631e-01,3.049999999999999933e-01,0.000000000000000000e+00
-6.865736040609138335e-01,3.049999999999999933e-01,0.000000000000000000e+00
-6.840710659898477930e-01,3.049999999999999933e-01,0.000000000000000000e+00
-6.815685279187818635e-01,3.049999999999999933e-01,0.000000000000000000e+00
-6.790659898477158229e-01,3.049999999999999933e-01,0.000000000000000000e+00
-6.765634517766498934e-01,3.049999999999999933e-01,0.000000000000000000e+00
-6.740609137055838529e-01,3.049999999999999933e-01,0.000000000000000000e+00
-6.715583756345179234e-01,3.049999999999999933e-01,0.000000000000000000e+00
-6.690558375634518828e-01,3.049999999999999933e-01,0.000000000000000000e+00
-6.665532994923858423e-01,3.049999999999999933e-01,0.000000000000000000e+00
-6.640507614213199128e-01,3.049999999999999933e-01,0.000000000000000000e+00
-6.615482233502538723e-01,3.049999999999999933e-01,0.000000000000000000e+00
-6.590456852791879427e-01,3.049999999999999933e-01,0.000000000000000000e+00
-6.565431472081219022e-01,3.049999999999999933e-01,0.000000000000000000e+00
-6.540406091370559727e-01,3.049999999999999933e-01,0.000000000000000000e+00
-6.515380710659899322e-01,3.049999999999999933e-01,0.000000000000000000e+00
-6.490355329949240026e-01,3.049999999999999933e-01,0.000000000000000000e+00
-6.465329949238579621e-01,3.049999999999999933e-01,0.000000000000000000e+00
-6.440304568527920326e-01,3.049999999999999933e-01,0.000000000000000000e+00
-6.415279187817259920e-01,3.049999999999999933e-01,0.000000000000000000e+00
-6.390253807106600625e-01,3.049999999999999933e-01,0.000000000000000000e+00
-6.365228426395940220e-01,3.049999999999999933e-01,0.000000000000000000e+00
-6.340203045685279815e-01,3.049999999999999933e-01,0.000000000000000000e+00
-6.315177664974620519e-01,3.049999999999999933e-01,0.000000000000000000e+00
-6.290152284263960114e-01,3.049999999999999933e-01,0.000000000000000000e+00
-6.265126903553300819e-01,3.049999999999999933e-01,0.000000000000000000e+00
-6.240101522842640414e-01,3.049999999999999933e-01,0.000000000000000000e+00
-6.215076142131981118e-01,3.049999999999999933e-01,0.000000000000000000e+00
-6.190050761421320713e-01,3.049999999999999933e-01,0.000000000000000000e+00
-6.165025380710661418e-01,3.049999999999999933e-01,0.000000000000000000e+00
-6.140000000000001013e-01,3.049999999999999933e-01,0.000000000000000000e+00
-6.114974619289341717e-01,3.049999999999999933e-01,0.000000000000000000e+00
-6.089949238578681312e-01,3.049999999999999933e-01,0.000000000000000000e+00
-6.064923857868020907e-01,3.049999999999999933e-01,0.000000000000000000e+00
-6.039898477157361611e-01,3.049999999999999933e-01,0.000000000000000000e+00
-6.014873096446701206e-01,3.049999999999999933e-01,0.000000000000000000e+00
-5.989847715736040801e-01,3.049999999999999933e-01,0.000000000000000000e+00
-5.964822335025381506e-01,3.049999999999999933e-01,0.000000000000000000e+00
-5.939796954314722210e-01,3.049999999999999933e-01,0.000000000000000000e+00
-5.914771573604062915e-01,3.049999999999999933e-01,0.000000000000000000e+00
-5.889746192893401400e-01,3.049999999999999933e-01,0.000000000000000000e+00
-5.864720812182742105e-01,3.049999999999999933e-01,0.000000000000000000e+00
-5.839695431472082809e-01,3.049999999999999933e-01,0.000000000000000000e+00
-5.814670050761423514e-01,3.049999999999999933e-01,0.000000000000000000e+00
-5.789644670050761999e-01,3.049999999999999933e-01,0.000000000000000000e+00
-5.764619289340102704e-01,3.049999999999999933e-01,0.000000000000000000e+00
-5.739593908629443408e-01,3.049999999999999933e-01,0.000000000000000000e+00
-5.714568527918781893e-01,3.049999999999999933e-01,0.000000000000000000e+00
-5.689543147208122598e-01,3.049999999999999933e-01,0.000000000000000000e+00
-5.664517766497463302e-01,3.049999999999999933e-01,0.000000000000000000e+00
-5.639492385786804007e-01,3.049999999999999933e-01,0.000000000000000000e+00
-5.614467005076142492e-01,3.049999999999999933e-01,0.000000000000000000e+00
-5.589441624365483197e-01,3.049999999999999933e-01,0.000000000000000000e+00
-5.564416243654823901e-01,3.049999999999999933e-01,0.000000000000000000e+00
-5.539390862944164606e-01,3.049999999999999933e-01,0.000000000000000000e+00
-5.514365482233503091e-01,3.049999999999999933e-01,0.000000000000000000e+00
-5.489340101522843796e-01,3.049999999999999933e-01,0.000000000000000000e+00
-5.464314720812184500e-01,3.049999999999999933e-01,0.000000000000000000e+00
-5.439289340101522985e-01,3.049999999999999933e-01,0.000000000000000000e+00
-5.414263959390863690e-01,3.049999999999999933e-01,0.000000000000000000e+00
-5.389238578680204395e-01,3.049999999999999933e-01,0.000000000000000000e+00
-5.364213197969545099e-01,3.049999999999999933e-01,0.000000000000000000e+00
-5.339187817258883584e-01,3.049999999999999933e-01,0.000000000000000000e+00
-5.314162436548224289e-01,3.049999999999999933e-01,0.000000000000000000e+00
-5.289137055837564994e-01,3.049999999999999933e-01,0.000000000000000000e+00
-5.264111675126905698e-01,3.049999999999999933e-01,0.000000000000000000e+00
-5.239086294416244183e-01,3.049999999999999933e-01,0.000000000000000000e+00
-5.214060913705584888e-01,3.049999999999999933e-01,0.000000000000000000e+00
-5.189035532994925592e-01,3.049999999999999933e-01,0.000000000000000000e+00
-5.164010152284264077e-01,3.049999999999999933e-01,0.000000000000000000e+00
-5.138984771573604782e-01,3.049999999999999933e-01,0.000000000000000000e+00
-5.113959390862945487e-01,3.049999999999999933e-01,0.000000000000000000e+00
-5.088934010152286191e-01,3.049999999999999933e-01,0.000000000000000000e+00
-5.063908629441624676e-01,3.049999999999999933e-01,0.000000000000000000e+00
-5.038883248730965381e-01,3.049999999999999933e-01,0.000000000000000000e+00
-5.013857868020306086e-01,3.049999999999999933e-01,0.000000000000000000e+00
-4.988832487309646790e-01,3.049999999999999933e-01,0.000000000000000000e+00
-4.963807106598985275e-01,3.049999999999999933e-01,0.000000000000000000e+00
-4.938781725888325980e-01,3.049999999999999933e-01,0.000000000000000000e+00
-4.913756345177666685e-01,3.049999999999999933e-01,0.000000000000000000e+00
-4.888730964467005169e-01,3.049999999999999933e-01,0.000000000000000000e+00
-4.863705583756345874e-01,3.049999999999999933e-01,0.000000000000000000e+00
-4.838680203045686579e-01,3.049999999999999933e-01,0.000000000000000000e+00
-4.813654822335027283e-01,3.049999999999999933e-01,0.000000000000000000e+00
-4.788629441624365768e-01,3.049999999999999933e-01,0.000000000000000000e+00
-4.763604060913706473e-01,3.049999999999999933e-01,0.000000000000000000e+00
-4.738578680203047178e-01,3.049999999999999933e-01,0.000000000000000000e+00
-4.713553299492387882e-01,3.049999999999999933e-01,0.000000000000000000e+00
-4.688527918781726367e-01,3.049999999999999933e-01,0.000000000000000000e+00
-4.663502538071067072e-01,3.049999999999999933e-01,0.000000000000000000e+00
-4.638477157360407777e-01,3.049999999999999933e-01,0.000000000000000000e+00
-4.613451776649746261e-01,3.049999999999999933e-01,0.000000000000000000e+00
-4.588426395939086966e-01,3.049999999999999933e-01,0.000000000000000000e+00
-4.563401015228427671e-01,3.049999999999999933e-01,0.000000000000000000e+00
-4.538375634517768376e-01,3.049999999999999933e-01,0.000000000000000000e+00
-4.513350253807106860e-01,3.049999999999999933e-01,0.000000000000000000e+00
-4.488324873096447565e-01,3.049999999999999933e-01,0.000000000000000000e+00
-4.463299492385788270e-01,3.049999999999999933e-01,0.000000000000000000e+00
-4.438274111675128974e-01,3.049999999999999933e-01,0.000000000000000000e+00
-4.413248730964467459e-01,3.049999999999999933e-01,0.000000000000000000e+00
-4.388223350253808164e-01,3.049999999999999933e-01,0.000000000000000000e+00
-4.363197969543148869e-01,3.049999999999999933e-01,0.000000000000000000e+00
-4.338172588832487353e-01,3.049999999999999933e-01,0.000000000000000000e+00
-4.313147208121828058e-01,3.049999999999999933e-01,0.000000000000000000e+00
-4.288121827411168763e-01,3.049999999999999933e-01,0.000000000000000000e+00
-4.263096446700509468e-01,3.049999999999999933e-01,0.000000000000000000e+00
-4.238071065989847952e-01,3.049999999999999933e-01,0.000000000000000000e+00
-4.213045685279188657e-01,3.049999999999999933e-01,0.000000000000000000e+00
-4.188020304568529362e-01,3.049999999999999933e-01,0.000000000000000000e+00
-4.162994923857870067e-01,3.049999999999999933e-01,0.000000000000000000e+00
-4.137969543147208551e-01,3.049999999999999933e-01,0.000000000000000000e+00
-4.112944162436549256e-01,3.049999999999999933e-01,0.000000000000000000e+00
-4.087918781725889961e-01,3.049999999999999933e-01,0.000000000000000000e+00
-4.062893401015230666e-01,3.049999999999999933e-01,0.000000000000000000e+00
-4.037868020304569150e-01,3.049999999999999933e-01,0.000000000000000000e+00
-4.012842639593909855e-01,3.049999999999999933e-01,0.000000000000000000e+00
-3.987817258883250560e-01,3.049999999999999933e-01,0.000000000000000000e+00
-3.962791878172589044e-01,3.049999999999999933e-01,0.000000000000000000e+00
-3.937766497461929749e-01,3.049999999999999933e-01,0.000000000000000000e+00
-3.912741116751270454e-01,3.049999999999999933e-01,0.000000000000000000e+00
-3.887715736040611159e-01,3.049999999999999933e-01,0.000000000000000000e+00
-3.862690355329949643e-01,3.049999999999999933e-01,0.000000000000000000e+00
-3.837664974619290348e-01,3.049999999999999933e-01,0.000000000000000000e+00
-3.812639593908631053e-01,3.049999999999999933e-01,0.000000000000000000e+00
-3.787614213197971758e-01,3.049999999999999933e-01,0.000000000000000000e+00
-3.762588832487310242e-01,3.049999999999999933e-01,0.000000000000000000e+00
-3.737563451776650947e-01,3.049999999999999933e-01,0.000000000000000000e+00
-3.712538071065991652e-01,3.049999999999999933e-01,0.000000000000000000e+00
-3.687512690355330136e-01,3.049999999999999933e-01,0.000000000000000000e+00
-3.662487309644670841e-01,3.049999999999999933e-01,0.000000000000000000e+00
-3.637461928934011546e-01,3.049999999999999933e-01,0.000000000000000000e+00
-3.612436548223352251e-01,3.049999999999999933e-01,0.000000000000000000e+00
-3.587411167512690735e-01,3.049999999999999933e-01,0.000000000000000000e+00
-3.562385786802031440e-01,3.049999999999999933e-01,0.000000000000000000e+00
-3.537360406091372145e-01,3.049999999999999933e-01,0.000000000000000000e+00
-3.512335025380712850e-01,3.049999999999999933e-01,0.000000000000000000e+00
-3.487309644670051334e-01,3.049999999999999933e-01,0.000000000000000000e+00
-3.462284263959392039e-01,3.049999999999999933e-01,0.000000000000000000e+00
-3.437258883248732744e-01,3.049999999999999933e-01,0.000000000000000000e+00
-3.412233502538071228e-01,3.049999999999999933e-01,0.000000000000000000e+00
-3.387208121827411933e-01,3.049999999999999933e-01,0.000000000000000000e+00
-3.362182741116752638e-01,3.049999999999999933e-01,0.000000000000000000e+00
-3.337157360406093343e-01,3.049999999999999933e-01,0.000000000000000000e+00
-3.312131979695431827e-01,3.049999999999999933e-01,0.000000000000000000e+00
-3.287106598984772532e-01,3.049999999999999933e-01,0.000000000000000000e+00
-3.262081218274113237e-01,3.049999999999999933e-01,0.000000000000000000e+00
-3.237055837563453942e-01,3.049999999999999933e-01,0.000000000000000000e+00
-3.212030456852792426e-01,3.049999999999999933e-01,0.000000000000000000e+00
-3.187005076142133131e-01,3.049999999999999933e-01,0.000000000000000000e+00
-3.161979695431473836e-01,3.049999999999999933e-01,0.000000000000000000e+00
-3.136954314720812320e-01,3.049999999999999933e-01,0.000000000000000000e+00
-3.111928934010153025e-01,3.049999999999999933e-01,0.000000000000000000e+00
-3.086903553299493730e-01,3.049999999999999933e-01,0.000000000000000000e+00
-3.061878172588834435e-01,3.049999999999999933e-01,0.000000000000000000e+00
-3.036852791878172919e-01,3.049999999999999933e-01,0.000000000000000000e+00
-3.011827411167513624e-01,3.049999999999999933e-01,0.000000000000000000e+00
-2.986802030456854329e-01,3.049999999999999933e-01,0.000000000000000000e+00
-2.961776649746195034e-01,3.049999999999999933e-01,0.000000000000000000e+00
-2.936751269035533518e-01,3.049999999999999933e-01,0.000000000000000000e+00
-2.911725888324874223e-01,3.049999999999999933e-01,0.000000000000000000e+00
-2.886700507614214928e-01,3.049999999999999933e-01,0.000000000000000000e+00
-2.861675126903553412e-01,3.049999999999999933e-01,0.000000000000000000e+00
-2.836649746192894117e-01,3.049999999999999933e-01,0.000000000000000000e+00
-2.811624365482234822e-01,3.049999999999999933e-01,0.000000000000000000e+00
-2.786598984771575527e-01,3.049999999999999933e-01,0.000000000000000000e+00
-2.761573604060914011e-01,3.049999999999999933e-01,0.000000000000000000e+00
-2.736548223350254716e-01,3.049999999999999933e-01,0.000000000000000000e+00
-2.711522842639595421e-01,3.049999999999999933e-01,0.000000000000000000e+00
-2.686497461928936126e-01,3.049999999999999933e-01,0.000000000000000000e+00
-2.661472081218274610e-01,3.049999999999999933e-01,0.000000000000000000e+00
-2.636446700507615315e-01,3.049999999999999933e-01,0.000000000000000000e+00
-2.611421319796956020e-01,3.049999999999999933e-01,0.000000000000000000e+00
-2.586395939086294504e-01,3.049999999999999933e-01,0.000000000000000000e+00
-2.561370558375635209e-01,3.049999999999999933e-01,0.000000000000000000e+00
-2.536345177664975914e-01,3.049999999999999933e-01,0.000000000000000000e+00
-2.511319796954316619e-01,3.049999999999999933e-01,0.000000000000000000e+00
-2.486294416243655103e-01,3.049999999999999933e-01,0.000000000000000000e+00
-2.461269035532995808e-01,3.049999999999999933e-01,0.000000000000000000e+00
-2.436243654822336513e-01,3.049999999999999933e-01,0.000000000000000000e+00
-2.411218274111677218e-01,3.049999999999999933e-01,0.000000000000000000e+00
-2.386192893401015702e-01,3.049999999999999933e-01,0.000000000000000000e+00
-2.361167512690356407e-01,3.049999999999999933e-01,0.000000000000000000e+00
-2.336142131979697112e-01,3.049999999999999933e-01,0.000000000000000000e+00
-2.311116751269035596e-01,3.049999999999999933e-01,0.000000000000000000e+00
-2.286091370558376301e-01,3.049999999999999933e-01,0.000000000000000000e+00
-2.261065989847717006e-01,3.049999999999999933e-01,0.000000000000000000e+00
-2.236040609137057711e-01,3.049999999999999933e-01,0.000000000000000000e+00
-2.211015228426396195e-01,3.049999999999999933e-01,0.000000000000000000e+00
-2.185989847715736900e-01,3.049999999999999933e-01,0.000000000000000000e+00
-2.160964467005077605e-01,3.049999999999999933e-01,0.000000000000000000e+00
-2.135939086294418310e-01,3.049999999999999933e-01,0.000000000000000000e+00
-2.110913705583756794e-01,3.049999999999999933e-01,0.000000000000000000e+00
-2.085888324873097499e-01,3.049999999999999933e-01,0.000000000000000000e+00
-2.060862944162438204e-01,3.049999999999999933e-01,0.000000000000000000e+00
-2.035837563451778909e-01,3.049999999999999933e-01,0.000000000000000000e+00
-2.010812182741117393e-01,3.049999999999999933e-01,0.000000000000000000e+00
-1.985786802030458098e-01,3.049999999999999933e-01,0.000000000000000000e+00
-1.960761421319798803e-01,3.049999999999999933e-01,0.000000000000000000e+00
-1.935736040609137287e-01,3.049999999999999933e-01,0.000000000000000000e+00
-1.910710659898477992e-01,3.049999999999999933e-01,0.000000000000000000e+00
-1.885685279187818697e-01,3.049999999999999933e-01,0.000000000000000000e+00
-1.860659898477159402e-01,3.049999999999999933e-01,0.000000000000000000e+00
-1.835634517766497886e-01,3.049999999999999933e-01,0.000000000000000000e+00
-1.810609137055838591e-01,3.049999999999999933e-01,0.000000000000000000e+00
-1.785583756345179296e-01,3.049999999999999933e-01,0.000000000000000000e+00
-1.760558375634520001e-01,3.049999999999999933e-01,0.000000000000000000e+00
-1.735532994923858485e-01,3.049999999999999933e-01,0.000000000000000000e+00
-1.710507614213199190e-01,3.049999999999999933e-01,0.000000000000000000e+00
-1.685482233502539895e-01,3.049999999999999933e-01,0.000000000000000000e+00
-1.660456852791878379e-01,3.049999999999999933e-01,0.000000000000000000e+00
-1.635431472081219084e-01,3.049999999999999933e-01,0.000000000000000000e+00
-1.610406091370559789e-01,3.049999999999999933e-01,0.000000000000000000e+00
-1.585380710659900494e-01,3.049999999999999933e-01,0.000000000000000000e+00
-1.560355329949238978e-01,3.049999999999999933e-01,0.000000000000000000e+00
-1.535329949238579683e-01,3.049999999999999933e-01,0.000000000000000000e+00
-1.510304568527920388e-01,3.049999999999999933e-01,0.000000000000000000e+00
-1.485279187817261093e-01,3.049999999999999933e-01,0.000000000000000000e+00
-1.460253807106599577e-01,3.049999999999999933e-01,0.000000000000000000e+00
-1.435228426395940282e-01,3.049999999999999933e-01,0.000000000000000000e+00
-1.410203045685280987e-01,3.049999999999999933e-01,0.000000000000000000e+00
-1.385177664974619471e-01,3.049999999999999933e-01,0.000000000000000000e+00
-1.360152284263960176e-01,3.049999999999999933e-01,0.000000000000000000e+00
-1.335126903553300881e-01,3.049999999999999933e-01,0.000000000000000000e+00
-1.310101522842641586e-01,3.049999999999999933e-01,0.000000000000000000e+00
-1.285076142131980070e-01,3.049999999999999933e-01,0.000000000000000000e+00
-1.260050761421320775e-01,3.049999999999999933e-01,0.000000000000000000e+00
-1.235025380710661480e-01,3.049999999999999933e-01,0.000000000000000000e+00
-1.209999999999999964e-01,3.049999999999999933e-01,0.000000000000000000e+00
-1.209999999999999964e-01,3.049999999999999933e-01,3.009771214695451391e+00
-1.183333333333333320e-01,3.049999999999999933e-01,2.575521971209876693e+00
-1.156666666666666676e-01,3.049999999999999933e-01,2.172706033516065727e+00
-1.129999999999999893e-01,3.049999999999999933e-01,1.801323401614024045e+00
-1.103333333333333249e-01,3.049999999999999933e-01,1.461374075503750092e+00
-1.076666666666666605e-01,3.049999999999999933e-01,1.152858055185240760e+00
-1.049999999999999961e-01,3.049999999999999933e-01,8.757753406584974920e-01
-1.023333333333333317e-01,3.049999999999999933e-01,6.301259319235176237e-01
-9.966666666666666730e-02,3.049999999999999933e-01,4.159098289803091486e-01
-9.700000000000000289e-02,3.049999999999999933e-01,2.331270318288628240e-01
-9.433333333333332460e-02,3.049999999999999933e-01,8.177754046918499220e-02
-9.166666666666666019e-02,3.049999999999999933e-01,-3.813864509871759539e-02
-8.899999999999999578e-02,3.049999999999999933e-01,-1.266215248748749356e-01
-8.633333333333333137e-02,3.049999999999999933e-01,-1.836710988592506477e-01
-8.366666666666666696e-02,3.049999999999999933e-01,-2.092873670518591855e-01
-8.099999999999998868e-02,3.049999999999999933e-01,-2.034703294527101247e-01
-7.833333333333333814e-02,3.049999999999999933e-01,-1.662199860617857572e-01
-7.566666666666665986e-02,3.049999999999999933e-01,-9.753633687910071015e-02
-7.299999999999999545e-02,3.049999999999999933e-01,2.580618095351235822e-03
-7.033333333333333104e-02,3.049999999999999933e-01,1.341308788615718506e-01
-6.766666666666666663e-02,3.049999999999999933e-01,2.971144454195532858e-01
-6.500000000000000222e-02,3.049999999999999933e-01,0.000000000000000000e+00
-6.500000000000000222e-02,3.049999999999999933e-01,0.000000000000000000e+00
-6.199999999999999956e-02,3.049999999999999933e-01,0.000000000000000000e+00
-5.900000000000000383e-02,3.049999999999999933e-01,0.000000000000000000e+00
-5.600000000000000117e-02,3.049999999999999933e-01,0.000000000000000000e+00
-5.600000000000000117e-02,3.049999999999999933e-01,-1.964932182106529299e-02
-5.274999999999999828e-02,3.049999999999999933e-01,-1.208066065671592693e+00
-4.950000000000000233e-02,3.049999999999999933e-01,-2.326214142902943482e+00
-4.624999999999999944e-02,3.049999999999999933e-01,-3.374093553515122856e+00
-4.299999999999999656e-02,3.049999999999999933e-01,-3.520100803894395725e+00
-4.052173913043478209e-02,3.049999999999999933e-01,0.000000000000000000e+00
-3.804347826086956069e-02,3.049999999999999933e-01,0.000000000000000000e+00
-3.556521739130434623e-02,3.049999999999999933e-01,0.000000000000000000e+00
-3.308695652173912483e-02,3.049999999999999933e-01,0.000000000000000000e+00
-3.060869565217391036e-02,3.049999999999999933e-01,0.000000000000000000e+00
-2.813043478260869590e-02,3.049999999999999933e-01,0.000000000000000000e+00
-2.565217391304347797e-02,3.049999999999999933e-01,0.000000000000000000e+00
-2.317391304347826003e-02,3.049999999999999933e-01,0.000000000000000000e+00
-2.069565217391304210e-02,3.049999999999999933e-01,0.000000000000000000e+00
-1.821739130434782417e-02,3.049999999999999933e-01,0.000000000000000000e+00
-1.573913043478260970e-02,3.049999999999999933e-01,0.000000000000000000e+00
-1.326086956521739177e-02,3.049999999999999933e-01,0.000000000000000000e+00
-1.078260869565217384e-02,3.049999999999999933e-01,0.000000000000000000e+00
-8.304347826086959372e-03,3.049999999999999933e-01,0.000000000000000000e+00
-5.826086956521737970e-03,3.049999999999999933e-01,0.000000000000000000e+00
-3.347826086956523506e-03,3.049999999999999933e-01,0.000000000000000000e+00
-8.695652173913090421e-04,-8.695652173913090421e-04,0.000000000000000000e+00
1.608695652173912360e-03,3.049999999999999933e-01,0.000000000000000000e+00
4.086956521739126824e-03,3.049999999999999933e-01,0.000000000000000000e+00
6.565217391304348227e-03,3.049999999999999933e-01,0.000000000000000000e+00
9.043478260869562690e-03,3.049999999999999933e-01,0.000000000000000000e+00
1.152173913043477715e-02,3.049999999999999933e-01,0.000000000000000000e+00
1.400000000000000029e-02,3.049999999999999933e-01,6.853631794114569686e+00
1.658064516129032287e-02,3.049999999999999933e-01,4.036516314579068343e+00
1.916129032258064718e-02,3.049999999999999933e-01,2.063505282547257735e+00
2.174193548387096803e-02,3.049999999999999933e-01,9.345986980191165472e-01
2.432258064516128887e-02,3.049999999999999933e-01,5.934535031114939185e-01
2.690322580645161318e-02,3.049999999999999933e-01,5.286772807361139748e-01
2.948387096774193750e-02,3.049999999999999933e-01,4.677828893456087433e-01
3.206451612903225834e-02,3.049999999999999933e-01,4.082296940208470226e-01
3.464516129032257918e-02,3.049999999999999933e-01,3.500176947618294787e-01
3.722580645161290003e-02,3.049999999999999933e-01,2.931468915685688237e-01
3.980645161290322781e-02,3.049999999999999933e-01,2.376172844410539831e-01
4.238709677419354865e-02,3.049999999999999933e-01,1.834288733792825421e-01
4.496774193548386950e-02,3.049999999999999933e-01,1.305816583832553057e-01
4.754838709677419034e-02,3.049999999999999933e-01,7.907563945298283492e-02
5.012903225806451812e-02,3.049999999999999933e-01,2.891081658846037308e-02
5.270967741935483897e-02,3.049999999999999933e-01,-1.991281021032346651e-02
5.529032258064515981e-02,3.049999999999999933e-01,-6.700215667605874392e-02
5.787096774193548065e-02,3.049999999999999933e-01,-1.086348893475668348e-01
6.045161290322580150e-02,3.049999999999999933e-01,-1.427588437038767033e-01
6.303225806451613622e-02,3.049999999999999933e-01,-1.693525676493650711e-01
6.561290322580645706e-02,3.049999999999999933e-01,-1.884160611840619559e-01
6.819354838709677791e-02,3.049999999999999933e-01,-1.999493243079357996e-01
7.077419354838709875e-02,3.049999999999999933e-01,-2.039523570210000913e-01
7.335483870967741959e-02,3.049999999999999933e-01,-2.004251593232655726e-01
7.593548387096774044e-02,3.049999999999999933e-01,-1.893677312147133973e-01
7.851612903225806128e-02,3.049999999999999933e-01,-1.707800726953570269e-01
8.109677419354838213e-02,3.049999999999999933e-01,-1.446621837651884124e-01
8.367741935483870297e-02,3.049999999999999933e-01,-1.159938728139912750e-01
8.625806451612903769e-02,3.049999999999999933e-01,-6.692980873079376281e+00
8.883870967741935853e-02,3.049999999999999933e-01,-8.210811734000561302e+00
9.141935483870967938e-02,3.049999999999999933e-01,3.865502182305708523e+00
9.400000000000000022e-02,3.049999999999999933e-01,0.000000000000000000e+00
9.400000000000000022e-02,3.049999999999999933e-01,0.000000000000000000e+00
9.676923076923077405e-02,3.049999999999999933e-01,0.000000000000000000e+00
9.953846153846153400e-02,3.049999999999999933e-01,0.000000000000000000e+00
1.023076923076923078e-01,3.049999999999999933e-01,0.000000000000000000e+00
1.050769230769230816e-01,3.049999999999999933e-01,0.000000000000000000e+00
1.078461538461538416e-01,3.049999999999999933e-01,0.000000000000000000e+00
1.106153846153846154e-01,3.049999999999999933e-01,0.000000000000000000e+00
1.133846153846153892e-01,3.049999999999999933e-01,0.000000000000000000e+00
1.161538461538461631e-01,3.049999999999999933e-01,0.000000000000000000e+00
1.189230769230769230e-01,3.049999999999999933e-01,0.000000000000000000e+00
1.216923076923076968e-01,3.049999999999999933e-01,0.000000000000000000e+00
1.244615384615384568e-01,3.049999999999999933e-01,0.000000000000000000e+00
1.272307692307692306e-01,3.049999999999999933e-01,0.000000000000000000e+00
1.300000000000000044e-01,3.049999999999999933e-01,0.000000000000000000e+00
1.300000000000000044e-01,3.049999999999999933e-01,1.245724068715333921e+00
1.326071428571428679e-01,3.049999999999999933e-01,1.163705879807172661e+00
1.352142857142857313e-01,3.049999999999999933e-01,1.080612852220006692e+00
1.378214285714285670e-01,3.049999999999999933e-01,9.964449859538349052e-01
1.404285714285714304e-01,3.049999999999999933e-01,9.112022810086530811e-01
1.430357142857142938e-01,3.049999999999999933e-01,8.248847373844618858e-01
1.456428571428571572e-01,3.049999999999999933e-01,7.374923550812716444e-01
1.482499999999999929e-01,3.049999999999999933e-01,6.490251340990748075e-01
1.508571428571428563e-01,3.049999999999999933e-01,5.594830744378603837e-01
1.534642857142857197e-01,3.049999999999999933e-01,4.688661760976551851e-01
1.560714285714285832e-01,3.049999999999999933e-01,3.771744390784217971e-01
1.586785714285714466e-01,3.049999999999999933e-01,2.844078633801921940e-01
1.612857142857143100e-01,3.049999999999999933e-01,1.905664490029605196e-01
1.638928571428571457e-01,3.049999999999999933e-01,9.565019594672324876e-02
1.665000000000000091e-01,3.049999999999999933e-01,-3.408957885347923340e-04
1.691071428571428725e-01,3.049999999999999933e-01,-9.740682620278738602e-02
1.717142857142857082e-01,3.049999999999999933e-01,-1.955475952960500641e-01
1.743214285714285716e-01,3.049999999999999933e-01,-2.947632030683179361e-01
1.769285714285714350e-01,3.049999999999999933e-01,-3.950536495196033115e-01
1.795357142857142985e-01,3.049999999999999933e-01,-4.964189346498848465e-01
1.821428571428571619e-01,3.049999999999999933e-01,-5.988590584591811927e-01
1.847500000000000253e-01,3.049999999999999933e-01,-7.023740209474731433e-01
1.873571428571428610e-01,3.049999999999999933e-01,-8.069638221147783508e-01
1.899642857142857244e-01,3.049999999999999933e-01,-9.126284619610925963e-01
1.925714285714285878e-01,3.049999999999999933e-01,-1.019367940486416435e+00
1.951785714285714235e-01,3.049999999999999933e-01,-1.127182257690735989e+00
1.977857142857142869e-01,3.049999999999999933e-01,-1.236071413574072020e+00
2.003928571428571503e-01,3.049999999999999933e-01,-1.346035408136412315e+00
2.030000000000000138e-01,3.049999999999999933e-01,0.000000000000000000e+00
2.030000000000000138e-01,3.049999999999999933e-01,0.000000000000000000e+00
2.055035842293906900e-01,3.049999999999999933e-01,0.000000000000000000e+00
2.080071684587813663e-01,3.049999999999999933e-01,0.000000000000000000e+00
2.105107526881720426e-01,3.049999999999999933e-01,0.000000000000000000e+00
2.130143369175627466e-01,3.049999999999999933e-01,0.000000000000000000e+00
2.155179211469534228e-01,3.049999999999999933e-01,0.000000000000000000e+00
2.180215053763440991e-01,3.049999999999999933e-01,0.000000000000000000e+00
2.205250896057347754e-01,3.049999999999999933e-01,0.000000000000000000e+00
2.230286738351254516e-01,3.049999999999999933e-01,0.000000000000000000e+00
2.255322580645161556e-01,3.049999999999999933e-01,0.000000000000000000e+00
2.280358422939068319e-01,3.049999999999999933e-01,0.000000000000000000e+00
2.305394265232975082e-01,3.049999999999999933e-01,0.000000000000000000e+00
2.330430107526881844e-01,3.049999999999999933e-01,0.000000000000000000e+00
2.355465949820788607e-01,3.049999999999999933e-01,0.000000000000000000e+00
2.380501792114695370e-01,3.049999999999999933e-01,0.000000000000000000e+00
2.405537634408602132e-01,3.049999999999999933e-01,0.000000000000000000e+00
2.430573476702509172e-01,3.049999999999999933e-01,0.000000000000000000e+00
2.455609318996415935e-01,3.049999999999999933e-01,0.000000000000000000e+00
2.480645161290322698e-01,3.049999999999999933e-01,0.000000000000000000e+00
2.505681003584229738e-01,3.049999999999999933e-01,0.000000000000000000e+00
2.530716845878136501e-01,3.049999999999999933e-01,0.000000000000000000e+00
2.555752688172043263e-01,3.049999999999999933e-01,0.000000000000000000e+00
2.580788530465950026e-01,3.049999999999999933e-01,0.000000000000000000e+00
2.605824372759856788e-01,3.049999999999999933e-01,0.000000000000000000e+00
2.630860215053763551e-01,3.049999999999999933e-01,0.000000000000000000e+00
2.655896057347670314e-01,3.049999999999999933e-01,0.000000000000000000e+00
2.680931899641577076e-01,3.049999999999999933e-01,0.000000000000000000e+00
2.705967741935483839e-01,3.049999999999999933e-01,0.000000000000000000e+00
2.731003584229391157e-01,3.049999999999999933e-01,0.000000000000000000e+00
2.756039426523297919e-01,3.049999999999999933e-01,0.000000000000000000e+00
2.781075268817204682e-01,3.049999999999999933e-01,0.000000000000000000e+00
2.806111111111111445e-01,3.049999999999999933e-01,0.000000000000000000e+00
2.831146953405018207e-01,3.049999999999999933e-01,0.000000000000000000e+00
2.856182795698924970e-01,3.049999999999999933e-01,0.000000000000000000e+00
2.881218637992831733e-01,3.049999999999999933e-01,0.000000000000000000e+00
2.906254480286738495e-01,3.049999999999999933e-01,0.000000000000000000e+00
2.931290322580645258e-01,3.049999999999999933e-01,0.000000000000000000e+00
2.956326164874552020e-01,3.049999999999999933e-01,0.000000000000000000e+00
2.981362007168458783e-01,3.049999999999999933e-01,0.000000000000000000e+00
3.006397849462365546e-01,3.049999999999999933e-01,0.000000000000000000e+00
3.031433691756272308e-01,3.049999999999999933e-01,0.000000000000000000e+00
3.056469534050179071e-01,3.049999999999999933e-01,0.000000000000000000e+00
3.081505376344085834e-01,3.049999999999999933e-01,0.000000000000000000e+00
3.106541218637993151e-01,3.049999999999999933e-01,0.000000000000000000e+00
3.131577060931899914e-01,3.049999999999999933e-01,0.000000000000000000e+00
3.156612903225806677e-01,3.049999999999999933e-01,0.000000000000000000e+00
3.181648745519713439e-01,3.049999999999999933e-01,0.000000000000000000e+00
3.206684587813620202e-01,3.049999999999999933e-01,0.000000000000000000e+00
3.231720430107526965e-01,3.049999999999999933e-01,0.000000000000000000e+00
3.256756272401433727e-01,3.049999999999999933e-01,0.000000000000000000e+00
3.281792114695341045e-01,3.049999999999999933e-01,0.000000000000000000e+00
3.306827956989247808e-01,3.049999999999999933e-01,0.000000000000000000e+00
3.331863799283154570e-01,3.049999999999999933e-01,0.000000000000000000e+00
3.356899641577061333e-01,3.049999999999999933e-01,0.000000000000000000e+00
3.381935483870968095e-01,3.049999999999999933e-01,0.000000000000000000e+00
3.406971326164874858e-01,3.049999999999999933e-01,0.000000000000000000e+00
3.432007168458781621e-01,3.049999999999999933e-01,0.000000000000000000e+00
3.457043010752688383e-01,3.049999999999999933e-01,0.000000000000000000e+00
3.482078853046595146e-01,3.049999999999999933e-01,0.000000000000000000e+00
3.507114695340501909e-01,3.049999999999999933e-01,0.000000000000000000e+00
3.532150537634408671e-01,3.049999999999999933e-01,0.000000000000000000e+00
3.557186379928315434e-01,3.049999999999999933e-01,0.000000000000000000e+00
3.582222222222222197e-01,3.049999999999999933e-01,0.000000000000000000e+00
3.607258064516128959e-01,3.049999999999999933e-01,0.000000000000000000e+00
3.632293906810035722e-01,3.049999999999999933e-01,0.000000000000000000e+00
3.657329749103942484e-01,3.049999999999999933e-01,0.000000000000000000e+00
3.682365591397849247e-01,3.049999999999999933e-01,0.000000000000000000e+00
3.707401433691756565e-01,3.049999999999999933e-01,0.000000000000000000e+00
3.732437275985663327e-01,3.049999999999999933e-01,0.000000000000000000e+00
3.757473118279570090e-01,3.049999999999999933e-01,0.000000000000000000e+00
3.782508960573476853e-01,3.049999999999999933e-01,0.000000000000000000e+00
3.807544802867383615e-01,3.049999999999999933e-01,0.000000000000000000e+00
3.832580645161290378e-01,3.049999999999999933e-01,0.000000000000000000e+00
3.857616487455197696e-01,3.049999999999999933e-01,0.000000000000000000e+00
3.882652329749104458e-01,3.049999999999999933e-01,0.000000000000000000e+00
3.907688172043011221e-01,3.049999999999999933e-01,0.000000000000000000e+00
3.932724014336917984e-01,3.049999999999999933e-01,0.000000000000000000e+00
3.957759856630824746e-01,3.049999999999999933e-01,0.000000000000000000e+00
3.982795698924731509e-01,3.049999999999999933e-01,0.000000000000000000e+00
4.007831541218638272e-01,3.049999999999999933e-01,0.000000000000000000e+00
4.032867383512545034e-01,3.049999999999999933e-01,0.000000000000000000e+00
4.057903225806451797e-01,3.049999999999999933e-01,0.000000000000000000e+00
4.082939068100358559e-01,3.049999999999999933e-01,0.000000000000000000e+00
4.107974910394265322e-01,3.049999999999999933e-01,0.000000000000000000e+00
4.133010752688172085e-01,3.049999999999999933e-01,0.000000000000000000e+00
4.158046594982078847e-01,3.049999999999999933e-01,0.000000000000000000e+00
4.183082437275985610e-01,3.049999999999999933e-01,0.000000000000000000e+00
4.208118279569892373e-01,3.049999999999999933e-01,0.000000000000000000e+00
4.233154121863799135e-01,3.049999999999999933e-01,0.000000000000000000e+00
4.258189964157705898e-01,3.049999999999999933e-01,0.000000000000000000e+00
4.283225806451612661e-01,3.049999999999999933e-01,0.000000000000000000e+00
4.308261648745519978e-01,3.049999999999999933e-01,0.000000000000000000e+00
4.333297491039426741e-01,3.049999999999999933e-01,0.000000000000000000e+00
4.358333333333333504e-01,3.049999999999999933e-01,0.000000000000000000e+00
4.383369175627240266e-01,3.049999999999999933e-01,0.000000000000000000e+00
4.408405017921147029e-01,3.049999999999999933e-01,0.000000000000000000e+00
4.433440860215053791e-01,3.049999999999999933e-01,0.000000000000000000e+00
4.458476702508961109e-01,3.049999999999999933e-01,0.000000000000000000e+00
4.483512544802867872e-01,3.049999999999999933e-01,0.000000000000000000e+00
4.508548387096774634e-01,3.049999999999999933e-01,0.000000000000000000e+00
4.533584229390681397e-01,3.049999999999999933e-01,0.000000000000000000e+00
4.558620071684588160e-01,3.049999999999999933e-01,0.000000000000000000e+00
4.583655913978494922e-01,3.049999999999999933e-01,0.000000000000000000e+00
4.608691756272401685e-01,3.049999999999999933e-01,0.000000000000000000e+00
4.633727598566308448e-01,3.049999999999999933e-01,0.000000000000000000e+00
4.658763440860215210e-01,3.049999999999999933e-01,0.000000000000000000e+00
4.683799283154121973e-01,3.049999999999999933e-01,0.000000000000000000e+00
4.708835125448028736e-01,3.049999999999999933e-01,0.000000000000000000e+00
4.733870967741935498e-01,3.049999999999999933e-01,0.000000000000000000e+00
4.758906810035842261e-01,3.049999999999999933e-01,0.000000000000000000e+00
4.783942652329749023e-01,3.049999999999999933e-01,0.000000000000000000e+00
4.808978494623656341e-01,3.049999999999999933e-01,0.000000000000000000e+00
4.834014336917563104e-01,3.049999999999999933e-01,0.000000000000000000e+00
4.859050179211469866e-01,3.049999999999999933e-01,0.000000000000000000e+00
4.884086021505376629e-01,3.049999999999999933e-01,0.000000000000000000e+00
4.909121863799283392e-01,3.049999999999999933e-01,0.000000000000000000e+00
4.934157706093190154e-01,3.049999999999999933e-01,0.000000000000000000e+00
4.959193548387096917e-01,3.049999999999999933e-01,0.000000000000000000e+00
4.984229390681003680e-01,3.049999999999999933e-01,0.000000000000000000e+00
5.009265232974910997e-01,3.049999999999999933e-01,0.000000000000000000e+00
5.034301075268816650e-01,3.049999999999999933e-01,0.000000000000000000e+00
5.059336917562724523e-01,3.049999999999999933e-01,0.000000000000000000e+00
5.084372759856630175e-01,3.049999999999999933e-01,0.000000000000000000e+00
5.109408602150538048e-01,3.049999999999999933e-01,0.000000000000000000e+00
5.134444444444444811e-01,3.049999999999999933e-01,0.000000000000000000e+00
5.159480286738351573e-01,3.049999999999999933e-01,0.000000000000000000e+00
5.184516129032258336e-01,3.049999999999999933e-01,0.000000000000000000e+00
5.209551971326165098e-01,3.049999999999999933e-01,0.000000000000000000e+00
5.234587813620071861e-01,3.049999999999999933e-01,0.000000000000000000e+00
5.259623655913978624e-01,3.049999999999999933e-01,0.000000000000000000e+00
5.284659498207885386e-01,3.049999999999999933e-01,0.000000000000000000e+00
5.309695340501792149e-01,3.049999999999999933e-01,0.000000000000000000e+00
5.334731182795698912e-01,3.049999999999999933e-01,0.000000000000000000e+00
5.359767025089605674e-01,3.049999999999999933e-01,0.000000000000000000e+00
5.384802867383513547e-01,3.049999999999999933e-01,0.000000000000000000e+00
5.409838709677419200e-01,3.049999999999999933e-01,0.000000000000000000e+00
5.434874551971327072e-01,3.049999999999999933e-01,0.000000000000000000e+00
5.459910394265232725e-01,3.049999999999999933e-01,0.000000000000000000e+00
5.484946236559140598e-01,3.049999999999999933e-01,0.000000000000000000e+00
5.509982078853046250e-01,3.049999999999999933e-01,0.000000000000000000e+00
5.535017921146954123e-01,3.049999999999999933e-01,0.000000000000000000e+00
5.560053763440859775e-01,3.049999999999999933e-01,0.000000000000000000e+00
5.585089605734767648e-01,3.049999999999999933e-01,0.000000000000000000e+00
5.610125448028673301e-01,3.049999999999999933e-01,0.000000000000000000e+00
5.635161290322581173e-01,3.049999999999999933e-01,0.000000000000000000e+00
5.660197132616486826e-01,3.049999999999999933e-01,0.000000000000000000e+00
5.685232974910394699e-01,3.049999999999999933e-01,0.000000000000000000e+00
5.710268817204301461e-01,3.049999999999999933e-01,0.000000000000000000e+00
5.735304659498208224e-01,3.049999999999999933e-01,0.000000000000000000e+00
5.760340501792114987e-01,3.049999999999999933e-01,0.000000000000000000e+00
5.785376344086021749e-01,3.049999999999999933e-01,0.000000000000000000e+00
5.810412186379928512e-01,3.049999999999999933e-01,0.000000000000000000e+00
5.835448028673835275e-01,3.049999999999999933e-01,0.000000000000000000e+00
5.860483870967742037e-01,3.049999999999999933e-01,0.000000000000000000e+00
5.885519713261648800e-01,3.049999999999999933e-01,0.000000000000000000e+00
5.910555555555555562e-01,3.049999999999999933e-01,0.000000000000000000e+00
5.935591397849462325e-01,3.049999999999999933e-01,0.000000000000000000e+00
5.960627240143369088e-01,3.049999999999999933e-01,0.000000000000000000e+00
5.985663082437275850e-01,3.049999999999999933e-01,0.000000000000000000e+00
6.010698924731183723e-01,3.049999999999999933e-01,0.000000000000000000e+00
6.035734767025089376e-01,3.049999999999999933e-01,0.000000000000000000e+00
6.060770609318997248e-01,3.049999999999999933e-01,0.000000000000000000e+00
6.085806451612902901e-01,3.049999999999999933e-01,0.000000000000000000e+00
6.110842293906810774e-01,3.049999999999999933e-01,0.000000000000000000e+00
6.135878136200716426e-01,3.049999999999999933e-01,0.000000000000000000e+00
6.160913978494624299e-01,3.049999999999999933e-01,0.000000000000000000e+00
6.185949820788529951e-01,3.049999999999999933e-01,0.000000000000000000e+00
6.210985663082437824e-01,3.049999999999999933e-01,0.000000000000000000e+00
6.236021505376343477e-01,3.049999999999999933e-01,0.000000000000000000e+00
6.261057347670251350e-01,3.049999999999999933e-01,0.000000000000000000e+00
6.286093189964158112e-01,3.049999999999999933e-01,0.000000000000000000e+00
6.311129032258064875e-01,3.049999999999999933e-01,0.000000000000000000e+00
6.336164874551971637e-01,3.049999999999999933e-01,0.000000000000000000e+00
6.361200716845878400e-01,3.049999999999999933e-01,0.000000000000000000e+00
6.386236559139785163e-01,3.049999999999999933e-01,0.000000000000000000e+00
6.411272401433691925e-01,3.049999999999999933e-01,0.000000000000000000e+00
6.436308243727598688e-01,3.049999999999999933e-01,0.000000000000000000e+00
6.461344086021505451e-01,3.049999999999999933e-01,0.000000000000000000e+00
6.486379928315412213e-01,3.049999999999999933e-01,0.000000000000000000e+00
6.511415770609318976e-01,3.049999999999999933e-01,0.000000000000000000e+00
6.536451612903225739e-01,3.049999999999999933e-01,0.000000000000000000e+00
6.561487455197132501e-01,3.049999999999999933e-01,0.000000000000000000e+00
6.586523297491040374e-01,3.049999999999999933e-01,0.000000000000000000e+00
6.611559139784946026e-01,3.049999999999999933e-01,0.000000000000000000e+00
6.636594982078853899e-01,3.049999999999999933e-01,0.000000000000000000e+00
6.661630824372759552e-01,3.049999999999999933e-01,0.000000000000000000e+00
6.686666666666667425e-01,3.049999999999999933e-01,0.000000000000000000e+00
6.711702508960573077e-01,3.049999999999999933e-01,0.000000000000000000e+00
6.736738351254480950e-01,3.049999999999999933e-01,0.000000000000000000e+00
6.761774193548386602e-01,3.049999999999999933e-01,0.000000000000000000e+00
6.786810035842294475e-01,3.049999999999999933e-01,0.000000000000000000e+00
6.811845878136200128e-01,3.049999999999999933e-01,0.000000000000000000e+00
6.836881720430108000e-01,3.049999999999999933e-01,0.000000000000000000e+00
6.861917562724014763e-01,3.049999999999999933e-01,0.000000000000000000e+00
6.886953405017921526e-01,3.049999999999999933e-01,0.000000000000000000e+00
6.911989247311828288e-01,3.049999999999999933e-01,0.000000000000000000e+00
6.937025089605735051e-01,3.049999999999999933e-01,0.000000000000000000e+00
6.962060931899641814e-01,3.049999999999999933e-01,0.000000000000000000e+00
6.987096774193548576e-01,3.049999999999999933e-01,0.000000000000000000e+00
7.012132616487455339e-01,3.049999999999999933e-01,0.000000000000000000e+00
7.037168458781362101e-01,3.049999999999999933e-01,0.000000000000000000e+00
7.062204301075269974e-01,3.049999999999999933e-01,0.000000000000000000e+00
7.087240143369175627e-01,3.049999999999999933e-01,0.000000000000000000e+00
7.112275985663083500e-01,3.049999999999999933e-01,0.000000000000000000e+00
7.137311827956989152e-01,3.049999999999999933e-01,0.000000000000000000e+00
7.162347670250897025e-01,3.049999999999999933e-01,0.000000000000000000e+00
7.187383512544802677e-01,3.049999999999999933e-01,0.000000000000000000e+00
7.212419354838710550e-01,3.049999999999999933e-01,0.000000000000000000e+00
7.237455197132616203e-01,3.049999999999999933e-01,0.000000000000000000e+00
7.262491039426524075e-01,3.049999999999999933e-01,0.000000000000000000e+00
7.287526881720429728e-01,3.049999999999999933e-01,0.000000000000000000e+00
7.312562724014337601e-01,3.049999999999999933e-01,0.000000000000000000e+00
7.337598566308243253e-01,3.049999999999999933e-01,0.000000000000000000e+00
7.362634408602151126e-01,3.049999999999999933e-01,0.000000000000000000e+00
7.387670250896056778e-01,3.049999999999999933e-01,0.000000000000000000e+00
7.412706093189964651e-01,3.049999999999999933e-01,0.000000000000000000e+00
7.437741935483870304e-01,3.049999999999999933e-01,0.000000000000000000e+00
7.462777777777778176e-01,3.049999999999999933e-01,0.000000000000000000e+00
7.487813620071683829e-01,3.049999999999999933e-01,0.000000000000000000e+00
7.512849462365591702e-01,3.049999999999999933e-01,0.000000000000000000e+00
7.537885304659497354e-01,3.049999999999999933e-01,0.000000000000000000e+00
7.562921146953405227e-01,3.049999999999999933e-01,0.000000000000000000e+00
7.587956989247313100e-01,3.049999999999999933e-01,0.000000000000000000e+00
7.612992831541218752e-01,3.049999999999999933e-01,0.000000000000000000e+00
7.638028673835126625e-01,3.049999999999999933e-01,0.000000000000000000e+00
7.663064516129032278e-01,3.049999999999999933e-01,0.000000000000000000e+00
7.688100358422940150e-01,3.049999999999999933e-01,0.000000000000000000e+00
7.713136200716845803e-01,3.049999999999999933e-01,0.000000000000000000e+00
7.738172043010753676e-01,3.049999999999999933e-01,0.000000000000000000e+00
7.763207885304659328e-01,3.049999999999999933e-01,0.000000000000000000e+00
7.788243727598567201e-01,3.049999999999999933e-01,0.000000000000000000e+00
7.813279569892472853e-01,3.049999999999999933e-01,0.000000000000000000e+00
7.838315412186380726e-01,3.049999999999999933e-01,0.000000000000000000e+00
7.863351254480286379e-01,3.049999999999999933e-01,0.000000000000000000e+00
7.888387096774194251e-01,3.049999999999999933e-01,0.000000000000000000e+00
7.913422939068099904e-01,3.049999999999999933e-01,0.000000000000000000e+00
7.938458781362007777e-01,3.049999999999999933e-01,0.000000000000000000e+00
7.963494623655913429e-01,3.049999999999999933e-01,0.000000000000000000e+00
7.988530465949821302e-01,3.049999999999999933e-01,0.000000000000000000e+00
8.013566308243726954e-01,3.049999999999999933e-01,0.000000000000000000e+00
8.038602150537634827e-01,3.049999999999999933e-01,0.000000000000000000e+00
8.063637992831540480e-01,3.049999999999999933e-01,0.000000000000000000e+00
8.088673835125448353e-01,3.049999999999999933e-01,0.000000000000000000e+00
8.113709677419354005e-01,3.049999999999999933e-01,0.000000000000000000e+00
8.138745519713261878e-01,3.049999999999999933e-01,0.000000000000000000e+00
8.163781362007169751e-01,3.049999999999999933e-01,0.000000000000000000e+00
8.188817204301075403e-01,3.049999999999999933e-01,0.000000000000000000e+00
8.213853046594983276e-01,3.049999999999999933e-01,0.000000000000000000e+00
8.238888888888888928e-01,3.049999999999999933e-01,0.000000000000000000e+00
8.263924731182796801e-01,3.049999999999999933e-01,0.000000000000000000e+00
8.288960573476702454e-01,3.049999999999999933e-01,0.000000000000000000e+00
8.313996415770610326e-01,3.049999999999999933e-01,0.000000000000000000e+00
8.339032258064515979e-01,3.049999999999999933e-01,0.000000000000000000e+00
8.364068100358423852e-01,3.049999999999999933e-01,0.000000000000000000e+00
8.389103942652329504e-01,3.049999999999999933e-01,0.000000000000000000e+00
8.414139784946237377e-01,3.049999999999999933e-01,0.000000000000000000e+00
8.439175627240143029e-01,3.049999999999999933e-01,0.000000000000000000e+00
8.464211469534050902e-01,3.049999999999999933e-01,0.000000000000000000e+00
8.489247311827956555e-01,3.049999999999999933e-01,0.000000000000000000e+00
8.514283154121864428e-01,3.049999999999999933e-01,0.000000000000000000e+00
8.539318996415770080e-01,3.049999999999999933e-01,0.000000000000000000e+00
8.564354838709677953e-01,3.049999999999999933e-01,0.000000000000000000e+00
8.589390681003583605e-01,3.049999999999999933e-01,0.000000000000000000e+00
8.614426523297491478e-01,3.049999999999999933e-01,0.000000000000000000e+00
8.639462365591397131e-01,3.049999999999999933e-01,0.000000000000000000e+00
8.664498207885305003e-01,3.049999999999999933e-01,0.000000000000000000e+00
8.689534050179210656e-01,3.049999999999999933e-01,0.000000000000000000e+00
8.714569892473118529e-01,3.049999999999999933e-01,0.000000000000000000e+00
8.739605734767026401e-01,3.049999999999999933e-01,0.000000000000000000e+00
8.764641577060932054e-01,3.049999999999999933e-01,0.000000000000000000e+00
8.789677419354839927e-01,3.049999999999999933e-01,0.000000000000000000e+00
8.814713261648745579e-01,3.049999999999999933e-01,0.000000000000000000e+00
8.839749103942653452e-01,3.049999999999999933e-01,0.000000000000000000e+00
8.864784946236559104e-01,3.049999999999999933e-01,0.000000000000000000e+00
8.889820788530466977e-01,3.049999999999999933e-01,0.000000000000000000e+00
8.914856630824372630e-01,3.049999999999999933e-01,0.000000000000000000e+00
8.939892473118280503e-01,3.049999999999999933e-01,0.000000000000000000e+00
8.964928315412186155e-01,3.049999999999999933e-01,0.000000000000000000e+00
8.989964157706094028e-01,3.049999999999999933e-01,0.000000000000000000e+00
9.014999999999999680e-01,3.049999999999999933e-01,0.000000000000000000e+00
9.040035842293907553e-01,3.049999999999999933e-01,0.000000000000000000e+00
9.065071684587813206e-01,3.049999999999999933e-01,0.000000000000000000e+00
9.090107526881721078e-01,3.049999999999999933e-01,0.000000000000000000e+00
9.115143369175626731e-01,3.049999999999999933e-01,0.000000000000000000e+00
9.140179211469534604e-01,3.049999999999999933e-01,0.000000000000000000e+00
9.165215053763440256e-01,3.049999999999999933e-01,0.000000000000000000e+00
9.190250896057348129e-01,3.049999999999999933e-01,0.000000000000000000e+00
9.215286738351253781e-01,3.049999999999999933e-01,0.000000000000000000e+00
9.240322580645161654e-01,3.049999999999999933e-01,0.000000000000000000e+00
9.265358422939067307e-01,3.049999999999999933e-01,0.000000000000000000e+00
9.290394265232975179e-01,3.049999999999999933e-01,0.000000000000000000e+00
9.315430107526883052e-01,3.049999999999999933e-01,0.000000000000000000e+00
9.340465949820788705e-01,3.049999999999999933e-01,0.000000000000000000e+00
9.365501792114696578e-01,3.049999999999999933e-01,0.000000000000000000e+00
9.390537634408602230e-01,3.049999999999999933e-01,0.000000000000000000e+00
9.415573476702510103e-01,3.049999999999999933e-01,0.000000000000000000e+00
9.440609318996415755e-01,3.049999999999999933e-01,0.000000000000000000e+00
9.465645161290323628e-01,3.049999999999999933e-01,0.000000000000000000e+00
9.490681003584229281e-01,3.049999999999999933e-01,0.000000000000000000e+00
9.515716845878137153e-01,3.049999999999999933e-01,0.000000000000000000e+00
9.540752688172042806e-01,3.049999999999999933e-01,0.000000000000000000e+00
9.565788530465950679e-01,3.049999999999999933e-01,0.000000000000000000e+00
9.590824372759856331e-01,3.049999999999999933e-01,0.000000000000000000e+00
9.615860215053764204e-01,3.049999999999999933e-01,0.000000000000000000e+00
9.640896057347669856e-01,3.049999999999999933e-01,0.000000000000000000e+00
9.665931899641577729e-01,3.049999999999999933e-01,0.000000000000000000e+00
9.690967741935483382e-01,3.049999999999999933e-01,0.000000000000000000e+00
9.716003584229391254e-01,3.049999999999999933e-01,0.000000000000000000e+00
9.741039426523296907e-01,3.049999999999999933e-01,0.000000000000000000e+00
9.766075268817204780e-01,3.049999999999999933e-01,0.000000000000000000e+00
9.791111111111110432e-01,3.049999999999999933e-01,0.000000000000000000e+00
9.816146953405018305e-01,3.049999999999999933e-01,0.000000000000000000e+00
9.841182795698923957e-01,3.049999999999999933e-01,0.000000000000000000e+00
9.866218637992831830e-01,3.049999999999999933e-01,0.000000000000000000e+00
9.891254480286737483e-01,3.049999999999999933e-01,0.000000000000000000e+00
9.916290322580645356e-01,3.049999999999999933e-01,0.000000000000000000e+00
9.941326164874553228e-01,3.049999999999999933e-01,0.000000000000000000e+00
9.966362007168458881e-01,3.049999999999999933e-01,0.000000000000000000e+00
9.991397849462366754e-01,3.049999999999999933e-01,0.000000000000000000e+00
1.001643369175627241e+00,3.049999999999999933e-01,0.000000000000000000e+00
1.004146953405018028e+00,3.049999999999999933e-01,0.000000000000000000e+00
1.006650537634408593e+00,3.049999999999999933e-01,0.000000000000000000e+00
1.009154121863799380e+00,3.049999999999999933e-01,0.000000000000000000e+00
1.011657706093189946e+00,3.049999999999999933e-01,0.000000000000000000e+00
1.014161290322580733e+00,3.049999999999999933e-01,0.000000000000000000e+00
1.016664874551971298e+00,3.049999999999999933e-01,0.000000000000000000e+00
1.019168458781362085e+00,3.049999999999999933e-01,0.000000000000000000e+00
1.021672043010752651e+00,3.049999999999999933e-01,0.000000000000000000e+00
1.024175627240143438e+00,3.049999999999999933e-01,0.000000000000000000e+00
1.026679211469534003e+00,3.049999999999999933e-01,0.000000000000000000e+00
1.029182795698924791e+00,3.049999999999999933e-01,0.000000000000000000e+00
1.031686379928315356e+00,3.049999999999999933e-01,0.000000000000000000e+00
1.034189964157706143e+00,3.049999999999999933e-01,0.000000000000000000e+00
1.036693548387096708e+00,3.049999999999999933e-01,0.000000000000000000e+00
1.039197132616487496e+00,3.049999999999999933e-01,0.000000000000000000e+00
1.041700716845878061e+00,3.049999999999999933e-01,0.000000000000000000e+00
1.044204301075268848e+00,3.049999999999999933e-01,0.000000000000000000e+00
1.046707885304659413e+00,3.049999999999999933e-01,0.000000000000000000e+00
1.049211469534050201e+00,3.049999999999999933e-01,0.000000000000000000e+00
1.051715053763440988e+00,3.049999999999999933e-01,0.000000000000000000e+00
1.054218637992831553e+00,3.049999999999999933e-01,0.000000000000000000e+00
1.056722222222222340e+00,3.049999999999999933e-01,0.000000000000000000e+00
1.059225806451612906e+00,3.049999999999999933e-01,0.000000000000000000e+00
1.061729390681003693e+00,3.049999999999999933e-01,0.000000000000000000e+00
1.064232974910394258e+00,3.049999999999999933e-01,0.000000000000000000e+00
1.066736559139785046e+00,3.049999999999999933e-01,0.000000000000000000e+00
1.069240143369175611e+00,3.049999999999999933e-01,0.000000000000000000e+00
1.071743727598566398e+00,3.049999999999999933e-01,0.000000000000000000e+00
1.074247311827956963e+00,3.049999999999999933e-01,0.000000000000000000e+00
1.076750896057347751e+00,3.049999999999999933e-01,0.000000000000000000e+00
1.079254480286738316e+00,3.049999999999999933e-01,0.000000000000000000e+00
1.081758064516129103e+00,3.049999999999999933e-01,0.000000000000000000e+00
1.084261648745519668e+00,3.049999999999999933e-01,0.000000000000000000e+00
1.086765232974910456e+00,3.049999999999999933e-01,0.000000000000000000e+00
1.089268817204301021e+00,3.049999999999999933e-01,0.000000000000000000e+00
1.091772401433691808e+00,3.049999999999999933e-01,0.000000000000000000e+00
1.094275985663082373e+00,3.049999999999999933e-01,0.000000000000000000e+00
1.096779569892473161e+00,3.049999999999999933e-01,0.000000000000000000e+00
1.099283154121863726e+00,3.049999999999999933e-01,0.000000000000000000e+00
1.101786738351254513e+00,3.049999999999999933e-01,0.000000000000000000e+00
1.104290322580645078e+00,3.049999999999999933e-01,0.000000000000000000e+00
1.106793906810035866e+00,3.049999999999999933e-01,0.000000000000000000e+00
1.109297491039426653e+00,3.049999999999999933e-01,0.000000000000000000e+00
1.111801075268817218e+00,3.049999999999999933e-01,0.000000000000000000e+00
1.114304659498208006e+00,3.049999999999999933e-01,0.000000000000000000e+00
1.116808243727598571e+00,3.049999999999999933e-01,0.000000000000000000e+00
1.119311827956989358e+00,3.049999999999999933e-01,0.000000000000000000e+00
1.121815412186379923e+00,3.049999999999999933e-01,0.000000000000000000e+00
1.124318996415770711e+00,3.049999999999999933e-01,0.000000000000000000e+00
1.126822580645161276e+00,3.049999999999999933e-01,0.000000000000000000e+00
1.129326164874552063e+00,3.049999999999999933e-01,0.000000000000000000e+00
1.131829749103942628e+00,3.049999999999999933e-01,0.000000000000000000e+00
1.134333333333333416e+00,3.049999999999999933e-01,0.000000000000000000e+00
1.136836917562723981e+00,3.049999999999999933e-01,0.000000000000000000e+00
1.139340501792114768e+00,3.049999999999999933e-01,0.000000000000000000e+00
1.141844086021505333e+00,3.049999999999999933e-01,0.000000000000000000e+00
1.144347670250896121e+00,3.049999999999999933e-01,0.000000000000000000e+00
1.146851254480286686e+00,3.049999999999999933e-01,0.000000000000000000e+00
1.149354838709677473e+00,3.049999999999999933e-01,0.000000000000000000e+00
1.151858422939068038e+00,3.049999999999999933e-01,0.000000000000000000e+00
1.154362007168458826e+00,3.049999999999999933e-01,0.000000000000000000e+00
1.156865591397849391e+00,3.049999999999999933e-01,0.000000000000000000e+00
1.159369175627240178e+00,3.049999999999999933e-01,0.000000000000000000e+00
1.161872759856630744e+00,3.049999999999999933e-01,0.000000000000000000e+00
1.164376344086021531e+00,3.049999999999999933e-01,0.000000000000000000e+00
1.166879928315412318e+00,3.049999999999999933e-01,0.000000000000000000e+00
1.169383512544802883e+00,3.049999999999999933e-01,0.000000000000000000e+00
1.171887096774193671e+00,3.049999999999999933e-01,0.000000000000000000e+00
1.174390681003584236e+00,3.049999999999999933e-01,0.000000000000000000e+00
1.176894265232975023e+00,3.049999999999999933e-01,0.000000000000000000e+00
1.179397849462365588e+00,3.049999999999999933e-01,0.000000000000000000e+00
1.181901433691756376e+00,3.049999999999999933e-01,0.000000000000000000e+00
1.184405017921146941e+00,3.049999999999999933e-01,0.000000000000000000e+00
1.186908602150537728e+00,3.049999999999999933e-01,0.000000000000000000e+00
1.189412186379928293e+00,3.049999999999999933e-01,0.000000000000000000e+00
1.191915770609319081e+00,3.049999999999999933e-01,0.000000000000000000e+00
1.194419354838709646e+00,3.049999999999999933e-01,0.000000000000000000e+00
1.196922939068100433e+00,3.049999999999999933e-01,0.000000000000000000e+00
1.199426523297490998e+00,3.049999999999999933e-01,0.000000000000000000e+00
1.201930107526881786e+00,3.049999999999999933e-01,0.000000000000000000e+00
1.204433691756272573e+00,3.049999999999999933e-01,0.000000000000000000e+00
1.206937275985663138e+00,3.049999999999999933e-01,0.000000000000000000e+00
1.209440860215053926e+00,3.049999999999999933e-01,0.000000000000000000e+00
1.211944444444444491e+00,3.049999999999999933e-01,0.000000000000000000e+00
1.214448028673835278e+00,3.049999999999999933e-01,0.000000000000000000e+00
1.216951612903225843e+00,3.049999999999999933e-01,0.000000000000000000e+00
1.219455197132616631e+00,3.049999999999999933e-01,0.000000000000000000e+00
1.221958781362007196e+00,3.049999999999999933e-01,0.000000000000000000e+00
1.224462365591397983e+00,3.049999999999999933e-01,0.000000000000000000e+00
1.226965949820788548e+00,3.049999999999999933e-01,0.000000000000000000e+00
1.229469534050179336e+00,3.049999999999999933e-01,0.000000000000000000e+00
1.231973118279569901e+00,3.049999999999999933e-01,0.000000000000000000e+00
1.234476702508960688e+00,3.049999999999999933e-01,0.000000000000000000e+00
1.236980286738351253e+00,3.049999999999999933e-01,0.000000000000000000e+00
1.239483870967742041e+00,3.049999999999999933e-01,0.000000000000000000e+00
1.241987455197132606e+00,3.049999999999999933e-01,0.000000000000000000e+00
1.244491039426523393e+00,3.049999999999999933e-01,0.000000000000000000e+00
1.246994623655913959e+00,3.049999999999999933e-01,0.000000000000000000e+00
1.249498207885304746e+00,3.049999999999999933e-01,0.000000000000000000e+00
1.252001792114695533e+00,3.049999999999999933e-01,0.000000000000000000e+00
1.254505376344086098e+00,3.049999999999999933e-01,0.000000000000000000e+00
1.257008960573476886e+00,3.049999999999999933e-01,0.000000000000000000e+00
1.259512544802867451e+00,3.049999999999999933e-01,0.000000000000000000e+00
1.262016129032258238e+00,3.049999999999999933e-01,0.000000000000000000e+00
1.264519713261648803e+00,3.049999999999999933e-01,0.000000000000000000e+00
1.267023297491039591e+00,3.049999999999999933e-01,0.000000000000000000e+00
1.269526881720430156e+00,3.049999999999999933e-01,0.000000000000000000e+00
1.272030465949820943e+00,3.049999999999999933e-01,0.000000000000000000e+00
1.274534050179211508e+00,3.049999999999999933e-01,0.000000000000000000e+00
1.277037634408602296e+00,3.049999999999999933e-01,0.000000000000000000e+00
1.279541218637992861e+00,3.049999999999999933e-01,0.000000000000000000e+00
1.282044802867383648e+00,3.049999999999999933e-01,0.000000000000000000e+00
1.284548387096774213e+00,3.049999999999999933e-01,0.000000000000000000e+00
1.287051971326165001e+00,3.049999999999999933e-01,0.000000000000000000e+00
1.289555555555555566e+00,3.049999999999999933e-01,0.000000000000000000e+00
1.292059139784946353e+00,3.049999999999999933e-01,0.000000000000000000e+00
1.294562724014336919e+00,3.049999999999999933e-01,0.000000000000000000e+00
1.297066308243727706e+00,3.049999999999999933e-01,0.000000000000000000e+00
1.299569892473118271e+00,3.049999999999999933e-01,0.000000000000000000e+00
1.302073476702509058e+00,3.049999999999999933e-01,0.000000000000000000e+00
1.304577060931899624e+00,3.049999999999999933e-01,0.000000000000000000e+00
1.307080645161290411e+00,3.049999999999999933e-01,0.000000000000000000e+00
1.309584229390680976e+00,3.049999999999999933e-01,0.000000000000000000e+00
1.312087813620071763e+00,3.049999999999999933e-01,0.000000000000000000e+00
1.314591397849462551e+00,3.049999999999999933e-01,0.000000000000000000e+00
1.317094982078853116e+00,3.049999999999999933e-01,0.000000000000000000e+00
1.319598566308243903e+00,3.049999999999999933e-01,0.000000000000000000e+00
1.322102150537634468e+00,3.049999999999999933e-01,0.000000000000000000e+00
1.324605734767025256e+00,3.049999999999999933e-01,0.000000000000000000e+00
1.327109318996415821e+00,3.049999999999999933e-01,0.000000000000000000e+00
1.329612903225806608e+00,3.049999999999999933e-01,0.000000000000000000e+00
1.332116487455197174e+00,3.049999999999999933e-01,0.000000000000000000e+00
1.334620071684587961e+00,3.049999999999999933e-01,0.000000000000000000e+00
1.337123655913978526e+00,3.049999999999999933e-01,0.000000000000000000e+00
1.339627240143369313e+00,3.049999999999999933e-01,0.000000000000000000e+00
1.342130824372759879e+00,3.049999999999999933e-01,0.000000000000000000e+00
1.344634408602150666e+00,3.049999999999999933e-01,0.000000000000000000e+00
1.347137992831541231e+00,3.049999999999999933e-01,0.000000000000000000e+00
1.349641577060932018e+00,3.049999999999999933e-01,0.000000000000000000e+00
1.352145161290322584e+00,3.049999999999999933e-01,0.000000000000000000e+00
1.354648745519713371e+00,3.049999999999999933e-01,0.000000000000000000e+00
1.357152329749103936e+00,3.049999999999999933e-01,0.000000000000000000e+00
1.359655913978494723e+00,3.049999999999999933e-01,0.000000000000000000e+00
1.362159498207885289e+00,3.049999999999999933e-01,0.000000000000000000e+00
1.364663082437276076e+00,3.049999999999999933e-01,0.000000000000000000e+00
1.367166666666666641e+00,3.049999999999999933e-01,0.000000000000000000e+00
1.369670250896057428e+00,3.049999999999999933e-01,0.000000000000000000e+00
1.372173835125448216e+00,3.049999999999999933e-01,0.000000000000000000e+00
1.374677419354838781e+00,3.049999999999999933e-01,0.000000000000000000e+00
1.377181003584229568e+00,3.049999999999999933e-01,0.000000000000000000e+00
1.379684587813620134e+00,3.049999999999999933e-01,0.000000000000000000e+00
1.382188172043010921e+00,3.049999999999999933e-01,0.000000000000000000e+00
1.384691756272401486e+00,3.049999999999999933e-01,0.000000000000000000e+00
1.387195340501792273e+00,3.049999999999999933e-01,0.000000000000000000e+00
1.389698924731182839e+00,3.049999999999999933e-01,0.000000000000000000e+00
1.392202508960573626e+00,3.049999999999999933e-01,0.000000000000000000e+00
1.394706093189964191e+00,3.049999999999999933e-01,0.000000000000000000e+00
1.397209677419354978e+00,3.049999999999999933e-01,0.000000000000000000e+00
1.399713261648745544e+00,3.049999999999999933e-01,0.000000000000000000e+00
1.402216845878136331e+00,3.049999999999999933e-01,0.000000000000000000e+00
1.404720430107526896e+00,3.049999999999999933e-01,0.000000000000000000e+00
1.407224014336917683e+00,3.049999999999999933e-01,0.000000000000000000e+00
1.409727598566308249e+00,3.049999999999999933e-01,0.000000000000000000e+00
1.412231182795699036e+00,3.049999999999999933e-01,0.000000000000000000e+00
1.414734767025089601e+00,3.049999999999999933e-01,0.000000000000000000e+00
1.417238351254480389e+00,3.049999999999999933e-01,0.000000000000000000e+00
1.419741935483870954e+00,3.049999999999999933e-01,0.000000000000000000e+00
1.422245519713261741e+00,3.049999999999999933e-01,0.000000000000000000e+00
1.424749103942652306e+00,3.049999999999999933e-01,0.000000000000000000e+00
1.427252688172043094e+00,3.049999999999999933e-01,0.000000000000000000e+00
1.429756272401433881e+00,3.049999999999999933e-01,0.000000000000000000e+00
1.432259856630824446e+00,3.049999999999999933e-01,0.000000000000000000e+00
1.434763440860215233e+00,3.049999999999999933e-01,0.000000000000000000e+00
1.437267025089605799e+00,3.049999999999999933e-01,0.000000000000000000e+00
1.439770609318996586e+00,3.049999999999999933e-01,0.000000000000000000e+00
1.442274193548387151e+00,3.049999999999999933e-01,0.000000000000000000e+00
1.444777777777777938e+00,3.049999999999999933e-01,0.000000000000000000e+00
1.447281362007168504e+00,3.049999999999999933e-01,0.000000000000000000e+00
1.449784946236559291e+00,3.049999999999999933e-01,0.000000000000000000e+00
1.452288530465949856e+00,3.049999999999999933e-01,0.000000000000000000e+00
1.454792114695340643e+00,3.049999999999999933e-01,0.000000000000000000e+00
1.457295698924731209e+00,3.049999999999999933e-01,0.000000000000000000e+00
1.459799283154121996e+00,3.049999999999999933e-01,0.000000000000000000e+00
1.462302867383512561e+00,3.049999999999999933e-01,0.000000000000000000e+00
1.464806451612903349e+00,3.049999999999999933e-01,0.000000000000000000e+00
1.467310035842293914e+00,3.049999999999999933e-01,0.000000000000000000e+00
1.469813620071684701e+00,3.049999999999999933e-01,0.000000000000000000e+00
1.472317204301075266e+00,3.049999999999999933e-01,0.000000000000000000e+00
1.474820788530466054e+00,3.049999999999999933e-01,0.000000000000000000e+00
1.477324372759856619e+00,3.049999999999999933e-01,0.000000000000000000e+00
1.479827956989247406e+00,3.049999999999999933e-01,0.000000000000000000e+00
1.482331541218637971e+00,3.049999999999999933e-01,0.000000000000000000e+00
1.484835125448028759e+00,3.049999999999999933e-01,0.000000000000000000e+00
1.487338709677419546e+00,3.049999999999999933e-01,0.000000000000000000e+00
1.489842293906810111e+00,3.049999999999999933e-01,0.000000000000000000e+00
1.492345878136200898e+00,3.049999999999999933e-01,0.000000000000000000e+00
1.494849462365591464e+00,3.049999999999999933e-01,0.000000000000000000e+00
1.497353046594982251e+00,3.049999999999999933e-01,0.000000000000000000e+00
1.499856630824372816e+00,3.049999999999999933e-01,0.000000000000000000e+00
1.502360215053763604e+00,3.049999999999999933e-01,0.000000000000000000e+00
1.504863799283154169e+00,3.049999999999999933e-01,0.000000000000000000e+00
1.507367383512544956e+00,3.049999999999999933e-01,0.000000000000000000e+00
1.509870967741935521e+00,3.049999999999999933e-01,0.000000000000000000e+00
1.512374551971326309e+00,3.049999999999999933e-01,0.000000000000000000e+00
1.514878136200716874e+00,3.049999999999999933e-01,0.000000000000000000e+00
1.517381720430107661e+00,3.049999999999999933e-01,0.000000000000000000e+00
1.519885304659498226e+00,3.049999999999999933e-01,0.000000000000000000e+00
1.522388888888889014e+00,3.049999999999999933e-01,0.000000000000000000e+00
1.524892473118279579e+00,3.049999999999999933e-01,0.000000000000000000e+00
1.527396057347670366e+00,3.049999999999999933e-01,0.000000000000000000e+00
1.529899641577060931e+00,3.049999999999999933e-01,0.000000000000000000e+00
1.532403225806451719e+00,3.049999999999999933e-01,0.000000000000000000e+00
1.534906810035842284e+00,3.049999999999999933e-01,0.000000000000000000e+00
1.537410394265233071e+00,3.049999999999999933e-01,0.000000000000000000e+00
1.539913978494623636e+00,3.049999999999999933e-01,0.000000000000000000e+00
1.542417562724014424e+00,3.049999999999999933e-01,0.000000000000000000e+00
1.544921146953405211e+00,3.049999999999999933e-01,0.000000000000000000e+00
1.547424731182795776e+00,3.049999999999999933e-01,0.000000000000000000e+00
1.549928315412186564e+00,3.049999999999999933e-01,0.000000000000000000e+00
1.552431899641577129e+00,3.049999999999999933e-01,0.000000000000000000e+00
1.554935483870967916e+00,3.049999999999999933e-01,0.000000000000000000e+00
1.557439068100358481e+00,3.049999999999999933e-01,0.000000000000000000e+00
1.559942652329749269e+00,3.049999999999999933e-01,0.000000000000000000e+00
1.562446236559139834e+00,3.049999999999999933e-01,0.000000000000000000e+00
1.564949820788530621e+00,3.049999999999999933e-01,0.000000000000000000e+00
1.567453405017921186e+00,3.049999999999999933e-01,0.000000000000000000e+00
1.569956989247311974e+00,3.049999999999999933e-01,0.000000000000000000e+00
1.572460573476702539e+00,3.049999999999999933e-01,0.000000000000000000e+00
1.574964157706093326e+00,3.049999999999999933e-01,0.000000000000000000e+00
1.577467741935483891e+00,3.049999999999999933e-01,0.000000000000000000e+00
1.579971326164874679e+00,3.049999999999999933e-01,0.000000000000000000e+00
1.582474910394265244e+00,3.049999999999999933e-01,0.000000000000000000e+00
1.584978494623656031e+00,3.049999999999999933e-01,0.000000000000000000e+00
1.587482078853046596e+00,3.049999999999999933e-01,0.000000000000000000e+00
1.589985663082437384e+00,3.049999999999999933e-01,0.000000000000000000e+00
1.592489247311827949e+00,3.049999999999999933e-01,0.000000000000000000e+00
1.594992831541218736e+00,3.049999999999999933e-01,0.000000000000000000e+00
1.597496415770609302e+00,3.049999999999999933e-01,0.000000000000000000e+00
