-1.600000000000000089e+00,2.169999999999999984e-01,0.000000000000000000e+00
-1.597496632996633137e+00,2.169999999999999984e-01,0.000000000000000000e+00
-1.594993265993266185e+00,2.169999999999999984e-01,0.000000000000000000e+00
-1.592489898989899011e+00,2.169999999999999984e-01,0.000000000000000000e+00
-1.589986531986532059e+00,2.169999999999999984e-01,0.000000000000000000e+00
-1.587483164983165107e+00,2.169999999999999984e-01,0.000000000000000000e+00
-1.584979797979798155e+00,2.169999999999999984e-01,0.000000000000000000e+00
-1.582476430976430981e+00,2.169999999999999984e-01,0.000000000000000000e+00
-1.579973063973064029e+00,2.169999999999999984e-01,0.000000000000000000e+00
-1.577469696969697077e+00,2.169999999999999984e-01,0.000000000000000000e+00
-1.574966329966330125e+00,2.169999999999999984e-01,0.000000000000000000e+00
-1.572462962962962951e+00,2.169999999999999984e-01,0.000000000000000000e+00
-1.569959595959595999e+00,2.169999999999999984e-01,0.000000000000000000e+00
-1.567456228956229047e+00,2.169999999999999984e-01,0.000000000000000000e+00
-1.564952861952862095e+00,2.169999999999999984e-01,0.000000000000000000e+00
-1.562449494949495143e+00,2.169999999999999984e-01,0.000000000000000000e+00
-1.559946127946127969e+00,2.169999999999999984e-01,0.000000000000000000e+00
-1.557442760942761018e+00,2.169999999999999984e-01,0.000000000000000000e+00
-1.554939393939394066e+00,2.169999999999999984e-01,0.000000000000000000e+00
-1.552436026936027114e+00,2.169999999999999984e-01,0.000000000000000000e+00
-1.549932659932659940e+00,2.169999999999999984e-01,0.000000000000000000e+00
-1.547429292929292988e+00,2.169999999999999984e-01,0.000000000000000000e+00
-1.544925925925926036e+00,2.169999999999999984e-01,0.000000000000000000e+00
-1.542422558922559084e+00,2.169999999999999984e-01,0.000000000000000000e+00
-1.539919191919191910e+00,2.169999999999999984e-01,0.000000000000000000e+00
-1.537415824915824958e+00,2.169999999999999984e-01,0.000000000000000000e+00
-1.534912457912458006e+00,2.169999999999999984e-01,0.000000000000000000e+00
-1.532409090909091054e+00,2.169999999999999984e-01,0.000000000000000000e+00
-1.529905723905724102e+00,2.169999999999999984e-01,0.000000000000000000e+00
-1.527402356902356928e+00,2.169999999999999984e-01,0.000000000000000000e+00
-1.524898989898989976e+00,2.169999999999999984e-01,0.000000000000000000e+00
-1.522395622895623024e+00,2.169999999999999984e-01,0.000000000000000000e+00
-1.519892255892256072e+00,2.169999999999999984e-01,0.000000000000000000e+00
-1.517388888888888898e+00,2.169999999999999984e-01,0.000000000000000000e+00
-1.514885521885521946e+00,2.169999999999999984e-01,0.000000000000000000e+00
-1.512382154882154994e+00,2.169999999999999984e-01,0.000000000000000000e+00
-1.509878787878788042e+00,2.169999999999999984e-01,0.000000000000000000e+00
-1.507375420875420868e+00,2.169999999999999984e-01,0.000000000000000000e+00
-1.504872053872053916e+00,2.169999999999999984e-01,0.000000000000000000e+00
-1.502368686868686964e+00,2.169999999999999984e-01,0.000000000000000000e+00
-1.499865319865320012e+00,2.169999999999999984e-01,0.000000000000000000e+00
-1.497361952861953061e+00,2.169999999999999984e-01,0.000000000000000000e+00
-1.494858585858585887e+00,2.169999999999999984e-01,0.000000000000000000e+00
-1.492355218855218935e+00,2.169999999999999984e-01,0.000000000000000000e+00
-1.489851851851851983e+00,2.169999999999999984e-01,0.000000000000000000e+00
-1.487348484848485031e+00,2.169999999999999984e-01,0.000000000000000000e+00
-1.484845117845117857e+00,2.169999999999999984e-01,0.000000000000000000e+00
-1.482341750841750905e+00,2.169999999999999984e-01,0.000000000000000000e+00
-1.479838383838383953e+00,2.169999999999999984e-01,0.000000000000000000e+00
-1.477335016835017001e+00,2.169999999999999984e-01,0.000000000000000000e+00
-1.474831649831649827e+00,2.169999999999999984e-01,0.000000000000000000e+00
-1.472328282828282875e+00,2.169999999999999984e-01,0.000000000000000000e+00
-1.469824915824915923e+00,2.169999999999999984e-01,0.000000000000000000e+00
-1.467321548821548971e+00,2.169999999999999984e-01,0.000000000000000000e+00
-1.464818181818182019e+00,2.169999999999999984e-01,0.000000000000000000e+00
-1.462314814814814845e+00,2.169999999999999984e-01,0.000000000000000000e+00
-1.459811447811447893e+00,2.169999999999999984e-01,0.000000000000000000e+00
-1.457308080808080941e+00,2.169999999999999984e-01,0.000000000000000000e+00
-1.454804713804713767e+00,2.169999999999999984e-01,0.000000000000000000e+00
-1.452301346801346815e+00,2.169999999999999984e-01,0.000000000000000000e+00
-1.449797979797979863e+00,2.169999999999999984e-01,0.000000000000000000e+00
-1.447294612794612911e+00,2.169999999999999984e-01,0.000000000000000000e+00
-1.444791245791245959e+00,2.169999999999999984e-01,0.000000000000000000e+00
-1.442287878787878785e+00,2.169999999999999984e-01,0.000000000000000000e+00
-1.439784511784511833e+00,2.169999999999999984e-01,0.000000000000000000e+00
-1.437281144781144882e+00,2.169999999999999984e-01,0.000000000000000000e+00
-1.434777777777777930e+00,2.169999999999999984e-01,0.000000000000000000e+00
-1.432274410774410756e+00,2.169999999999999984e-01,0.000000000000000000e+00
-1.429771043771043804e+00,2.169999999999999984e-01,0.000000000000000000e+00
-1.427267676767676852e+00,2.169999999999999984e-01,0.000000000000000000e+00
-1.424764309764309900e+00,2.169999999999999984e-01,0.000000000000000000e+00
-1.422260942760942726e+00,2.169999999999999984e-01,0.000000000000000000e+00
-1.419757575757575774e+00,2.169999999999999984e-01,0.000000000000000000e+00
-1.417254208754208822e+00,2.169999999999999984e-01,0.000000000000000000e+00
-1.414750841750841870e+00,2.169999999999999984e-01,0.000000000000000000e+00
-1.412247474747474918e+00,2.169999999999999984e-01,0.000000000000000000e+00
-1.409744107744107744e+00,2.169999999999999984e-01,0.000000000000000000e+00
-1.407240740740740792e+00,2.169999999999999984e-01,0.000000000000000000e+00
-1.404737373737373840e+00,2.169999999999999984e-01,0.000000000000000000e+00
-1.402234006734006888e+00,2.169999999999999984e-01,0.000000000000000000e+00
-1.399730639730639714e+00,2.169999999999999984e-01,0.000000000000000000e+00
-1.397227272727272762e+00,2.169999999999999984e-01,0.000000000000000000e+00
-1.394723905723905810e+00,2.169999999999999984e-01,0.000000000000000000e+00
-1.392220538720538858e+00,2.169999999999999984e-01,0.000000000000000000e+00
-1.389717171717171684e+00,2.169999999999999984e-01,0.000000000000000000e+00
-1.387213804713804732e+00,2.169999999999999984e-01,0.000000000000000000e+00
-1.384710437710437780e+00,2.169999999999999984e-01,0.000000000000000000e+00
-1.382207070707070828e+00,2.169999999999999984e-01,0.000000000000000000e+00
-1.379703703703703876e+00,2.169999999999999984e-01,0.000000000000000000e+00
-1.377200336700336702e+00,2.169999999999999984e-01,0.000000000000000000e+00
-1.374696969696969751e+00,2.169999999999999984e-01,0.000000000000000000e+00
-1.372193602693602799e+00,2.169999999999999984e-01,0.000000000000000000e+00
-1.369690235690235847e+00,2.169999999999999984e-01,0.000000000000000000e+00
-1.367186868686868673e+00,2.169999999999999984e-01,0.000000000000000000e+00
-1.364683501683501721e+00,2.169999999999999984e-01,0.000000000000000000e+00
-1.362180134680134769e+00,2.169999999999999984e-01,0.000000000000000000e+00
-1.359676767676767817e+00,2.169999999999999984e-01,0.000000000000000000e+00
-1.357173400673400643e+00,2.169999999999999984e-01,0.000000000000000000e+00
-1.354670033670033691e+00,2.169999999999999984e-01,0.000000000000000000e+00
-1.352166666666666739e+00,2.169999999999999984e-01,0.000000000000000000e+00
-1.349663299663299787e+00,2.169999999999999984e-01,0.000000000000000000e+00
-1.347159932659932835e+00,2.169999999999999984e-01,0.000000000000000000e+00
-1.344656565656565661e+00,2.169999999999999984e-01,0.000000000000000000e+00
-1.342153198653198709e+00,2.169999999999999984e-01,0.000000000000000000e+00
-1.339649831649831757e+00,2.169999999999999984e-01,0.000000000000000000e+00
-1.337146464646464583e+00,2.169999999999999984e-01,0.000000000000000000e+00
-1.334643097643097631e+00,2.169999999999999984e-01,0.000000000000000000e+00
-1.332139730639730679e+00,2.169999999999999984e-01,0.000000000000000000e+00
-1.329636363636363727e+00,2.169999999999999984e-01,0.000000000000000000e+00
-1.327132996632996775e+00,2.169999999999999984e-01,0.000000000000000000e+00
-1.324629629629629601e+00,2.169999999999999984e-01,0.000000000000000000e+00
-1.322126262626262649e+00,2.169999999999999984e-01,0.000000000000000000e+00
-1.319622895622895697e+00,2.169999999999999984e-01,0.000000000000000000e+00
-1.317119528619528745e+00,2.169999999999999984e-01,0.000000000000000000e+00
-1.314616161616161794e+00,2.169999999999999984e-01,0.000000000000000000e+00
-1.312112794612794620e+00,2.169999999999999984e-01,0.000000000000000000e+00
-1.309609427609427668e+00,2.169999999999999984e-01,0.000000000000000000e+00
-1.307106060606060716e+00,2.169999999999999984e-01,0.000000000000000000e+00
-1.304602693602693542e+00,2.169999999999999984e-01,0.000000000000000000e+00
-1.302099326599326590e+00,2.169999999999999984e-01,0.000000000000000000e+00
-1.299595959595959638e+00,2.169999999999999984e-01,0.000000000000000000e+00
-1.297092592592592686e+00,2.169999999999999984e-01,0.000000000000000000e+00
-1.294589225589225734e+00,2.169999999999999984e-01,0.000000000000000000e+00
-1.292085858585858560e+00,2.169999999999999984e-01,0.000000000000000000e+00
-1.289582491582491608e+00,2.169999999999999984e-01,0.000000000000000000e+00
-1.287079124579124656e+00,2.169999999999999984e-01,0.000000000000000000e+00
-1.284575757575757704e+00,2.169999999999999984e-01,0.000000000000000000e+00
-1.282072390572390752e+00,2.169999999999999984e-01,0.000000000000000000e+00
-1.279569023569023578e+00,2.169999999999999984e-01,0.000000000000000000e+00
-1.277065656565656626e+00,2.169999999999999984e-01,0.000000000000000000e+00
-1.274562289562289674e+00,2.169999999999999984e-01,0.000000000000000000e+00
-1.272058922558922500e+00,2.169999999999999984e-01,0.000000000000000000e+00
-1.269555555555555548e+00,2.169999999999999984e-01,0.000000000000000000e+00
-1.267052188552188596e+00,2.169999999999999984e-01,0.000000000000000000e+00
-1.264548821548821644e+00,2.169999999999999984e-01,0.000000000000000000e+00
-1.262045454545454692e+00,2.169999999999999984e-01,0.000000000000000000e+00
-1.259542087542087518e+00,2.169999999999999984e-01,0.000000000000000000e+00
-1.257038720538720566e+00,2.169999999999999984e-01,0.000000000000000000e+00
-1.254535353535353615e+00,2.169999999999999984e-01,0.000000000000000000e+00
-1.252031986531986663e+00,2.169999999999999984e-01,0.000000000000000000e+00
-1.249528619528619711e+00,2.169999999999999984e-01,0.000000000000000000e+00
-1.247025252525252537e+00,2.169999999999999984e-01,0.000000000000000000e+00
-1.244521885521885585e+00,2.169999999999999984e-01,0.000000000000000000e+00
-1.242018518518518633e+00,2.169999999999999984e-01,0.000000000000000000e+00
-1.239515151515151459e+00,2.169999999999999984e-01,0.000000000000000000e+00
-1.237011784511784507e+00,2.169999999999999984e-01,0.000000000000000000e+00
-1.234508417508417555e+00,2.169999999999999984e-01,0.000000000000000000e+00
-1.232005050505050603e+00,2.169999999999999984e-01,0.000000000000000000e+00
-1.229501683501683651e+00,2.169999999999999984e-01,0.000000000000000000e+00
-1.226998316498316477e+00,2.169999999999999984e-01,0.000000000000000000e+00
-1.224494949494949525e+00,2.169999999999999984e-01,0.000000000000000000e+00
-1.221991582491582573e+00,2.169999999999999984e-01,0.000000000000000000e+00
-1.219488215488215621e+00,2.169999999999999984e-01,0.000000000000000000e+00
-1.216984848484848669e+00,2.169999999999999984e-01,0.000000000000000000e+00
-1.214481481481481495e+00,2.169999999999999984e-01,0.000000000000000000e+00
-1.211978114478114543e+00,2.169999999999999984e-01,0.000000000000000000e+00
-1.209474747474747591e+00,2.169999999999999984e-01,0.000000000000000000e+00
-1.206971380471380417e+00,2.169999999999999984e-01,0.000000000000000000e+00
-1.204468013468013465e+00,2.169999999999999984e-01,0.000000000000000000e+00
-1.201964646464646513e+00,2.169999999999999984e-01,0.000000000000000000e+00
-1.199461279461279561e+00,2.169999999999999984e-01,0.000000000000000000e+00
-1.196957912457912609e+00,2.169999999999999984e-01,0.000000000000000000e+00
-1.194454545454545435e+00,2.169999999999999984e-01,0.000000000000000000e+00
-1.191951178451178484e+00,2.169999999999999984e-01,0.000000000000000000e+00
-1.189447811447811532e+00,2.169999999999999984e-01,0.000000000000000000e+00
-1.186944444444444580e+00,2.169999999999999984e-01,0.000000000000000000e+00
-1.184441077441077628e+00,2.169999999999999984e-01,0.000000000000000000e+00
-1.181937710437710454e+00,2.169999999999999984e-01,0.000000000000000000e+00
-1.179434343434343502e+00,2.169999999999999984e-01,0.000000000000000000e+00
-1.176930976430976550e+00,2.169999999999999984e-01,0.000000000000000000e+00
-1.174427609427609376e+00,2.169999999999999984e-01,0.000000000000000000e+00
-1.171924242424242424e+00,2.169999999999999984e-01,0.000000000000000000e+00
-1.169420875420875472e+00,2.169999999999999984e-01,0.000000000000000000e+00
-1.166917508417508520e+00,2.169999999999999984e-01,0.000000000000000000e+00
-1.164414141414141568e+00,2.169999999999999984e-01,0.000000000000000000e+00
-1.161910774410774394e+00,2.169999999999999984e-01,0.000000000000000000e+00
-1.159407407407407442e+00,2.169999999999999984e-01,0.000000000000000000e+00
-1.156904040404040490e+00,2.169999999999999984e-01,0.000000000000000000e+00
-1.154400673400673538e+00,2.169999999999999984e-01,0.000000000000000000e+00
-1.151897306397306586e+00,2.169999999999999984e-01,0.000000000000000000e+00
-1.149393939393939412e+00,2.169999999999999984e-01,0.000000000000000000e+00
-1.146890572390572460e+00,2.169999999999999984e-01,0.000000000000000000e+00
-1.144387205387205508e+00,2.169999999999999984e-01,0.000000000000000000e+00
-1.141883838383838334e+00,2.169999999999999984e-01,0.000000000000000000e+00
-1.139380471380471382e+00,2.169999999999999984e-01,0.000000000000000000e+00
-1.136877104377104430e+00,2.169999999999999984e-01,0.000000000000000000e+00
-1.134373737373737479e+00,2.169999999999999984e-01,0.000000000000000000e+00
-1.131870370370370527e+00,2.169999999999999984e-01,0.000000000000000000e+00
-1.129367003367003353e+00,2.169999999999999984e-01,0.000000000000000000e+00
-1.126863636363636401e+00,2.169999999999999984e-01,0.000000000000000000e+00
-1.124360269360269449e+00,2.169999999999999984e-01,0.000000000000000000e+00
-1.121856902356902275e+00,2.169999999999999984e-01,0.000000000000000000e+00
-1.119353535353535545e+00,2.169999999999999984e-01,0.000000000000000000e+00
-1.116850168350168371e+00,2.169999999999999984e-01,0.000000000000000000e+00
-1.114346801346801419e+00,2.169999999999999984e-01,0.000000000000000000e+00
-1.111843434343434467e+00,2.169999999999999984e-01,0.000000000000000000e+00
-1.109340067340067293e+00,2.169999999999999984e-01,0.000000000000000000e+00
-1.106836700336700341e+00,2.169999999999999984e-01,0.000000000000000000e+00
-1.104333333333333389e+00,2.169999999999999984e-01,0.000000000000000000e+00
-1.101829966329966437e+00,2.169999999999999984e-01,0.000000000000000000e+00
-1.099326599326599485e+00,2.169999999999999984e-01,0.000000000000000000e+00
-1.096823232323232311e+00,2.169999999999999984e-01,0.000000000000000000e+00
-1.094319865319865359e+00,2.169999999999999984e-01,0.000000000000000000e+00
-1.091816498316498407e+00,2.169999999999999984e-01,0.000000000000000000e+00
-1.089313131313131233e+00,2.169999999999999984e-01,0.000000000000000000e+00
-1.086809764309764503e+00,2.169999999999999984e-01,0.000000000000000000e+00
-1.084306397306397329e+00,2.169999999999999984e-01,0.000000000000000000e+00
-1.081803030303030377e+00,2.169999999999999984e-01,0.000000000000000000e+00
-1.079299663299663425e+00,2.169999999999999984e-01,0.000000000000000000e+00
-1.076796296296296251e+00,2.169999999999999984e-01,0.000000000000000000e+00
-1.074292929292929299e+00,2.169999999999999984e-01,0.000000000000000000e+00
-1.071789562289562348e+00,2.169999999999999984e-01,0.000000000000000000e+00
-1.069286195286195174e+00,2.169999999999999984e-01,0.000000000000000000e+00
-1.066782828282828444e+00,2.169999999999999984e-01,0.000000000000000000e+00
-1.064279461279461270e+00,2.169999999999999984e-01,0.000000000000000000e+00
-1.061776094276094318e+00,2.169999999999999984e-01,0.000000000000000000e+00
-1.059272727272727366e+00,2.169999999999999984e-01,0.000000000000000000e+00
-1.056769360269360192e+00,2.169999999999999984e-01,0.000000000000000000e+00
-1.054265993265993462e+00,2.169999999999999984e-01,0.000000000000000000e+00
-1.051762626262626288e+00,2.169999999999999984e-01,0.000000000000000000e+00
-1.049259259259259336e+00,2.169999999999999984e-01,0.000000000000000000e+00
-1.046755892255892384e+00,2.169999999999999984e-01,0.000000000000000000e+00
-1.044252525252525210e+00,2.169999999999999984e-01,0.000000000000000000e+00
-1.041749158249158258e+00,2.169999999999999984e-01,0.000000000000000000e+00
-1.039245791245791306e+00,2.169999999999999984e-01,0.000000000000000000e+00
-1.036742424242424132e+00,2.169999999999999984e-01,0.000000000000000000e+00
-1.034239057239057402e+00,2.169999999999999984e-01,0.000000000000000000e+00
-1.031735690235690228e+00,2.169999999999999984e-01,0.000000000000000000e+00
-1.029232323232323276e+00,2.169999999999999984e-01,0.000000000000000000e+00
-1.026728956228956324e+00,2.169999999999999984e-01,0.000000000000000000e+00
-1.024225589225589150e+00,2.169999999999999984e-01,0.000000000000000000e+00
-1.021722222222222420e+00,2.169999999999999984e-01,0.000000000000000000e+00
-1.019218855218855246e+00,2.169999999999999984e-01,0.000000000000000000e+00
-1.016715488215488294e+00,2.169999999999999984e-01,0.000000000000000000e+00
-1.014212121212121342e+00,2.169999999999999984e-01,0.000000000000000000e+00
-1.011708754208754169e+00,2.169999999999999984e-01,0.000000000000000000e+00
-1.009205387205387217e+00,2.169999999999999984e-01,0.000000000000000000e+00
-1.006702020202020265e+00,2.169999999999999984e-01,0.000000000000000000e+00
-1.004198653198653091e+00,2.169999999999999984e-01,0.000000000000000000e+00
-1.001695286195286361e+00,2.169999999999999984e-01,0.000000000000000000e+00
-9.991919191919191867e-01,2.169999999999999984e-01,0.000000000000000000e+00
-9.966885521885522348e-01,2.169999999999999984e-01,0.000000000000000000e+00
-9.941851851851852828e-01,2.169999999999999984e-01,0.000000000000000000e+00
-9.916818181818182198e-01,2.169999999999999984e-01,0.000000000000000000e+00
-9.891784511784512679e-01,2.169999999999999984e-01,0.000000000000000000e+00
-9.866750841750842049e-01,2.169999999999999984e-01,0.000000000000000000e+00
-9.841717171717172530e-01,2.169999999999999984e-01,0.000000000000000000e+00
-9.816683501683501900e-01,2.169999999999999984e-01,0.000000000000000000e+00
-9.791649831649832381e-01,2.169999999999999984e-01,0.000000000000000000e+00
-9.766616161616161751e-01,2.169999999999999984e-01,0.000000000000000000e+00
-9.741582491582492231e-01,2.169999999999999984e-01,0.000000000000000000e+00
-9.716548821548821602e-01,2.169999999999999984e-01,0.000000000000000000e+00
-9.691515151515152082e-01,2.169999999999999984e-01,0.000000000000000000e+00
-9.666481481481481453e-01,2.169999999999999984e-01,0.000000000000000000e+00
-9.641447811447811933e-01,2.169999999999999984e-01,0.000000000000000000e+00
-9.616414141414141303e-01,2.169999999999999984e-01,0.000000000000000000e+00
-9.591380471380471784e-01,2.169999999999999984e-01,0.000000000000000000e+00
-9.566346801346802264e-01,2.169999999999999984e-01,0.000000000000000000e+00
-9.541313131313131635e-01,2.169999999999999984e-01,0.000000000000000000e+00
-9.516279461279462115e-01,2.169999999999999984e-01,0.000000000000000000e+00
-9.491245791245791485e-01,2.169999999999999984e-01,0.000000000000000000e+00
-9.466212121212121966e-01,2.169999999999999984e-01,0.000000000000000000e+00
-9.441178451178451336e-01,2.169999999999999984e-01,0.000000000000000000e+00
-9.416144781144781817e-01,2.169999999999999984e-01,0.000000000000000000e+00
-9.391111111111111187e-01,2.169999999999999984e-01,0.000000000000000000e+00
-9.366077441077441668e-01,2.169999999999999984e-01,0.000000000000000000e+00
-9.341043771043771038e-01,2.169999999999999984e-01,0.000000000000000000e+00
-9.316010101010101518e-01,2.169999999999999984e-01,0.000000000000000000e+00
-9.290976430976430889e-01,2.169999999999999984e-01,0.000000000000000000e+00
-9.265942760942761369e-01,2.169999999999999984e-01,0.000000000000000000e+00
-9.240909090909090740e-01,2.169999999999999984e-01,0.000000000000000000e+00
-9.215875420875421220e-01,2.169999999999999984e-01,0.000000000000000000e+00
-9.190841750841751701e-01,2.169999999999999984e-01,0.000000000000000000e+00
-9.165808080808081071e-01,2.169999999999999984e-01,0.000000000000000000e+00
-9.140774410774411551e-01,2.169999999999999984e-01,0.000000000000000000e+00
-9.115740740740740922e-01,2.169999999999999984e-01,0.000000000000000000e+00
-9.090707070707071402e-01,2.169999999999999984e-01,0.000000000000000000e+00
-9.065673400673400772e-01,2.169999999999999984e-01,0.000000000000000000e+00
-9.040639730639731253e-01,2.169999999999999984e-01,0.000000000000000000e+00
-9.015606060606060623e-01,2.169999999999999984e-01,0.000000000000000000e+00
-8.990572390572391104e-01,2.169999999999999984e-01,0.000000000000000000e+00
-8.965538720538720474e-01,2.169999999999999984e-01,0.000000000000000000e+00
-8.940505050505050955e-01,2.169999999999999984e-01,0.000000000000000000e+00
-8.915471380471380325e-01,2.169999999999999984e-01,0.000000000000000000e+00
-8.890437710437710805e-01,2.169999999999999984e-01,0.000000000000000000e+00
-8.865404040404041286e-01,2.169999999999999984e-01,0.000000000000000000e+00
-8.840370370370370656e-01,2.169999999999999984e-01,0.000000000000000000e+00
-8.815336700336701137e-01,2.169999999999999984e-01,0.000000000000000000e+00
-8.790303030303030507e-01,2.169999999999999984e-01,0.000000000000000000e+00
-8.765269360269360988e-01,2.169999999999999984e-01,0.000000000000000000e+00
-8.740235690235690358e-01,2.169999999999999984e-01,0.000000000000000000e+00
-8.715202020202020838e-01,2.169999999999999984e-01,0.000000000000000000e+00
-8.690168350168350209e-01,2.169999999999999984e-01,0.000000000000000000e+00
-8.665134680134680689e-01,2.169999999999999984e-01,0.000000000000000000e+00
-8.640101010101010059e-01,2.169999999999999984e-01,0.000000000000000000e+00
-8.615067340067340540e-01,2.169999999999999984e-01,0.000000000000000000e+00
-8.590033670033669910e-01,2.169999999999999984e-01,0.000000000000000000e+00
-8.565000000000000391e-01,2.169999999999999984e-01,0.000000000000000000e+00
-8.539966329966329761e-01,2.169999999999999984e-01,0.000000000000000000e+00
-8.514932659932660242e-01,2.169999999999999984e-01,0.000000000000000000e+00
-8.489898989898990722e-01,2.169999999999999984e-01,0.000000000000000000e+00
-8.464865319865320092e-01,2.169999999999999984e-01,0.000000000000000000e+00
-8.439831649831650573e-01,2.169999999999999984e-01,0.000000000000000000e+00
-8.414797979797979943e-01,2.169999999999999984e-01,0.000000000000000000e+00
-8.389764309764310424e-01,2.169999999999999984e-01,0.000000000000000000e+00
-8.364730639730639794e-01,2.169999999999999984e-01,0.000000000000000000e+00
-8.339696969696970275e-01,2.169999999999999984e-01,0.000000000000000000e+00
-8.314663299663299645e-01,2.169999999999999984e-01,0.000000000000000000e+00
-8.289629629629630125e-01,2.169999999999999984e-01,0.000000000000000000e+00
-8.264595959595959496e-01,2.169999999999999984e-01,0.000000000000000000e+00
-8.239562289562289976e-01,2.169999999999999984e-01,0.000000000000000000e+00
-8.214528619528619346e-01,2.169999999999999984e-01,0.000000000000000000e+00
-8.189494949494949827e-01,2.169999999999999984e-01,0.000000000000000000e+00
-8.164461279461280308e-01,2.169999999999999984e-01,0.000000000000000000e+00
-8.139427609427609678e-01,2.169999999999999984e-01,0.000000000000000000e+00
-8.114393939393940158e-01,2.169999999999999984e-01,0.000000000000000000e+00
-8.089360269360269529e-01,2.169999999999999984e-01,0.000000000000000000e+00
-8.064326599326600009e-01,2.169999999999999984e-01,0.000000000000000000e+00
-8.039292929292929379e-01,2.169999999999999984e-01,0.000000000000000000e+00
-8.014259259259259860e-01,2.169999999999999984e-01,0.000000000000000000e+00
-7.989225589225589230e-01,2.169999999999999984e-01,0.000000000000000000e+00
-7.964191919191919711e-01,2.169999999999999984e-01,0.000000000000000000e+00
-7.939158249158249081e-01,2.169999999999999984e-01,0.000000000000000000e+00
-7.914124579124579562e-01,2.169999999999999984e-01,0.000000000000000000e+00
-7.889090909090908932e-01,2.169999999999999984e-01,0.000000000000000000e+00
-7.864057239057239412e-01,2.169999999999999984e-01,0.000000000000000000e+00
-7.839023569023568783e-01,2.169999999999999984e-01,0.000000000000000000e+00
-7.813989898989899263e-01,2.169999999999999984e-01,0.000000000000000000e+00
-7.788956228956229744e-01,2.169999999999999984e-01,0.000000000000000000e+00
-7.763922558922559114e-01,2.169999999999999984e-01,0.000000000000000000e+00
-7.738888888888889594e-01,2.169999999999999984e-01,0.000000000000000000e+00
-7.713855218855218965e-01,2.169999999999999984e-01,0.000000000000000000e+00
-7.688821548821549445e-01,2.169999999999999984e-01,0.000000000000000000e+00
-7.663787878787878816e-01,2.169999999999999984e-01,0.000000000000000000e+00
-7.638754208754209296e-01,2.169999999999999984e-01,0.000000000000000000e+00
-7.613720538720538666e-01,2.169999999999999984e-01,0.000000000000000000e+00
-7.588686868686869147e-01,2.169999999999999984e-01,0.000000000000000000e+00
-7.563653198653198517e-01,2.169999999999999984e-01,0.000000000000000000e+00
-7.538619528619528998e-01,2.169999999999999984e-01,0.000000000000000000e+00
-7.513585858585858368e-01,2.169999999999999984e-01,0.000000000000000000e+00
-7.488552188552188849e-01,2.169999999999999984e-01,0.000000000000000000e+00
-7.463518518518518219e-01,2.169999999999999984e-01,0.000000000000000000e+00
-7.438484848484848699e-01,2.169999999999999984e-01,0.000000000000000000e+00
-7.413451178451179180e-01,2.169999999999999984e-01,0.000000000000000000e+00
-7.388417508417508550e-01,2.169999999999999984e-01,0.000000000000000000e+00
-7.363383838383839031e-01,2.169999999999999984e-01,0.000000000000000000e+00
-7.338350168350168401e-01,2.169999999999999984e-01,0.000000000000000000e+00
-7.313316498316498881e-01,2.169999999999999984e-01,0.000000000000000000e+00
-7.288282828282828252e-01,2.169999999999999984e-01,0.000000000000000000e+00
-7.263249158249158732e-01,2.169999999999999984e-01,0.000000000000000000e+00
-7.238215488215488103e-01,2.169999999999999984e-01,0.000000000000000000e+00
-7.213181818181818583e-01,2.169999999999999984e-01,0.000000000000000000e+00
-7.188148148148147953e-01,2.169999999999999984e-01,0.000000000000000000e+00
-7.163114478114478434e-01,2.169999999999999984e-01,0.000000000000000000e+00
-7.138080808080807804e-01,2.169999999999999984e-01,0.000000000000000000e+00
-7.113047138047138285e-01,2.169999999999999984e-01,0.000000000000000000e+00
-7.088013468013468765e-01,2.169999999999999984e-01,0.000000000000000000e+00
-7.062979797979798136e-01,2.169999999999999984e-01,0.000000000000000000e+00
-7.037946127946128616e-01,2.169999999999999984e-01,0.000000000000000000e+00
-7.012912457912457986e-01,2.169999999999999984e-01,0.000000000000000000e+00
-6.987878787878788467e-01,2.169999999999999984e-01,0.000000000000000000e+00
-6.962845117845117837e-01,2.169999999999999984e-01,0.000000000000000000e+00
-6.937811447811448318e-01,2.169999999999999984e-01,0.000000000000000000e+00
-6.912777777777777688e-01,2.169999999999999984e-01,0.000000000000000000e+00
-6.887744107744108168e-01,2.169999999999999984e-01,0.000000000000000000e+00
-6.862710437710437539e-01,2.169999999999999984e-01,0.000000000000000000e+00
-6.837676767676768019e-01,2.169999999999999984e-01,0.000000000000000000e+00
-6.812643097643097390e-01,2.169999999999999984e-01,0.000000000000000000e+00
-6.787609427609427870e-01,2.169999999999999984e-01,0.000000000000000000e+00
-6.762575757575757240e-01,2.169999999999999984e-01,0.000000000000000000e+00
-6.737542087542087721e-01,2.169999999999999984e-01,0.000000000000000000e+00
-6.712508417508418201e-01,2.169999999999999984e-01,0.000000000000000000e+00
-6.687474747474747572e-01,2.169999999999999984e-01,0.000000000000000000e+00
-6.662441077441078052e-01,2.169999999999999984e-01,0.000000000000000000e+00
-6.637407407407407423e-01,2.169999999999999984e-01,0.000000000000000000e+00
-6.612373737373737903e-01,2.169999999999999984e-01,0.000000000000000000e+00
-6.587340067340067273e-01,2.169999999999999984e-01,0.000000000000000000e+00
-6.562306397306397754e-01,2.169999999999999984e-01,0.000000000000000000e+00
-6.537272727272727124e-01,2.169999999999999984e-01,0.000000000000000000e+00
-6.512239057239057605e-01,2.169999999999999984e-01,0.000000000000000000e+00
-6.487205387205386975e-01,2.169999999999999984e-01,0.000000000000000000e+00
-6.462171717171717455e-01,2.169999999999999984e-01,0.000000000000000000e+00
-6.437138047138046826e-01,2.169999999999999984e-01,0.000000000000000000e+00
-6.412104377104377306e-01,2.169999999999999984e-01,0.000000000000000000e+00
-6.387070707070707787e-01,2.169999999999999984e-01,0.000000000000000000e+00
-6.362037037037037157e-01,2.169999999999999984e-01,0.000000000000000000e+00
-6.337003367003367638e-01,2.169999999999999984e-01,0.000000000000000000e+00
-6.311969696969697008e-01,2.169999999999999984e-01,0.000000000000000000e+00
-6.286936026936027488e-01,2.169999999999999984e-01,0.000000000000000000e+00
-6.261902356902356859e-01,2.169999999999999984e-01,0.000000000000000000e+00
-6.236868686868687339e-01,2.169999999999999984e-01,0.000000000000000000e+00
-6.211835016835016710e-01,2.169999999999999984e-01,0.000000000000000000e+00
-6.186801346801347190e-01,2.169999999999999984e-01,0.000000000000000000e+00
-6.161767676767676560e-01,2.169999999999999984e-01,0.000000000000000000e+00
-6.136734006734007041e-01,2.169999999999999984e-01,0.000000000000000000e+00
-6.111700336700336411e-01,2.169999999999999984e-01,0.000000000000000000e+00
-6.086666666666666892e-01,2.169999999999999984e-01,0.000000000000000000e+00
-6.061632996632996262e-01,2.169999999999999984e-01,0.000000000000000000e+00
-6.036599326599326742e-01,2.169999999999999984e-01,0.000000000000000000e+00
-6.011565656565657223e-01,2.169999999999999984e-01,0.000000000000000000e+00
-5.986531986531986593e-01,2.169999999999999984e-01,0.000000000000000000e+00
-5.961498316498317074e-01,2.169999999999999984e-01,0.000000000000000000e+00
-5.936464646464647554e-01,2.169999999999999984e-01,0.000000000000000000e+00
-5.911430976430975814e-01,2.169999999999999984e-01,0.000000000000000000e+00
-5.886397306397306295e-01,2.169999999999999984e-01,0.000000000000000000e+00
-5.861363636363636775e-01,2.169999999999999984e-01,0.000000000000000000e+00
-5.836329966329967256e-01,2.169999999999999984e-01,0.000000000000000000e+00
-5.811296296296295516e-01,2.169999999999999984e-01,0.000000000000000000e+00
-5.786262626262625997e-01,2.169999999999999984e-01,0.000000000000000000e+00
-5.761228956228956477e-01,2.169999999999999984e-01,0.000000000000000000e+00
-5.736195286195286958e-01,2.169999999999999984e-01,0.000000000000000000e+00
-5.711161616161615218e-01,2.169999999999999984e-01,0.000000000000000000e+00
-5.686127946127945698e-01,2.169999999999999984e-01,0.000000000000000000e+00
-5.661094276094276179e-01,2.169999999999999984e-01,0.000000000000000000e+00
-5.636060606060606659e-01,2.169999999999999984e-01,0.000000000000000000e+00
-5.611026936026937140e-01,2.169999999999999984e-01,0.000000000000000000e+00
-5.585993265993265400e-01,2.169999999999999984e-01,0.000000000000000000e+00
-5.560959595959595880e-01,2.169999999999999984e-01,0.000000000000000000e+00
-5.535925925925926361e-01,2.169999999999999984e-01,0.000000000000000000e+00
-5.510892255892256841e-01,2.169999999999999984e-01,0.000000000000000000e+00
-5.485858585858585101e-01,2.169999999999999984e-01,0.000000000000000000e+00
-5.460824915824915582e-01,2.169999999999999984e-01,0.000000000000000000e+00
-5.435791245791246062e-01,2.169999999999999984e-01,0.000000000000000000e+00
-5.410757575757576543e-01,2.169999999999999984e-01,0.000000000000000000e+00
-5.385723905723904803e-01,2.169999999999999984e-01,0.000000000000000000e+00
-5.360690235690235284e-01,2.169999999999999984e-01,0.000000000000000000e+00
-5.335656565656565764e-01,2.169999999999999984e-01,0.000000000000000000e+00
-5.310622895622896245e-01,2.169999999999999984e-01,0.000000000000000000e+00
-5.285589225589226725e-01,2.169999999999999984e-01,0.000000000000000000e+00
-5.260555555555554985e-01,2.169999999999999984e-01,0.000000000000000000e+00
-5.235521885521885466e-01,2.169999999999999984e-01,0.000000000000000000e+00
-5.210488215488215946e-01,2.169999999999999984e-01,0.000000000000000000e+00
-5.185454545454546427e-01,2.169999999999999984e-01,0.000000000000000000e+00
-5.160420875420874687e-01,2.169999999999999984e-01,0.000000000000000000e+00
-5.135387205387205167e-01,2.169999999999999984e-01,0.000000000000000000e+00
-5.110353535353535648e-01,2.169999999999999984e-01,0.000000000000000000e+00
-5.085319865319866128e-01,2.169999999999999984e-01,0.000000000000000000e+00
-5.060286195286194388e-01,2.169999999999999984e-01,0.000000000000000000e+00
-5.035252525252524869e-01,2.169999999999999984e-01,0.000000000000000000e+00
-5.010218855218855349e-01,2.169999999999999984e-01,0.000000000000000000e+00
-4.985185185185185830e-01,2.169999999999999984e-01,0.000000000000000000e+00
-4.960151515151516310e-01,2.169999999999999984e-01,0.000000000000000000e+00
-4.935117845117844571e-01,2.169999999999999984e-01,0.000000000000000000e+00
-4.910084175084175051e-01,2.169999999999999984e-01,0.000000000000000000e+00
-4.885050505050505532e-01,2.169999999999999984e-01,0.000000000000000000e+00
-4.860016835016836012e-01,2.169999999999999984e-01,0.000000000000000000e+00
-4.834983164983164272e-01,2.169999999999999984e-01,0.000000000000000000e+00
-4.809949494949494753e-01,2.169999999999999984e-01,0.000000000000000000e+00
-4.784915824915825233e-01,2.169999999999999984e-01,0.000000000000000000e+00
-4.759882154882155714e-01,2.169999999999999984e-01,0.000000000000000000e+00
-4.734848484848483974e-01,2.169999999999999984e-01,0.000000000000000000e+00
-4.709814814814814454e-01,2.169999999999999984e-01,0.000000000000000000e+00
-4.684781144781144935e-01,2.169999999999999984e-01,0.000000000000000000e+00
-4.659747474747475415e-01,2.169999999999999984e-01,0.000000000000000000e+00
-4.634713804713803675e-01,2.169999999999999984e-01,0.000000000000000000e+00
-4.609680134680134156e-01,2.169999999999999984e-01,0.000000000000000000e+00
-4.584646464646464636e-01,2.169999999999999984e-01,0.000000000000000000e+00
-4.559612794612795117e-01,2.169999999999999984e-01,0.000000000000000000e+00
-4.534579124579125597e-01,2.169999999999999984e-01,0.000000000000000000e+00
-4.509545454545453858e-01,2.169999999999999984e-01,0.000000000000000000e+00
-4.484511784511784338e-01,2.169999999999999984e-01,0.000000000000000000e+00
-4.459478114478114819e-01,2.169999999999999984e-01,0.000000000000000000e+00
-4.434444444444445299e-01,2.169999999999999984e-01,0.000000000000000000e+00
-4.409410774410773559e-01,2.169999999999999984e-01,0.000000000000000000e+00
-4.384377104377104040e-01,2.169999999999999984e-01,0.000000000000000000e+00
-4.359343434343434520e-01,2.169999999999999984e-01,0.000000000000000000e+00
-4.334309764309765001e-01,2.169999999999999984e-01,0.000000000000000000e+00
-4.309276094276093261e-01,2.169999999999999984e-01,0.000000000000000000e+00
-4.284242424242423741e-01,2.169999999999999984e-01,0.000000000000000000e+00
-4.259208754208754222e-01,2.169999999999999984e-01,0.000000000000000000e+00
-4.234175084175084702e-01,2.169999999999999984e-01,0.000000000000000000e+00
-4.209141414141415183e-01,2.169999999999999984e-01,0.000000000000000000e+00
-4.184107744107743443e-01,2.169999999999999984e-01,0.000000000000000000e+00
-4.159074074074073923e-01,2.169999999999999984e-01,0.000000000000000000e+00
-4.134040404040404404e-01,2.169999999999999984e-01,0.000000000000000000e+00
-4.109006734006734884e-01,2.169999999999999984e-01,0.000000000000000000e+00
-4.083973063973063145e-01,2.169999999999999984e-01,0.000000000000000000e+00
-4.058939393939393625e-01,2.169999999999999984e-01,0.000000000000000000e+00
-4.033905723905724106e-01,2.169999999999999984e-01,0.000000000000000000e+00
-4.008872053872054586e-01,2.169999999999999984e-01,0.000000000000000000e+00
-3.983838383838382846e-01,2.169999999999999984e-01,0.000000000000000000e+00
-3.958804713804713327e-01,2.169999999999999984e-01,0.000000000000000000e+00
-3.933771043771043807e-01,2.169999999999999984e-01,0.000000000000000000e+00
-3.908737373737374288e-01,2.169999999999999984e-01,0.000000000000000000e+00
-3.883703703703704768e-01,2.169999999999999984e-01,0.000000000000000000e+00
-3.858670033670033028e-01,2.169999999999999984e-01,0.000000000000000000e+00
-3.833636363636363509e-01,2.169999999999999984e-01,0.000000000000000000e+00
-3.808602693602693989e-01,2.169999999999999984e-01,0.000000000000000000e+00
-3.783569023569024470e-01,2.169999999999999984e-01,0.000000000000000000e+00
-3.758535353535352730e-01,2.169999999999999984e-01,0.000000000000000000e+00
-3.733501683501683210e-01,2.169999999999999984e-01,0.000000000000000000e+00
-3.708468013468013691e-01,2.169999999999999984e-01,0.000000000000000000e+00
-3.683434343434344171e-01,2.169999999999999984e-01,0.000000000000000000e+00
-3.658400673400672432e-01,2.169999999999999984e-01,0.000000000000000000e+00
-3.633367003367002912e-01,2.169999999999999984e-01,0.000000000000000000e+00
-3.608333333333333393e-01,2.169999999999999984e-01,0.000000000000000000e+00
-3.583299663299663873e-01,2.169999999999999984e-01,0.000000000000000000e+00
-3.558265993265992133e-01,2.169999999999999984e-01,0.000000000000000000e+00
-3.533232323232322614e-01,2.169999999999999984e-01,0.000000000000000000e+00
-3.508198653198653094e-01,2.169999999999999984e-01,0.000000000000000000e+00
-3.483164983164983575e-01,2.169999999999999984e-01,0.000000000000000000e+00
-3.458131313131314055e-01,2.169999999999999984e-01,0.000000000000000000e+00
-3.433097643097642315e-01,2.169999999999999984e-01,0.000000000000000000e+00
-3.408063973063972796e-01,2.169999999999999984e-01,0.000000000000000000e+00
-3.383030303030303276e-01,2.169999999999999984e-01,0.000000000000000000e+00
-3.357996632996633757e-01,2.169999999999999984e-01,0.000000000000000000e+00
-3.332962962962962017e-01,2.169999999999999984e-01,0.000000000000000000e+00
-3.307929292929292497e-01,2.169999999999999984e-01,0.000000000000000000e+00
-3.282895622895622978e-01,2.169999999999999984e-01,0.000000000000000000e+00
-3.257861952861953458e-01,2.169999999999999984e-01,0.000000000000000000e+00
-3.232828282828281719e-01,2.169999999999999984e-01,0.000000000000000000e+00
-3.207794612794612199e-01,2.169999999999999984e-01,0.000000000000000000e+00
-3.182760942760942680e-01,2.169999999999999984e-01,0.000000000000000000e+00
-3.157727272727273160e-01,2.169999999999999984e-01,0.000000000000000000e+00
-3.132693602693603641e-01,2.169999999999999984e-01,0.000000000000000000e+00
-3.107659932659931901e-01,2.169999999999999984e-01,0.000000000000000000e+00
-3.082626262626262381e-01,2.169999999999999984e-01,0.000000000000000000e+00
-3.057592592592592862e-01,2.169999999999999984e-01,0.000000000000000000e+00
-3.032558922558923342e-01,2.169999999999999984e-01,0.000000000000000000e+00
-3.007525252525251602e-01,2.169999999999999984e-01,0.000000000000000000e+00
-2.982491582491582083e-01,2.169999999999999984e-01,0.000000000000000000e+00
-2.957457912457912563e-01,2.169999999999999984e-01,0.000000000000000000e+00
-2.932424242424243044e-01,2.169999999999999984e-01,0.000000000000000000e+00
-2.907390572390571304e-01,2.169999999999999984e-01,0.000000000000000000e+00
-2.882356902356901784e-01,2.169999999999999984e-01,0.000000000000000000e+00
-2.857323232323232265e-01,2.169999999999999984e-01,0.000000000000000000e+00
-2.832289562289562745e-01,2.169999999999999984e-01,0.000000000000000000e+00
-2.807255892255893226e-01,2.169999999999999984e-01,0.000000000000000000e+00
-2.782222222222221486e-01,2.169999999999999984e-01,0.000000000000000000e+00
-2.757188552188551967e-01,2.169999999999999984e-01,0.000000000000000000e+00
-2.732154882154882447e-01,2.169999999999999984e-01,0.000000000000000000e+00
-2.707121212121212928e-01,2.169999999999999984e-01,0.000000000000000000e+00
-2.682087542087541188e-01,2.169999999999999984e-01,0.000000000000000000e+00
-2.657053872053871668e-01,2.169999999999999984e-01,0.000000000000000000e+00
-2.632020202020202149e-01,2.169999999999999984e-01,0.000000000000000000e+00
-2.606986531986532629e-01,2.169999999999999984e-01,0.000000000000000000e+00
-2.581952861952860889e-01,2.169999999999999984e-01,0.000000000000000000e+00
-2.556919191919191370e-01,2.169999999999999984e-01,0.000000000000000000e+00
-2.531885521885521850e-01,2.169999999999999984e-01,0.000000000000000000e+00
-2.506851851851852331e-01,2.169999999999999984e-01,0.000000000000000000e+00
-2.481818181818180591e-01,2.169999999999999984e-01,0.000000000000000000e+00
-2.456784511784511071e-01,2.169999999999999984e-01,0.000000000000000000e+00
-2.431750841750841552e-01,2.169999999999999984e-01,0.000000000000000000e+00
-2.406717171717172032e-01,2.169999999999999984e-01,0.000000000000000000e+00
-2.381683501683502513e-01,2.169999999999999984e-01,0.000000000000000000e+00
-2.356649831649830773e-01,2.169999999999999984e-01,0.000000000000000000e+00
-2.331616161616161254e-01,2.169999999999999984e-01,0.000000000000000000e+00
-2.306582491582491734e-01,2.169999999999999984e-01,0.000000000000000000e+00
-2.281548821548822215e-01,2.169999999999999984e-01,0.000000000000000000e+00
-2.256515151515150475e-01,2.169999999999999984e-01,0.000000000000000000e+00
-2.231481481481480955e-01,2.169999999999999984e-01,0.000000000000000000e+00
-2.206447811447811436e-01,2.169999999999999984e-01,0.000000000000000000e+00
-2.181414141414141916e-01,2.169999999999999984e-01,0.000000000000000000e+00
-2.156380471380470176e-01,2.169999999999999984e-01,0.000000000000000000e+00
-2.131346801346800657e-01,2.169999999999999984e-01,0.000000000000000000e+00
-2.106313131313131137e-01,2.169999999999999984e-01,0.000000000000000000e+00
-2.081279461279461618e-01,2.169999999999999984e-01,0.000000000000000000e+00
-2.056245791245792098e-01,2.169999999999999984e-01,0.000000000000000000e+00
-2.031212121212120358e-01,2.169999999999999984e-01,0.000000000000000000e+00
-2.006178451178450839e-01,2.169999999999999984e-01,0.000000000000000000e+00
-1.981144781144781319e-01,2.169999999999999984e-01,0.000000000000000000e+00
-1.956111111111111800e-01,2.169999999999999984e-01,0.000000000000000000e+00
-1.931077441077440060e-01,2.169999999999999984e-01,0.000000000000000000e+00
-1.906043771043770541e-01,2.169999999999999984e-01,0.000000000000000000e+00
-1.881010101010101021e-01,2.169999999999999984e-01,0.000000000000000000e+00
-1.855976430976431502e-01,2.169999999999999984e-01,0.000000000000000000e+00
-1.830942760942759762e-01,2.169999999999999984e-01,0.000000000000000000e+00
-1.805909090909090242e-01,2.169999999999999984e-01,0.000000000000000000e+00
-1.780875420875420723e-01,2.169999999999999984e-01,0.000000000000000000e+00
-1.755841750841751203e-01,2.169999999999999984e-01,0.000000000000000000e+00
-1.730808080808081684e-01,2.169999999999999984e-01,0.000000000000000000e+00
-1.705774410774409944e-01,2.169999999999999984e-01,0.000000000000000000e+00
-1.680740740740740424e-01,2.169999999999999984e-01,0.000000000000000000e+00
-1.655707070707070905e-01,2.169999999999999984e-01,0.000000000000000000e+00
-1.630673400673401385e-01,2.169999999999999984e-01,0.000000000000000000e+00
-1.605639730639729645e-01,2.169999999999999984e-01,0.000000000000000000e+00
-1.580606060606060126e-01,2.169999999999999984e-01,0.000000000000000000e+00
-1.555572390572390606e-01,2.169999999999999984e-01,0.000000000000000000e+00
-1.530538720538721087e-01,2.169999999999999984e-01,0.000000000000000000e+00
-1.505505050505049347e-01,2.169999999999999984e-01,0.000000000000000000e+00
-1.480471380471379828e-01,2.169999999999999984e-01,0.000000000000000000e+00
-1.455437710437710308e-01,2.169999999999999984e-01,0.000000000000000000e+00
-1.430404040404040789e-01,2.169999999999999984e-01,0.000000000000000000e+00
-1.405370370370369049e-01,2.169999999999999984e-01,0.000000000000000000e+00
-1.380336700336699529e-01,2.169999999999999984e-01,0.000000000000000000e+00
-1.355303030303030010e-01,2.169999999999999984e-01,0.000000000000000000e+00
-1.330269360269360490e-01,2.169999999999999984e-01,0.000000000000000000e+00
-1.305235690235690971e-01,2.169999999999999984e-01,0.000000000000000000e+00
-1.280202020202019231e-01,2.169999999999999984e-01,0.000000000000000000e+00
-1.255168350168349711e-01,2.169999999999999984e-01,0.000000000000000000e+00
-1.230134680134680192e-01,2.169999999999999984e-01,0.000000000000000000e+00
-1.205101010101010672e-01,2.169999999999999984e-01,0.000000000000000000e+00
-1.180067340067338932e-01,2.169999999999999984e-01,0.000000000000000000e+00
-1.155033670033669413e-01,2.169999999999999984e-01,0.000000000000000000e+00
-1.130000000000000032e-01,2.169999999999999984e-01,0.000000000000000000e+00
-1.130000000000000032e-01,2.169999999999999984e-01,1.822284191834791622e+00
-1.104411764705882371e-01,2.169999999999999984e-01,1.656958684630445822e+00
-1.078823529411764709e-01,2.169999999999999984e-01,1.499897959774293188e+00
-1.053235294117647047e-01,2.169999999999999984e-01,1.351102017266320399e+00
-1.027647058823529386e-01,2.169999999999999984e-01,1.210570857106540776e+00
-1.002058823529411724e-01,2.169999999999999984e-01,1.078304479294949436e+00
-9.764705882352942012e-02,2.169999999999999984e-01,9.543028838315315010e-01
-9.508823529411765396e-02,2.169999999999999984e-01,8.385660707163126171e-01
-9.252941176470588780e-02,2.169999999999999984e-01,7.310940399492816821e-01
-8.997058823529412164e-02,2.169999999999999984e-01,6.318867915304303695e-01
-8.741176470588235548e-02,2.169999999999999984e-01,5.409443254597668949e-01
-8.485294117647058931e-02,2.169999999999999984e-01,4.582666417372939227e-01
-8.229411764705882315e-02,2.169999999999999984e-01,3.838537403630060685e-01
-7.973529411764705699e-02,2.169999999999999984e-01,3.177056213368979476e-01
-7.717647058823529083e-02,2.169999999999999984e-01,2.598222846589926527e-01
-7.461764705882353854e-02,2.169999999999999984e-01,2.100641015155717273e-01
-7.205882352941175850e-02,2.169999999999999984e-01,1.618089001481437805e-01
-6.950000000000000622e-02,2.169999999999999984e-01,1.056916130767021483e-01
-6.694117647058822618e-02,2.169999999999999984e-01,4.100329426007071759e-02
-6.438235294117647389e-02,2.169999999999999984e-01,-3.225605630177004468e-02
-6.182352941176470773e-02,2.169999999999999984e-01,-1.140864386088134702e-01
-5.926470588235294157e-02,2.169999999999999984e-01,-2.044878526610652003e-01
-5.670588235294117541e-02,2.169999999999999984e-01,-3.034602984584927055e-01
-5.414705882352940924e-02,2.169999999999999984e-01,-4.110037760011339691e-01
-5.158823529411764308e-02,2.169999999999999984e-01,-5.271182852889889636e-01
-4.902941176470587692e-02,2.169999999999999984e-01,-6.518038263220278239e-01
-4.647058823529411076e-02,2.169999999999999984e-01,-7.850603991002738091e-01
-4.391176470588235847e-02,2.169999999999999984e-01,-9.268880036237304720e-01
-4.135294117647059231e-02,2.169999999999999984e-01,-1.077286639892369946e+00
-3.879411764705882615e-02,2.169999999999999984e-01,-1.236256307906222984e+00
-3.623529411764705999e-02,2.169999999999999984e-01,-1.403797007665279040e+00
-3.367647058823529382e-02,2.169999999999999984e-01,-1.579908739169529897e+00
-3.111764705882352766e-02,2.169999999999999984e-01,-1.764591502418991542e+00
-2.855882352941176150e-02,2.169999999999999984e-01,-1.957845297413634666e+00
-2.599999999999999881e-02,2.169999999999999984e-01,0.000000000000000000e+00
-2.599999999999999881e-02,2.169999999999999984e-01,0.000000000000000000e+00
-2.339999999999999719e-02,2.169999999999999984e-01,0.000000000000000000e+00
-2.079999999999999905e-02,2.169999999999999984e-01,0.000000000000000000e+00
-1.820000000000000090e-02,2.169999999999999984e-01,0.000000000000000000e+00
-1.559999999999999928e-02,2.169999999999999984e-01,0.000000000000000000e+00
-1.299999999999999940e-02,2.169999999999999984e-01,0.000000000000000000e+00
-1.039999999999999952e-02,2.169999999999999984e-01,0.000000000000000000e+00
-7.799999999999997907e-03,2.169999999999999984e-01,0.000000000000000000e+00
-5.199999999999999761e-03,2.169999999999999984e-01,0.000000000000000000e+00
-2.600000000000001615e-03,2.169999999999999984e-01,0.000000000000000000e+00
0.000000000000000000e+00,0.000000000000000000e+00,0.000000000000000000e+00
2.600000000000001615e-03,2.169999999999999984e-01,0.000000000000000000e+00
5.199999999999999761e-03,2.169999999999999984e-01,0.000000000000000000e+00
7.799999999999997907e-03,2.169999999999999984e-01,0.000000000000000000e+00
1.040000000000000299e-02,2.169999999999999984e-01,0.000000000000000000e+00
1.299999999999999940e-02,2.169999999999999984e-01,0.000000000000000000e+00
1.299999999999999940e-02,2.169999999999999984e-01,-1.290032272015607795e+01
1.560606060606060594e-02,2.169999999999999984e-01,9.079461135032756758e+00
1.821212121212121074e-02,2.169999999999999984e-01,-1.126259853739709449e+01
2.081818181818181901e-02,2.169999999999999984e-01,1.389477109395219223e+01
2.342424242424242381e-02,2.169999999999999984e-01,-7.783860886178826100e-01
2.603030303030302861e-02,2.169999999999999984e-01,1.550236517545831560e+01
2.863636363636363341e-02,2.169999999999999984e-01,-2.529473226494392435e+01
3.124242424242424515e-02,2.169999999999999984e-01,2.090437565577148860e+01
3.384848484848484995e-02,2.169999999999999984e-01,-3.254224899993791809e+01
3.645454545454545475e-02,2.169999999999999984e-01,2.639495559898614729e+01
3.906060606060605955e-02,2.169999999999999984e-01,3.255386286302632470e+01
4.166666666666666435e-02,2.169999999999999984e-01,-2.119352013830934922e+01
4.427272727272726915e-02,2.169999999999999984e-01,-3.544494321261326775e+01
4.687878787878787396e-02,2.169999999999999984e-01,5.296481868067100152e+01
4.948484848484848569e-02,2.169999999999999984e-01,-5.023905822557730971e+01
5.209090909090909050e-02,2.169999999999999984e-01,7.186726118184991741e-01
5.469696969696969530e-02,2.169999999999999984e-01,4.905590788723697671e+01
5.730303030303030010e-02,2.169999999999999984e-01,4.983455512254118958e+01
5.990909090909090490e-02,2.169999999999999984e-01,-4.355778247949837123e+01
6.251515151515152358e-02,2.169999999999999984e-01,-4.454131183787043824e+01
6.512121212121212144e-02,2.169999999999999984e-01,4.872560194626426977e+01
6.772727272727273318e-02,2.169999999999999984e-01,-1.502604573840542024e+01
7.033333333333333104e-02,2.169999999999999984e-01,-5.410921925793598319e+00
7.293939393939394278e-02,2.169999999999999984e-01,2.467564662707978584e+01
7.554545454545454064e-02,2.169999999999999984e-01,-8.291331912812440308e+00
7.815151515151515238e-02,2.169999999999999984e-01,-4.710663431133298218e+01
8.075757575757575024e-02,2.169999999999999984e-01,1.658796403405873221e+01
8.336363636363636198e-02,2.169999999999999984e-01,-6.797049889669857237e+00
8.596969696969697372e-02,2.169999999999999984e-01,-2.985689609266548139e+00
8.857575757575757158e-02,2.169999999999999984e-01,-2.297228468102306209e+01
9.118181818181818332e-02,2.169999999999999984e-01,1.049220079267575123e+01
9.378787878787878118e-02,2.169999999999999984e-01,1.422351758794967047e+01
9.639393939393939292e-02,2.169999999999999984e-01,2.541018250256031230e+00
9.900000000000000466e-02,2.169999999999999984e-01,0.000000000000000000e+00
1.014444444444444482e-01,2.169999999999999984e-01,0.000000000000000000e+00
1.038888888888888917e-01,2.169999999999999984e-01,0.000000000000000000e+00
1.063333333333333353e-01,2.169999999999999984e-01,0.000000000000000000e+00
1.087777777777777788e-01,2.169999999999999984e-01,0.000000000000000000e+00
1.112222222222222223e-01,2.169999999999999984e-01,0.000000000000000000e+00
1.136666666666666659e-01,2.169999999999999984e-01,0.000000000000000000e+00
1.161111111111111094e-01,2.169999999999999984e-01,0.000000000000000000e+00
1.185555555555555529e-01,2.169999999999999984e-01,3.669139181027782470e+00
1.209999999999999964e-01,2.169999999999999984e-01,1.554475059339618381e+00
1.235624999999999918e-01,2.169999999999999984e-01,1.431252451705218531e+00
1.261249999999999871e-01,2.169999999999999984e-01,1.312287776462229605e+00
1.286875000000000102e-01,2.169999999999999984e-01,1.197581033610648049e+00
1.312500000000000056e-01,2.169999999999999984e-01,1.087132223150471866e+00
1.338125000000000009e-01,2.169999999999999984e-01,9.809413450817123792e-01
1.363749999999999962e-01,2.169999999999999984e-01,8.790083994043481619e-01
1.389374999999999916e-01,2.169999999999999984e-01,7.813333861184031948e-01
1.415000000000000147e-01,2.169999999999999984e-01,6.879163052238729259e-01
1.440625000000000100e-01,2.169999999999999984e-01,5.987571567207322643e-01
1.466250000000000053e-01,2.169999999999999984e-01,5.138559406090110748e-01
1.491875000000000007e-01,2.169999999999999984e-01,4.332126568887013085e-01
1.517499999999999960e-01,2.169999999999999984e-01,3.568273055597964150e-01
1.543125000000000191e-01,2.169999999999999984e-01,2.846998866222975044e-01
1.568749999999999867e-01,2.169999999999999984e-01,2.168304000762166506e-01
1.594375000000000098e-01,2.169999999999999984e-01,1.523054997142475053e-01
1.620000000000000051e-01,2.169999999999999984e-01,8.393545508485858453e-02
1.645625000000000004e-01,2.169999999999999984e-01,8.317404909653389536e-03
1.671250000000000235e-01,2.169999999999999984e-01,-7.456897031162988687e-02
1.696874999999999911e-01,2.169999999999999984e-01,-1.647236705789927036e-01
1.722500000000000142e-01,2.169999999999999984e-01,-2.621466958924481561e-01
1.748125000000000095e-01,2.169999999999999984e-01,-3.668380462519765794e-01
1.773750000000000049e-01,2.169999999999999984e-01,-4.787977216576013717e-01
1.799375000000000002e-01,2.169999999999999984e-01,-5.980257221092982745e-01
1.824999999999999956e-01,2.169999999999999984e-01,-7.245220476070781679e-01
1.850625000000000187e-01,2.169999999999999984e-01,-8.582866981509486015e-01
1.876250000000000140e-01,2.169999999999999984e-01,-9.993196737408966968e-01
1.901875000000000093e-01,2.169999999999999984e-01,-1.147620974376933223e+00
1.927500000000000047e-01,2.169999999999999984e-01,-1.303190600059046966e+00
1.953125000000000000e-01,2.169999999999999984e-01,-1.466028550787252138e+00
1.978750000000000231e-01,2.169999999999999984e-01,-1.636134826561531419e+00
2.004375000000000184e-01,2.169999999999999984e-01,-1.464204091579745537e+01
2.030000000000000138e-01,2.169999999999999984e-01,0.000000000000000000e+00
2.030000000000000138e-01,2.169999999999999984e-01,-1.275673000620420083e+01
2.055769230769231015e-01,2.169999999999999984e-01,0.000000000000000000e+00
2.081538461538461615e-01,2.169999999999999984e-01,0.000000000000000000e+00
2.107307692307692493e-01,2.169999999999999984e-01,0.000000000000000000e+00
2.133076923076923093e-01,2.169999999999999984e-01,0.000000000000000000e+00
2.158846153846153970e-01,2.169999999999999984e-01,0.000000000000000000e+00
2.184615384615384848e-01,2.169999999999999984e-01,0.000000000000000000e+00
2.210384615384615448e-01,2.169999999999999984e-01,0.000000000000000000e+00
2.236153846153846325e-01,2.169999999999999984e-01,0.000000000000000000e+00
2.261923076923076925e-01,2.169999999999999984e-01,0.000000000000000000e+00
2.287692307692307803e-01,2.169999999999999984e-01,0.000000000000000000e+00
2.313461538461538680e-01,2.169999999999999984e-01,0.000000000000000000e+00
2.339230769230769280e-01,2.169999999999999984e-01,0.000000000000000000e+00
2.365000000000000158e-01,2.169999999999999984e-01,0.000000000000000000e+00
2.390769230769230758e-01,2.169999999999999984e-01,0.000000000000000000e+00
2.416538461538461635e-01,2.169999999999999984e-01,0.000000000000000000e+00
2.442307692307692513e-01,2.169999999999999984e-01,0.000000000000000000e+00
2.468076923076923113e-01,2.169999999999999984e-01,0.000000000000000000e+00
2.493846153846153990e-01,2.169999999999999984e-01,0.000000000000000000e+00
2.519615384615384590e-01,2.169999999999999984e-01,0.000000000000000000e+00
2.545384615384615468e-01,2.169999999999999984e-01,0.000000000000000000e+00
2.571153846153846345e-01,2.169999999999999984e-01,0.000000000000000000e+00
2.596923076923077223e-01,2.169999999999999984e-01,0.000000000000000000e+00
2.622692307692308100e-01,2.169999999999999984e-01,0.000000000000000000e+00
2.648461538461538423e-01,2.169999999999999984e-01,0.000000000000000000e+00
2.674230769230769300e-01,2.169999999999999984e-01,0.000000000000000000e+00
2.700000000000000178e-01,2.169999999999999984e-01,0.000000000000000000e+00
2.700000000000000178e-01,2.169999999999999984e-01,1.444583745338805070e+00
2.726000000000000090e-01,2.169999999999999984e-01,1.308300144129647125e+00
2.752000000000000002e-01,2.169999999999999984e-01,1.173774127046586013e+00
2.777999999999999914e-01,2.169999999999999984e-01,1.041005694089633504e+00
2.804000000000000381e-01,2.169999999999999984e-01,9.099948452587859338e-01
2.830000000000000293e-01,2.169999999999999984e-01,7.807415805540338649e-01
2.856000000000000205e-01,2.169999999999999984e-01,6.532458999753930629e-01
2.882000000000000117e-01,2.169999999999999984e-01,5.275078035228515372e-01
2.908000000000000029e-01,2.169999999999999984e-01,4.035272911964184472e-01
2.933999999999999941e-01,2.169999999999999984e-01,2.813043629960825798e-01
2.960000000000000409e-01,2.169999999999999984e-01,1.608390189218552313e-01
2.986000000000000321e-01,2.169999999999999984e-01,4.213125897372909517e-02
3.012000000000000233e-01,2.169999999999999984e-01,-7.481891684829518330e-02
3.038000000000000145e-01,2.169999999999999984e-01,-1.900115085442109497e-01
3.064000000000000057e-01,2.169999999999999984e-01,-3.034465161140261769e-01
3.089999999999999969e-01,2.169999999999999984e-01,-4.151239395577355218e-01
3.115999999999999881e-01,2.169999999999999984e-01,-5.250437788753464785e-01
3.142000000000000348e-01,2.169999999999999984e-01,-6.332060340668499432e-01
3.168000000000000260e-01,2.169999999999999984e-01,-7.396107051322511339e-01
3.194000000000000172e-01,2.169999999999999984e-01,-8.442577920715449435e-01
3.220000000000000084e-01,2.169999999999999984e-01,-9.471472948847450279e-01
3.245999999999999996e-01,2.169999999999999984e-01,-1.048279213571831514e+00
3.272000000000000464e-01,2.169999999999999984e-01,-1.147653548132818946e+00
3.298000000000000376e-01,2.169999999999999984e-01,-1.245270298567702660e+00
3.324000000000000288e-01,2.169999999999999984e-01,-1.341129464876480881e+00
3.350000000000000200e-01,2.169999999999999984e-01,0.000000000000000000e+00
3.350000000000000200e-01,2.169999999999999984e-01,0.000000000000000000e+00
3.375049504950495272e-01,2.169999999999999984e-01,0.000000000000000000e+00
3.400099009900990343e-01,2.169999999999999984e-01,0.000000000000000000e+00
3.425148514851485415e-01,2.169999999999999984e-01,0.000000000000000000e+00
3.450198019801980487e-01,2.169999999999999984e-01,0.000000000000000000e+00
3.475247524752475559e-01,2.169999999999999984e-01,0.000000000000000000e+00
3.500297029702970630e-01,2.169999999999999984e-01,0.000000000000000000e+00
3.525346534653465702e-01,2.169999999999999984e-01,0.000000000000000000e+00
3.550396039603960774e-01,2.169999999999999984e-01,0.000000000000000000e+00
3.575445544554455846e-01,2.169999999999999984e-01,0.000000000000000000e+00
3.600495049504950917e-01,2.169999999999999984e-01,0.000000000000000000e+00
3.625544554455445989e-01,2.169999999999999984e-01,0.000000000000000000e+00
3.650594059405940506e-01,2.169999999999999984e-01,0.000000000000000000e+00
3.675643564356435578e-01,2.169999999999999984e-01,0.000000000000000000e+00
3.700693069306930649e-01,2.169999999999999984e-01,0.000000000000000000e+00
3.725742574257425721e-01,2.169999999999999984e-01,0.000000000000000000e+00
3.750792079207920793e-01,2.169999999999999984e-01,0.000000000000000000e+00
3.775841584158415865e-01,2.169999999999999984e-01,0.000000000000000000e+00
3.800891089108910936e-01,2.169999999999999984e-01,0.000000000000000000e+00
3.825940594059406008e-01,2.169999999999999984e-01,0.000000000000000000e+00
3.850990099009901080e-01,2.169999999999999984e-01,0.000000000000000000e+00
3.876039603960396152e-01,2.169999999999999984e-01,0.000000000000000000e+00
3.901089108910891223e-01,2.169999999999999984e-01,0.000000000000000000e+00
3.926138613861386295e-01,2.169999999999999984e-01,0.000000000000000000e+00
3.951188118811881367e-01,2.169999999999999984e-01,0.000000000000000000e+00
3.976237623762376439e-01,2.169999999999999984e-01,0.000000000000000000e+00
4.001287128712871510e-01,2.169999999999999984e-01,0.000000000000000000e+00
4.026336633663366582e-01,2.169999999999999984e-01,0.000000000000000000e+00
4.051386138613861654e-01,2.169999999999999984e-01,0.000000000000000000e+00
4.076435643564356726e-01,2.169999999999999984e-01,0.000000000000000000e+00
4.101485148514851797e-01,2.169999999999999984e-01,0.000000000000000000e+00
4.126534653465346869e-01,2.169999999999999984e-01,0.000000000000000000e+00
4.151584158415841941e-01,2.169999999999999984e-01,0.000000000000000000e+00
4.176633663366337013e-01,2.169999999999999984e-01,0.000000000000000000e+00
4.201683168316832084e-01,2.169999999999999984e-01,0.000000000000000000e+00
4.226732673267327156e-01,2.169999999999999984e-01,0.000000000000000000e+00
4.251782178217822228e-01,2.169999999999999984e-01,0.000000000000000000e+00
4.276831683168317300e-01,2.169999999999999984e-01,0.000000000000000000e+00
4.301881188118812371e-01,2.169999999999999984e-01,0.000000000000000000e+00
4.326930693069307443e-01,2.169999999999999984e-01,0.000000000000000000e+00
4.351980198019802515e-01,2.169999999999999984e-01,0.000000000000000000e+00
4.377029702970297587e-01,2.169999999999999984e-01,0.000000000000000000e+00
4.402079207920792103e-01,2.169999999999999984e-01,0.000000000000000000e+00
4.427128712871287175e-01,2.169999999999999984e-01,0.000000000000000000e+00
4.452178217821782247e-01,2.169999999999999984e-01,0.000000000000000000e+00
4.477227722772277319e-01,2.169999999999999984e-01,0.000000000000000000e+00
4.502277227722772390e-01,2.169999999999999984e-01,0.000000000000000000e+00
4.527326732673267462e-01,2.169999999999999984e-01,0.000000000000000000e+00
4.552376237623762534e-01,2.169999999999999984e-01,0.000000000000000000e+00
4.577425742574257606e-01,2.169999999999999984e-01,0.000000000000000000e+00
4.602475247524752677e-01,2.169999999999999984e-01,0.000000000000000000e+00
4.627524752475247749e-01,2.169999999999999984e-01,0.000000000000000000e+00
4.652574257425742821e-01,2.169999999999999984e-01,0.000000000000000000e+00
4.677623762376237893e-01,2.169999999999999984e-01,0.000000000000000000e+00
4.702673267326732964e-01,2.169999999999999984e-01,0.000000000000000000e+00
4.727722772277228036e-01,2.169999999999999984e-01,0.000000000000000000e+00
4.752772277227723108e-01,2.169999999999999984e-01,0.000000000000000000e+00
4.777821782178218180e-01,2.169999999999999984e-01,0.000000000000000000e+00
4.802871287128712696e-01,2.169999999999999984e-01,0.000000000000000000e+00
4.827920792079207768e-01,2.169999999999999984e-01,0.000000000000000000e+00
4.852970297029702840e-01,2.169999999999999984e-01,0.000000000000000000e+00
4.878019801980197911e-01,2.169999999999999984e-01,0.000000000000000000e+00
4.903069306930692983e-01,2.169999999999999984e-01,0.000000000000000000e+00
4.928118811881188055e-01,2.169999999999999984e-01,0.000000000000000000e+00
4.953168316831683127e-01,2.169999999999999984e-01,0.000000000000000000e+00
4.978217821782178198e-01,2.169999999999999984e-01,0.000000000000000000e+00
5.003267326732673270e-01,2.169999999999999984e-01,0.000000000000000000e+00
5.028316831683168342e-01,2.169999999999999984e-01,0.000000000000000000e+00
5.053366336633663414e-01,2.169999999999999984e-01,0.000000000000000000e+00
5.078415841584158485e-01,2.169999999999999984e-01,0.000000000000000000e+00
5.103465346534653557e-01,2.169999999999999984e-01,0.000000000000000000e+00
5.128514851485148629e-01,2.169999999999999984e-01,0.000000000000000000e+00
5.153564356435643701e-01,2.169999999999999984e-01,0.000000000000000000e+00
5.178613861386138773e-01,2.169999999999999984e-01,0.000000000000000000e+00
5.203663366336633844e-01,2.169999999999999984e-01,0.000000000000000000e+00
5.228712871287128916e-01,2.169999999999999984e-01,0.000000000000000000e+00
5.253762376237623988e-01,2.169999999999999984e-01,0.000000000000000000e+00
5.278811881188119060e-01,2.169999999999999984e-01,0.000000000000000000e+00
5.303861386138614131e-01,2.169999999999999984e-01,0.000000000000000000e+00
5.328910891089109203e-01,2.169999999999999984e-01,0.000000000000000000e+00
5.353960396039604275e-01,2.169999999999999984e-01,0.000000000000000000e+00
5.379009900990099347e-01,2.169999999999999984e-01,0.000000000000000000e+00
5.404059405940594418e-01,2.169999999999999984e-01,0.000000000000000000e+00
5.429108910891089490e-01,2.169999999999999984e-01,0.000000000000000000e+00
5.454158415841584562e-01,2.169999999999999984e-01,0.000000000000000000e+00
5.479207920792079634e-01,2.169999999999999984e-01,0.000000000000000000e+00
5.504257425742574705e-01,2.169999999999999984e-01,0.000000000000000000e+00
5.529306930693069777e-01,2.169999999999999984e-01,0.000000000000000000e+00
5.554356435643564849e-01,2.169999999999999984e-01,0.000000000000000000e+00
5.579405940594059921e-01,2.169999999999999984e-01,0.000000000000000000e+00
5.604455445544554992e-01,2.169999999999999984e-01,0.000000000000000000e+00
5.629504950495050064e-01,2.169999999999999984e-01,0.000000000000000000e+00
5.654554455445545136e-01,2.169999999999999984e-01,0.000000000000000000e+00
5.679603960396040208e-01,2.169999999999999984e-01,0.000000000000000000e+00
5.704653465346535279e-01,2.169999999999999984e-01,0.000000000000000000e+00
5.729702970297030351e-01,2.169999999999999984e-01,0.000000000000000000e+00
5.754752475247524313e-01,2.169999999999999984e-01,0.000000000000000000e+00
5.779801980198020495e-01,2.169999999999999984e-01,0.000000000000000000e+00
5.804851485148514456e-01,2.169999999999999984e-01,0.000000000000000000e+00
5.829900990099010638e-01,2.169999999999999984e-01,0.000000000000000000e+00
5.854950495049504600e-01,2.169999999999999984e-01,0.000000000000000000e+00
5.880000000000000782e-01,2.169999999999999984e-01,0.000000000000000000e+00
5.905049504950494743e-01,2.169999999999999984e-01,0.000000000000000000e+00
5.930099009900990925e-01,2.169999999999999984e-01,0.000000000000000000e+00
5.955148514851484887e-01,2.169999999999999984e-01,0.000000000000000000e+00
5.980198019801981069e-01,2.169999999999999984e-01,0.000000000000000000e+00
6.005247524752475030e-01,2.169999999999999984e-01,0.000000000000000000e+00
6.030297029702971212e-01,2.169999999999999984e-01,0.000000000000000000e+00
6.055346534653465174e-01,2.169999999999999984e-01,0.000000000000000000e+00
6.080396039603961356e-01,2.169999999999999984e-01,0.000000000000000000e+00
6.105445544554455317e-01,2.169999999999999984e-01,0.000000000000000000e+00
6.130495049504951499e-01,2.169999999999999984e-01,0.000000000000000000e+00
6.155544554455445461e-01,2.169999999999999984e-01,0.000000000000000000e+00
6.180594059405941643e-01,2.169999999999999984e-01,0.000000000000000000e+00
6.205643564356435604e-01,2.169999999999999984e-01,0.000000000000000000e+00
6.230693069306931786e-01,2.169999999999999984e-01,0.000000000000000000e+00
6.255742574257425748e-01,2.169999999999999984e-01,0.000000000000000000e+00
6.280792079207920819e-01,2.169999999999999984e-01,0.000000000000000000e+00
6.305841584158415891e-01,2.169999999999999984e-01,0.000000000000000000e+00
6.330891089108910963e-01,2.169999999999999984e-01,0.000000000000000000e+00
6.355940594059406035e-01,2.169999999999999984e-01,0.000000000000000000e+00
6.380990099009901106e-01,2.169999999999999984e-01,0.000000000000000000e+00
6.406039603960396178e-01,2.169999999999999984e-01,0.000000000000000000e+00
6.431089108910891250e-01,2.169999999999999984e-01,0.000000000000000000e+00
6.456138613861386322e-01,2.169999999999999984e-01,0.000000000000000000e+00
6.481188118811881393e-01,2.169999999999999984e-01,0.000000000000000000e+00
6.506237623762376465e-01,2.169999999999999984e-01,0.000000000000000000e+00
6.531287128712871537e-01,2.169999999999999984e-01,0.000000000000000000e+00
6.556336633663366609e-01,2.169999999999999984e-01,0.000000000000000000e+00
6.581386138613861680e-01,2.169999999999999984e-01,0.000000000000000000e+00
6.606435643564356752e-01,2.169999999999999984e-01,0.000000000000000000e+00
6.631485148514851824e-01,2.169999999999999984e-01,0.000000000000000000e+00
6.656534653465346896e-01,2.169999999999999984e-01,0.000000000000000000e+00
6.681584158415841967e-01,2.169999999999999984e-01,0.000000000000000000e+00
6.706633663366337039e-01,2.169999999999999984e-01,0.000000000000000000e+00
6.731683168316832111e-01,2.169999999999999984e-01,0.000000000000000000e+00
6.756732673267327183e-01,2.169999999999999984e-01,0.000000000000000000e+00
6.781782178217822254e-01,2.169999999999999984e-01,0.000000000000000000e+00
6.806831683168317326e-01,2.169999999999999984e-01,0.000000000000000000e+00
6.831881188118812398e-01,2.169999999999999984e-01,0.000000000000000000e+00
6.856930693069307470e-01,2.169999999999999984e-01,0.000000000000000000e+00
6.881980198019801431e-01,2.169999999999999984e-01,0.000000000000000000e+00
6.907029702970297613e-01,2.169999999999999984e-01,0.000000000000000000e+00
6.932079207920791575e-01,2.169999999999999984e-01,0.000000000000000000e+00
6.957128712871287757e-01,2.169999999999999984e-01,0.000000000000000000e+00
6.982178217821781718e-01,2.169999999999999984e-01,0.000000000000000000e+00
7.007227722772277900e-01,2.169999999999999984e-01,0.000000000000000000e+00
7.032277227722771862e-01,2.169999999999999984e-01,0.000000000000000000e+00
7.057326732673268044e-01,2.169999999999999984e-01,0.000000000000000000e+00
7.082376237623762005e-01,2.169999999999999984e-01,0.000000000000000000e+00
7.107425742574258187e-01,2.169999999999999984e-01,0.000000000000000000e+00
7.132475247524752149e-01,2.169999999999999984e-01,0.000000000000000000e+00
7.157524752475248331e-01,2.169999999999999984e-01,0.000000000000000000e+00
7.182574257425742292e-01,2.169999999999999984e-01,0.000000000000000000e+00
7.207623762376238474e-01,2.169999999999999984e-01,0.000000000000000000e+00
7.232673267326732436e-01,2.169999999999999984e-01,0.000000000000000000e+00
7.257722772277228618e-01,2.169999999999999984e-01,0.000000000000000000e+00
7.282772277227722579e-01,2.169999999999999984e-01,0.000000000000000000e+00
7.307821782178218761e-01,2.169999999999999984e-01,0.000000000000000000e+00
7.332871287128712723e-01,2.169999999999999984e-01,0.000000000000000000e+00
7.357920792079208905e-01,2.169999999999999984e-01,0.000000000000000000e+00
7.382970297029702866e-01,2.169999999999999984e-01,0.000000000000000000e+00
7.408019801980199048e-01,2.169999999999999984e-01,0.000000000000000000e+00
7.433069306930693010e-01,2.169999999999999984e-01,0.000000000000000000e+00
7.458118811881189192e-01,2.169999999999999984e-01,0.000000000000000000e+00
7.483168316831683153e-01,2.169999999999999984e-01,0.000000000000000000e+00
7.508217821782179335e-01,2.169999999999999984e-01,0.000000000000000000e+00
7.533267326732673297e-01,2.169999999999999984e-01,0.000000000000000000e+00
7.558316831683168369e-01,2.169999999999999984e-01,0.000000000000000000e+00
7.583366336633663440e-01,2.169999999999999984e-01,0.000000000000000000e+00
7.608415841584158512e-01,2.169999999999999984e-01,0.000000000000000000e+00
7.633465346534653584e-01,2.169999999999999984e-01,0.000000000000000000e+00
7.658514851485148656e-01,2.169999999999999984e-01,0.000000000000000000e+00
7.683564356435643727e-01,2.169999999999999984e-01,0.000000000000000000e+00
7.708613861386138799e-01,2.169999999999999984e-01,0.000000000000000000e+00
7.733663366336633871e-01,2.169999999999999984e-01,0.000000000000000000e+00
7.758712871287128943e-01,2.169999999999999984e-01,0.000000000000000000e+00
7.783762376237624014e-01,2.169999999999999984e-01,0.000000000000000000e+00
7.808811881188119086e-01,2.169999999999999984e-01,0.000000000000000000e+00
7.833861386138614158e-01,2.169999999999999984e-01,0.000000000000000000e+00
7.858910891089109230e-01,2.169999999999999984e-01,0.000000000000000000e+00
7.883960396039604301e-01,2.169999999999999984e-01,0.000000000000000000e+00
7.909009900990099373e-01,2.169999999999999984e-01,0.000000000000000000e+00
7.934059405940594445e-01,2.169999999999999984e-01,0.000000000000000000e+00
7.959108910891089517e-01,2.169999999999999984e-01,0.000000000000000000e+00
7.984158415841584588e-01,2.169999999999999984e-01,0.000000000000000000e+00
8.009207920792079660e-01,2.169999999999999984e-01,0.000000000000000000e+00
8.034257425742574732e-01,2.169999999999999984e-01,0.000000000000000000e+00
8.059306930693069804e-01,2.169999999999999984e-01,0.000000000000000000e+00
8.084356435643564875e-01,2.169999999999999984e-01,0.000000000000000000e+00
8.109405940594059947e-01,2.169999999999999984e-01,0.000000000000000000e+00
8.134455445544555019e-01,2.169999999999999984e-01,0.000000000000000000e+00
8.159504950495048980e-01,2.169999999999999984e-01,0.000000000000000000e+00
8.184554455445545162e-01,2.169999999999999984e-01,0.000000000000000000e+00
8.209603960396039124e-01,2.169999999999999984e-01,0.000000000000000000e+00
8.234653465346535306e-01,2.169999999999999984e-01,0.000000000000000000e+00
8.259702970297029267e-01,2.169999999999999984e-01,0.000000000000000000e+00
8.284752475247525449e-01,2.169999999999999984e-01,0.000000000000000000e+00
8.309801980198019411e-01,2.169999999999999984e-01,0.000000000000000000e+00
8.334851485148515593e-01,2.169999999999999984e-01,0.000000000000000000e+00
8.359900990099009555e-01,2.169999999999999984e-01,0.000000000000000000e+00
8.384950495049505736e-01,2.169999999999999984e-01,0.000000000000000000e+00
8.409999999999999698e-01,2.169999999999999984e-01,0.000000000000000000e+00
8.435049504950495880e-01,2.169999999999999984e-01,0.000000000000000000e+00
8.460099009900989842e-01,2.169999999999999984e-01,0.000000000000000000e+00
8.485148514851486024e-01,2.169999999999999984e-01,0.000000000000000000e+00
8.510198019801979985e-01,2.169999999999999984e-01,0.000000000000000000e+00
8.535247524752476167e-01,2.169999999999999984e-01,0.000000000000000000e+00
8.560297029702970129e-01,2.169999999999999984e-01,0.000000000000000000e+00
8.585346534653466311e-01,2.169999999999999984e-01,0.000000000000000000e+00
8.610396039603960272e-01,2.169999999999999984e-01,0.000000000000000000e+00
8.635445544554456454e-01,2.169999999999999984e-01,0.000000000000000000e+00
8.660495049504950416e-01,2.169999999999999984e-01,0.000000000000000000e+00
8.685544554455446598e-01,2.169999999999999984e-01,0.000000000000000000e+00
8.710594059405940559e-01,2.169999999999999984e-01,0.000000000000000000e+00
8.735643564356436741e-01,2.169999999999999984e-01,0.000000000000000000e+00
8.760693069306930703e-01,2.169999999999999984e-01,0.000000000000000000e+00
8.785742574257426885e-01,2.169999999999999984e-01,0.000000000000000000e+00
8.810792079207920846e-01,2.169999999999999984e-01,0.000000000000000000e+00
8.835841584158417028e-01,2.169999999999999984e-01,0.000000000000000000e+00
8.860891089108910990e-01,2.169999999999999984e-01,0.000000000000000000e+00
8.885940594059407172e-01,2.169999999999999984e-01,0.000000000000000000e+00
8.910990099009901133e-01,2.169999999999999984e-01,0.000000000000000000e+00
8.936039603960397315e-01,2.169999999999999984e-01,0.000000000000000000e+00
8.961089108910891277e-01,2.169999999999999984e-01,0.000000000000000000e+00
8.986138613861387459e-01,2.169999999999999984e-01,0.000000000000000000e+00
9.011188118811881420e-01,2.169999999999999984e-01,0.000000000000000000e+00
9.036237623762377602e-01,2.169999999999999984e-01,0.000000000000000000e+00
9.061287128712871564e-01,2.169999999999999984e-01,0.000000000000000000e+00
9.086336633663367746e-01,2.169999999999999984e-01,0.000000000000000000e+00
9.111386138613861707e-01,2.169999999999999984e-01,0.000000000000000000e+00
9.136435643564355669e-01,2.169999999999999984e-01,0.000000000000000000e+00
9.161485148514851851e-01,2.169999999999999984e-01,0.000000000000000000e+00
9.186534653465345812e-01,2.169999999999999984e-01,0.000000000000000000e+00
9.211584158415841994e-01,2.169999999999999984e-01,0.000000000000000000e+00
9.236633663366335956e-01,2.169999999999999984e-01,0.000000000000000000e+00
9.261683168316832138e-01,2.169999999999999984e-01,0.000000000000000000e+00
9.286732673267326099e-01,2.169999999999999984e-01,0.000000000000000000e+00
9.311782178217822281e-01,2.169999999999999984e-01,0.000000000000000000e+00
9.336831683168316243e-01,2.169999999999999984e-01,0.000000000000000000e+00
9.361881188118812425e-01,2.169999999999999984e-01,0.000000000000000000e+00
9.386930693069306386e-01,2.169999999999999984e-01,0.000000000000000000e+00
9.411980198019802568e-01,2.169999999999999984e-01,0.000000000000000000e+00
9.437029702970296530e-01,2.169999999999999984e-01,0.000000000000000000e+00
9.462079207920792712e-01,2.169999999999999984e-01,0.000000000000000000e+00
9.487128712871286673e-01,2.169999999999999984e-01,0.000000000000000000e+00
9.512178217821782855e-01,2.169999999999999984e-01,0.000000000000000000e+00
9.537227722772276817e-01,2.169999999999999984e-01,0.000000000000000000e+00
9.562277227722772999e-01,2.169999999999999984e-01,0.000000000000000000e+00
9.587326732673266960e-01,2.169999999999999984e-01,0.000000000000000000e+00
9.612376237623763142e-01,2.169999999999999984e-01,0.000000000000000000e+00
9.637425742574257104e-01,2.169999999999999984e-01,0.000000000000000000e+00
9.662475247524753286e-01,2.169999999999999984e-01,0.000000000000000000e+00
9.687524752475247247e-01,2.169999999999999984e-01,0.000000000000000000e+00
9.712574257425743429e-01,2.169999999999999984e-01,0.000000000000000000e+00
9.737623762376237391e-01,2.169999999999999984e-01,0.000000000000000000e+00
9.762673267326733573e-01,2.169999999999999984e-01,0.000000000000000000e+00
9.787722772277227534e-01,2.169999999999999984e-01,0.000000000000000000e+00
9.812772277227723716e-01,2.169999999999999984e-01,0.000000000000000000e+00
9.837821782178217678e-01,2.169999999999999984e-01,0.000000000000000000e+00
9.862871287128713860e-01,2.169999999999999984e-01,0.000000000000000000e+00
9.887920792079207821e-01,2.169999999999999984e-01,0.000000000000000000e+00
9.912970297029704003e-01,2.169999999999999984e-01,0.000000000000000000e+00
9.938019801980197965e-01,2.169999999999999984e-01,0.000000000000000000e+00
9.963069306930694147e-01,2.169999999999999984e-01,0.000000000000000000e+00
9.988118811881188108e-01,2.169999999999999984e-01,0.000000000000000000e+00
1.001316831683168429e+00,2.169999999999999984e-01,0.000000000000000000e+00
1.003821782178217825e+00,2.169999999999999984e-01,0.000000000000000000e+00
1.006326732673267443e+00,2.169999999999999984e-01,0.000000000000000000e+00
1.008831683168316840e+00,2.169999999999999984e-01,0.000000000000000000e+00
1.011336633663366458e+00,2.169999999999999984e-01,0.000000000000000000e+00
1.013841584158415854e+00,2.169999999999999984e-01,0.000000000000000000e+00
1.016346534653465472e+00,2.169999999999999984e-01,0.000000000000000000e+00
1.018851485148514868e+00,2.169999999999999984e-01,0.000000000000000000e+00
1.021356435643564486e+00,2.169999999999999984e-01,0.000000000000000000e+00
1.023861386138613883e+00,2.169999999999999984e-01,0.000000000000000000e+00
1.026366336633663501e+00,2.169999999999999984e-01,0.000000000000000000e+00
1.028871287128712897e+00,2.169999999999999984e-01,0.000000000000000000e+00
1.031376237623762515e+00,2.169999999999999984e-01,0.000000000000000000e+00
1.033881188118811911e+00,2.169999999999999984e-01,0.000000000000000000e+00
1.036386138613861529e+00,2.169999999999999984e-01,0.000000000000000000e+00
1.038891089108910926e+00,2.169999999999999984e-01,0.000000000000000000e+00
1.041396039603960322e+00,2.169999999999999984e-01,0.000000000000000000e+00
1.043900990099009940e+00,2.169999999999999984e-01,0.000000000000000000e+00
1.046405940594059336e+00,2.169999999999999984e-01,0.000000000000000000e+00
1.048910891089108954e+00,2.169999999999999984e-01,0.000000000000000000e+00
1.051415841584158350e+00,2.169999999999999984e-01,0.000000000000000000e+00
1.053920792079207969e+00,2.169999999999999984e-01,0.000000000000000000e+00
1.056425742574257365e+00,2.169999999999999984e-01,0.000000000000000000e+00
1.058930693069306983e+00,2.169999999999999984e-01,0.000000000000000000e+00
1.061435643564356379e+00,2.169999999999999984e-01,0.000000000000000000e+00
1.063940594059405997e+00,2.169999999999999984e-01,0.000000000000000000e+00
1.066445544554455394e+00,2.169999999999999984e-01,0.000000000000000000e+00
1.068950495049505012e+00,2.169999999999999984e-01,0.000000000000000000e+00
1.071455445544554408e+00,2.169999999999999984e-01,0.000000000000000000e+00
1.073960396039604026e+00,2.169999999999999984e-01,0.000000000000000000e+00
1.076465346534653422e+00,2.169999999999999984e-01,0.000000000000000000e+00
1.078970297029703040e+00,2.169999999999999984e-01,0.000000000000000000e+00
1.081475247524752437e+00,2.169999999999999984e-01,0.000000000000000000e+00
1.083980198019802055e+00,2.169999999999999984e-01,0.000000000000000000e+00
1.086485148514851451e+00,2.169999999999999984e-01,0.000000000000000000e+00
1.088990099009901069e+00,2.169999999999999984e-01,0.000000000000000000e+00
1.091495049504950465e+00,2.169999999999999984e-01,0.000000000000000000e+00
1.094000000000000083e+00,2.169999999999999984e-01,0.000000000000000000e+00
1.096504950495049480e+00,2.169999999999999984e-01,0.000000000000000000e+00
1.099009900990099098e+00,2.169999999999999984e-01,0.000000000000000000e+00
1.101514851485148494e+00,2.169999999999999984e-01,0.000000000000000000e+00
1.104019801980198112e+00,2.169999999999999984e-01,0.000000000000000000e+00
1.106524752475247508e+00,2.169999999999999984e-01,0.000000000000000000e+00
1.109029702970297127e+00,2.169999999999999984e-01,0.000000000000000000e+00
1.111534653465346523e+00,2.169999999999999984e-01,0.000000000000000000e+00
1.114039603960396141e+00,2.169999999999999984e-01,0.000000000000000000e+00
1.116544554455445537e+00,2.169999999999999984e-01,0.000000000000000000e+00
1.119049504950495155e+00,2.169999999999999984e-01,0.000000000000000000e+00
1.121554455445544551e+00,2.169999999999999984e-01,0.000000000000000000e+00
1.124059405940594170e+00,2.169999999999999984e-01,0.000000000000000000e+00
1.126564356435643566e+00,2.169999999999999984e-01,0.000000000000000000e+00
1.129069306930693184e+00,2.169999999999999984e-01,0.000000000000000000e+00
1.131574257425742580e+00,2.169999999999999984e-01,0.000000000000000000e+00
1.134079207920792198e+00,2.169999999999999984e-01,0.000000000000000000e+00
1.136584158415841594e+00,2.169999999999999984e-01,0.000000000000000000e+00
1.139089108910891213e+00,2.169999999999999984e-01,0.000000000000000000e+00
1.141594059405940609e+00,2.169999999999999984e-01,0.000000000000000000e+00
1.144099009900990227e+00,2.169999999999999984e-01,0.000000000000000000e+00
1.146603960396039623e+00,2.169999999999999984e-01,0.000000000000000000e+00
1.149108910891089241e+00,2.169999999999999984e-01,0.000000000000000000e+00
1.151613861386138637e+00,2.169999999999999984e-01,0.000000000000000000e+00
1.154118811881188256e+00,2.169999999999999984e-01,0.000000000000000000e+00
1.156623762376237652e+00,2.169999999999999984e-01,0.000000000000000000e+00
1.159128712871287270e+00,2.169999999999999984e-01,0.000000000000000000e+00
1.161633663366336666e+00,2.169999999999999984e-01,0.000000000000000000e+00
1.164138613861386284e+00,2.169999999999999984e-01,0.000000000000000000e+00
1.166643564356435681e+00,2.169999999999999984e-01,0.000000000000000000e+00
1.169148514851485077e+00,2.169999999999999984e-01,0.000000000000000000e+00
1.171653465346534695e+00,2.169999999999999984e-01,0.000000000000000000e+00
1.174158415841584091e+00,2.169999999999999984e-01,0.000000000000000000e+00
1.176663366336633709e+00,2.169999999999999984e-01,0.000000000000000000e+00
1.179168316831683105e+00,2.169999999999999984e-01,0.000000000000000000e+00
1.181673267326732724e+00,2.169999999999999984e-01,0.000000000000000000e+00
1.184178217821782120e+00,2.169999999999999984e-01,0.000000000000000000e+00
1.186683168316831738e+00,2.169999999999999984e-01,0.000000000000000000e+00
1.189188118811881134e+00,2.169999999999999984e-01,0.000000000000000000e+00
1.191693069306930752e+00,2.169999999999999984e-01,0.000000000000000000e+00
1.194198019801980148e+00,2.169999999999999984e-01,0.000000000000000000e+00
1.196702970297029767e+00,2.169999999999999984e-01,0.000000000000000000e+00
1.199207920792079163e+00,2.169999999999999984e-01,0.000000000000000000e+00
1.201712871287128781e+00,2.169999999999999984e-01,0.000000000000000000e+00
1.204217821782178177e+00,2.169999999999999984e-01,0.000000000000000000e+00
1.206722772277227795e+00,2.169999999999999984e-01,0.000000000000000000e+00
1.209227722772277192e+00,2.169999999999999984e-01,0.000000000000000000e+00
1.211732673267326810e+00,2.169999999999999984e-01,0.000000000000000000e+00
1.214237623762376206e+00,2.169999999999999984e-01,0.000000000000000000e+00
1.216742574257425824e+00,2.169999999999999984e-01,0.000000000000000000e+00
1.219247524752475220e+00,2.169999999999999984e-01,0.000000000000000000e+00
1.221752475247524838e+00,2.169999999999999984e-01,0.000000000000000000e+00
1.224257425742574235e+00,2.169999999999999984e-01,0.000000000000000000e+00
1.226762376237623853e+00,2.169999999999999984e-01,0.000000000000000000e+00
1.229267326732673249e+00,2.169999999999999984e-01,0.000000000000000000e+00
1.231772277227722867e+00,2.169999999999999984e-01,0.000000000000000000e+00
1.234277227722772263e+00,2.169999999999999984e-01,0.000000000000000000e+00
1.236782178217821881e+00,2.169999999999999984e-01,0.000000000000000000e+00
1.239287128712871278e+00,2.169999999999999984e-01,0.000000000000000000e+00
1.241792079207920896e+00,2.169999999999999984e-01,0.000000000000000000e+00
1.244297029702970292e+00,2.169999999999999984e-01,0.000000000000000000e+00
1.246801980198019910e+00,2.169999999999999984e-01,0.000000000000000000e+00
1.249306930693069306e+00,2.169999999999999984e-01,0.000000000000000000e+00
1.251811881188118925e+00,2.169999999999999984e-01,0.000000000000000000e+00
1.254316831683168321e+00,2.169999999999999984e-01,0.000000000000000000e+00
1.256821782178217939e+00,2.169999999999999984e-01,0.000000000000000000e+00
1.259326732673267335e+00,2.169999999999999984e-01,0.000000000000000000e+00
1.261831683168316953e+00,2.169999999999999984e-01,0.000000000000000000e+00
1.264336633663366349e+00,2.169999999999999984e-01,0.000000000000000000e+00
1.266841584158415968e+00,2.169999999999999984e-01,0.000000000000000000e+00
1.269346534653465364e+00,2.169999999999999984e-01,0.000000000000000000e+00
1.271851485148514982e+00,2.169999999999999984e-01,0.000000000000000000e+00
1.274356435643564378e+00,2.169999999999999984e-01,0.000000000000000000e+00
1.276861386138613996e+00,2.169999999999999984e-01,0.000000000000000000e+00
1.279366336633663392e+00,2.169999999999999984e-01,0.000000000000000000e+00
1.281871287128713011e+00,2.169999999999999984e-01,0.000000000000000000e+00
1.284376237623762407e+00,2.169999999999999984e-01,0.000000000000000000e+00
1.286881188118812025e+00,2.169999999999999984e-01,0.000000000000000000e+00
1.289386138613861421e+00,2.169999999999999984e-01,0.000000000000000000e+00
1.291891089108911039e+00,2.169999999999999984e-01,0.000000000000000000e+00
1.294396039603960435e+00,2.169999999999999984e-01,0.000000000000000000e+00
1.296900990099009832e+00,2.169999999999999984e-01,0.000000000000000000e+00
1.299405940594059450e+00,2.169999999999999984e-01,0.000000000000000000e+00
1.301910891089108846e+00,2.169999999999999984e-01,0.000000000000000000e+00
1.304415841584158464e+00,2.169999999999999984e-01,0.000000000000000000e+00
1.306920792079207860e+00,2.169999999999999984e-01,0.000000000000000000e+00
1.309425742574257479e+00,2.169999999999999984e-01,0.000000000000000000e+00
1.311930693069306875e+00,2.169999999999999984e-01,0.000000000000000000e+00
1.314435643564356493e+00,2.169999999999999984e-01,0.000000000000000000e+00
1.316940594059405889e+00,2.169999999999999984e-01,0.000000000000000000e+00
1.319445544554455507e+00,2.169999999999999984e-01,0.000000000000000000e+00
1.321950495049504903e+00,2.169999999999999984e-01,0.000000000000000000e+00
1.324455445544554522e+00,2.169999999999999984e-01,0.000000000000000000e+00
1.326960396039603918e+00,2.169999999999999984e-01,0.000000000000000000e+00
1.329465346534653536e+00,2.169999999999999984e-01,0.000000000000000000e+00
1.331970297029702932e+00,2.169999999999999984e-01,0.000000000000000000e+00
1.334475247524752550e+00,2.169999999999999984e-01,0.000000000000000000e+00
1.336980198019801946e+00,2.169999999999999984e-01,0.000000000000000000e+00
1.339485148514851565e+00,2.169999999999999984e-01,0.000000000000000000e+00
1.341990099009900961e+00,2.169999999999999984e-01,0.000000000000000000e+00
1.344495049504950579e+00,2.169999999999999984e-01,0.000000000000000000e+00
1.346999999999999975e+00,2.169999999999999984e-01,0.000000000000000000e+00
1.349504950495049593e+00,2.169999999999999984e-01,0.000000000000000000e+00
1.352009900990098989e+00,2.169999999999999984e-01,0.000000000000000000e+00
1.354514851485148608e+00,2.169999999999999984e-01,0.000000000000000000e+00
1.357019801980198004e+00,2.169999999999999984e-01,0.000000000000000000e+00
1.359524752475247622e+00,2.169999999999999984e-01,0.000000000000000000e+00
1.362029702970297018e+00,2.169999999999999984e-01,0.000000000000000000e+00
1.364534653465346414e+00,2.169999999999999984e-01,0.000000000000000000e+00
1.367039603960396033e+00,2.169999999999999984e-01,0.000000000000000000e+00
1.369544554455445429e+00,2.169999999999999984e-01,0.000000000000000000e+00
1.372049504950495047e+00,2.169999999999999984e-01,0.000000000000000000e+00
1.374554455445544443e+00,2.169999999999999984e-01,0.000000000000000000e+00
1.377059405940594061e+00,2.169999999999999984e-01,0.000000000000000000e+00
1.379564356435643457e+00,2.169999999999999984e-01,0.000000000000000000e+00
1.382069306930693076e+00,2.169999999999999984e-01,0.000000000000000000e+00
1.384574257425742472e+00,2.169999999999999984e-01,0.000000000000000000e+00
1.387079207920792090e+00,2.169999999999999984e-01,0.000000000000000000e+00
1.389584158415841486e+00,2.169999999999999984e-01,0.000000000000000000e+00
1.392089108910891104e+00,2.169999999999999984e-01,0.000000000000000000e+00
1.394594059405940500e+00,2.169999999999999984e-01,0.000000000000000000e+00
1.397099009900990119e+00,2.169999999999999984e-01,0.000000000000000000e+00
1.399603960396039515e+00,2.169999999999999984e-01,0.000000000000000000e+00
1.402108910891089133e+00,2.169999999999999984e-01,0.000000000000000000e+00
1.404613861386138529e+00,2.169999999999999984e-01,0.000000000000000000e+00
1.407118811881188147e+00,2.169999999999999984e-01,0.000000000000000000e+00
1.409623762376237543e+00,2.169999999999999984e-01,0.000000000000000000e+00
1.412128712871287162e+00,2.169999999999999984e-01,0.000000000000000000e+00
1.414633663366336558e+00,2.169999999999999984e-01,0.000000000000000000e+00
1.417138613861386176e+00,2.169999999999999984e-01,0.000000000000000000e+00
1.419643564356435572e+00,2.169999999999999984e-01,0.000000000000000000e+00
1.422148514851485190e+00,2.169999999999999984e-01,0.000000000000000000e+00
1.424653465346534587e+00,2.169999999999999984e-01,0.000000000000000000e+00
1.427158415841584205e+00,2.169999999999999984e-01,0.000000000000000000e+00
1.429663366336633601e+00,2.169999999999999984e-01,0.000000000000000000e+00
1.432168316831683219e+00,2.169999999999999984e-01,0.000000000000000000e+00
1.434673267326732615e+00,2.169999999999999984e-01,0.000000000000000000e+00
1.437178217821782233e+00,2.169999999999999984e-01,0.000000000000000000e+00
1.439683168316831630e+00,2.169999999999999984e-01,0.000000000000000000e+00
1.442188118811881248e+00,2.169999999999999984e-01,0.000000000000000000e+00
1.444693069306930644e+00,2.169999999999999984e-01,0.000000000000000000e+00
1.447198019801980262e+00,2.169999999999999984e-01,0.000000000000000000e+00
1.449702970297029658e+00,2.169999999999999984e-01,0.000000000000000000e+00
1.452207920792079276e+00,2.169999999999999984e-01,0.000000000000000000e+00
1.454712871287128673e+00,2.169999999999999984e-01,0.000000000000000000e+00
1.457217821782178291e+00,2.169999999999999984e-01,0.000000000000000000e+00
1.459722772277227687e+00,2.169999999999999984e-01,0.000000000000000000e+00
1.462227722772277305e+00,2.169999999999999984e-01,0.000000000000000000e+00
1.464732673267326701e+00,2.169999999999999984e-01,0.000000000000000000e+00
1.467237623762376320e+00,2.169999999999999984e-01,0.000000000000000000e+00
1.469742574257425716e+00,2.169999999999999984e-01,0.000000000000000000e+00
1.472247524752475334e+00,2.169999999999999984e-01,0.000000000000000000e+00
1.474752475247524730e+00,2.169999999999999984e-01,0.000000000000000000e+00
1.477257425742574348e+00,2.169999999999999984e-01,0.000000000000000000e+00
1.479762376237623744e+00,2.169999999999999984e-01,0.000000000000000000e+00
1.482267326732673363e+00,2.169999999999999984e-01,0.000000000000000000e+00
1.484772277227722759e+00,2.169999999999999984e-01,0.000000000000000000e+00
1.487277227722772377e+00,2.169999999999999984e-01,0.000000000000000000e+00
1.489782178217821773e+00,2.169999999999999984e-01,0.000000000000000000e+00
1.492287128712871169e+00,2.169999999999999984e-01,0.000000000000000000e+00
1.494792079207920787e+00,2.169999999999999984e-01,0.000000000000000000e+00
1.497297029702970184e+00,2.169999999999999984e-01,0.000000000000000000e+00
1.499801980198019802e+00,2.169999999999999984e-01,0.000000000000000000e+00
1.502306930693069198e+00,2.169999999999999984e-01,0.000000000000000000e+00
1.504811881188118816e+00,2.169999999999999984e-01,0.000000000000000000e+00
1.507316831683168212e+00,2.169999999999999984e-01,0.000000000000000000e+00
1.509821782178217831e+00,2.169999999999999984e-01,0.000000000000000000e+00
1.512326732673267227e+00,2.169999999999999984e-01,0.000000000000000000e+00
1.514831683168316845e+00,2.169999999999999984e-01,0.000000000000000000e+00
1.517336633663366241e+00,2.169999999999999984e-01,0.000000000000000000e+00
1.519841584158415859e+00,2.169999999999999984e-01,0.000000000000000000e+00
1.522346534653465255e+00,2.169999999999999984e-01,0.000000000000000000e+00
1.524851485148514874e+00,2.169999999999999984e-01,0.000000000000000000e+00
1.527356435643564270e+00,2.169999999999999984e-01,0.000000000000000000e+00
1.529861386138613888e+00,2.169999999999999984e-01,0.000000000000000000e+00
1.532366336633663284e+00,2.169999999999999984e-01,0.000000000000000000e+00
1.534871287128712902e+00,2.169999999999999984e-01,0.000000000000000000e+00
1.537376237623762298e+00,2.169999999999999984e-01,0.000000000000000000e+00
1.539881188118811917e+00,2.169999999999999984e-01,0.000000000000000000e+00
1.542386138613861313e+00,2.169999999999999984e-01,0.000000000000000000e+00
1.544891089108910931e+00,2.169999999999999984e-01,0.000000000000000000e+00
1.547396039603960327e+00,2.169999999999999984e-01,0.000000000000000000e+00
1.549900990099009945e+00,2.169999999999999984e-01,0.000000000000000000e+00
1.552405940594059341e+00,2.169999999999999984e-01,0.000000000000000000e+00
1.554910891089108960e+00,2.169999999999999984e-01,0.000000000000000000e+00
1.557415841584158356e+00,2.169999999999999984e-01,0.000000000000000000e+00
1.559920792079207974e+00,2.169999999999999984e-01,0.000000000000000000e+00
1.562425742574257370e+00,2.169999999999999984e-01,0.000000000000000000e+00
1.564930693069306988e+00,2.169999999999999984e-01,0.000000000000000000e+00
1.567435643564356385e+00,2.169999999999999984e-01,0.000000000000000000e+00
1.569940594059406003e+00,2.169999999999999984e-01,0.000000000000000000e+00
1.572445544554455399e+00,2.169999999999999984e-01,0.000000000000000000e+00
1.574950495049505017e+00,2.169999999999999984e-01,0.000000000000000000e+00
1.577455445544554413e+00,2.169999999999999984e-01,0.000000000000000000e+00
1.579960396039604031e+00,2.169999999999999984e-01,0.000000000000000000e+00
1.582465346534653428e+00,2.169999999999999984e-01,0.000000000000000000e+00
1.584970297029703046e+00,2.169999999999999984e-01,0.000000000000000000e+00
1.587475247524752442e+00,2.169999999999999984e-01,0.000000000000000000e+00
1.589980198019802060e+00,2.169999999999999984e-01,0.000000000000000000e+00
1.592485148514851456e+00,2.169999999999999984e-01,0.000000000000000000e+00
1.594990099009901074e+00,2.169999999999999984e-01,0.000000000000000000e+00
1.597495049504950471e+00,2.169999999999999984e-01,0.000000000000000000e+00
