-1.600000000000000089e+00,-4.630000000000000226e-01,0.000000000000000000e+00
-1.597495049504950693e+00,-4.630000000000000226e-01,0.000000000000000000e+00
-1.594990099009901074e+00,-4.630000000000000226e-01,0.000000000000000000e+00
-1.592485148514851678e+00,-4.630000000000000226e-01,0.000000000000000000e+00
-1.589980198019802060e+00,-4.630000000000000226e-01,0.000000000000000000e+00
-1.587475247524752664e+00,-4.630000000000000226e-01,0.000000000000000000e+00
-1.584970297029703046e+00,-4.630000000000000226e-01,0.000000000000000000e+00
-1.582465346534653650e+00,-4.630000000000000226e-01,0.000000000000000000e+00
-1.579960396039604031e+00,-4.630000000000000226e-01,0.000000000000000000e+00
-1.577455445544554635e+00,-4.630000000000000226e-01,0.000000000000000000e+00
-1.574950495049505017e+00,-4.630000000000000226e-01,0.000000000000000000e+00
-1.572445544554455621e+00,-4.630000000000000226e-01,0.000000000000000000e+00
-1.569940594059406003e+00,-4.630000000000000226e-01,0.000000000000000000e+00
-1.567435643564356607e+00,-4.630000000000000226e-01,0.000000000000000000e+00
-1.564930693069306988e+00,-4.630000000000000226e-01,0.000000000000000000e+00
-1.562425742574257592e+00,-4.630000000000000226e-01,0.000000000000000000e+00
-1.559920792079207974e+00,-4.630000000000000226e-01,0.000000000000000000e+00
-1.557415841584158578e+00,-4.630000000000000226e-01,0.000000000000000000e+00
-1.554910891089108960e+00,-4.630000000000000226e-01,0.000000000000000000e+00
-1.552405940594059564e+00,-4.630000000000000226e-01,0.000000000000000000e+00
-1.549900990099009945e+00,-4.630000000000000226e-01,0.000000000000000000e+00
-1.547396039603960549e+00,-4.630000000000000226e-01,0.000000000000000000e+00
-1.544891089108910931e+00,-4.630000000000000226e-01,0.000000000000000000e+00
-1.542386138613861535e+00,-4.630000000000000226e-01,0.000000000000000000e+00
-1.539881188118811917e+00,-4.630000000000000226e-01,0.000000000000000000e+00
-1.537376237623762520e+00,-4.630000000000000226e-01,0.000000000000000000e+00
-1.534871287128712902e+00,-4.630000000000000226e-01,0.000000000000000000e+00
-1.532366336633663506e+00,-4.630000000000000226e-01,0.000000000000000000e+00
-1.529861386138613888e+00,-4.630000000000000226e-01,0.000000000000000000e+00
-1.527356435643564492e+00,-4.630000000000000226e-01,0.000000000000000000e+00
-1.524851485148514874e+00,-4.630000000000000226e-01,0.000000000000000000e+00
-1.522346534653465477e+00,-4.630000000000000226e-01,0.000000000000000000e+00
-1.519841584158415859e+00,-4.630000000000000226e-01,0.000000000000000000e+00
-1.517336633663366463e+00,-4.630000000000000226e-01,0.000000000000000000e+00
-1.514831683168316845e+00,-4.630000000000000226e-01,0.000000000000000000e+00
-1.512326732673267449e+00,-4.630000000000000226e-01,0.000000000000000000e+00
-1.509821782178217831e+00,-4.630000000000000226e-01,0.000000000000000000e+00
-1.507316831683168434e+00,-4.630000000000000226e-01,0.000000000000000000e+00
-1.504811881188118816e+00,-4.630000000000000226e-01,0.000000000000000000e+00
-1.502306930693069420e+00,-4.630000000000000226e-01,0.000000000000000000e+00
-1.499801980198019802e+00,-4.630000000000000226e-01,0.000000000000000000e+00
-1.497297029702970406e+00,-4.630000000000000226e-01,0.000000000000000000e+00
-1.494792079207920787e+00,-4.630000000000000226e-01,0.000000000000000000e+00
-1.492287128712871391e+00,-4.630000000000000226e-01,0.000000000000000000e+00
-1.489782178217821773e+00,-4.630000000000000226e-01,0.000000000000000000e+00
-1.487277227722772377e+00,-4.630000000000000226e-01,0.000000000000000000e+00
-1.484772277227722759e+00,-4.630000000000000226e-01,0.000000000000000000e+00
-1.482267326732673363e+00,-4.630000000000000226e-01,0.000000000000000000e+00
-1.479762376237623744e+00,-4.630000000000000226e-01,0.000000000000000000e+00
-1.477257425742574348e+00,-4.630000000000000226e-01,0.000000000000000000e+00
-1.474752475247524952e+00,-4.630000000000000226e-01,0.000000000000000000e+00
-1.472247524752475334e+00,-4.630000000000000226e-01,0.000000000000000000e+00
-1.469742574257425716e+00,-4.630000000000000226e-01,0.000000000000000000e+00
-1.467237623762376320e+00,-4.630000000000000226e-01,0.000000000000000000e+00
-1.464732673267326923e+00,-4.630000000000000226e-01,0.000000000000000000e+00
-1.462227722772277305e+00,-4.630000000000000226e-01,0.000000000000000000e+00
-1.459722772277227687e+00,-4.630000000000000226e-01,0.000000000000000000e+00
-1.457217821782178291e+00,-4.630000000000000226e-01,0.000000000000000000e+00
-1.454712871287128895e+00,-4.630000000000000226e-01,0.000000000000000000e+00
-1.452207920792079276e+00,-4.630000000000000226e-01,0.000000000000000000e+00
-1.449702970297029880e+00,-4.630000000000000226e-01,0.000000000000000000e+00
-1.447198019801980262e+00,-4.630000000000000226e-01,0.000000000000000000e+00
-1.444693069306930866e+00,-4.630000000000000226e-01,0.000000000000000000e+00
-1.442188118811881248e+00,-4.630000000000000226e-01,0.000000000000000000e+00
-1.439683168316831852e+00,-4.630000000000000226e-01,0.000000000000000000e+00
-1.437178217821782233e+00,-4.630000000000000226e-01,0.000000000000000000e+00
-1.434673267326732837e+00,-4.630000000000000226e-01,0.000000000000000000e+00
-1.432168316831683219e+00,-4.630000000000000226e-01,0.000000000000000000e+00
-1.429663366336633823e+00,-4.630000000000000226e-01,0.000000000000000000e+00
-1.427158415841584205e+00,-4.630000000000000226e-01,0.000000000000000000e+00
-1.424653465346534809e+00,-4.630000000000000226e-01,0.000000000000000000e+00
-1.422148514851485190e+00,-4.630000000000000226e-01,0.000000000000000000e+00
-1.419643564356435794e+00,-4.630000000000000226e-01,0.000000000000000000e+00
-1.417138613861386176e+00,-4.630000000000000226e-01,0.000000000000000000e+00
-1.414633663366336780e+00,-4.630000000000000226e-01,0.000000000000000000e+00
-1.412128712871287162e+00,-4.630000000000000226e-01,0.000000000000000000e+00
-1.409623762376237766e+00,-4.630000000000000226e-01,0.000000000000000000e+00
-1.407118811881188147e+00,-4.630000000000000226e-01,0.000000000000000000e+00
-1.404613861386138751e+00,-4.630000000000000226e-01,0.000000000000000000e+00
-1.402108910891089133e+00,-4.630000000000000226e-01,0.000000000000000000e+00
-1.399603960396039737e+00,-4.630000000000000226e-01,0.000000000000000000e+00
-1.397099009900990119e+00,-4.630000000000000226e-01,0.000000000000000000e+00
-1.394594059405940722e+00,-4.630000000000000226e-01,0.000000000000000000e+00
-1.392089108910891104e+00,-4.630000000000000226e-01,0.000000000000000000e+00
-1.389584158415841708e+00,-4.630000000000000226e-01,0.000000000000000000e+00
-1.387079207920792090e+00,-4.630000000000000226e-01,0.000000000000000000e+00
-1.384574257425742694e+00,-4.630000000000000226e-01,0.000000000000000000e+00
-1.382069306930693076e+00,-4.630000000000000226e-01,0.000000000000000000e+00
-1.379564356435643679e+00,-4.630000000000000226e-01,0.000000000000000000e+00
-1.377059405940594061e+00,-4.630000000000000226e-01,0.000000000000000000e+00
-1.374554455445544665e+00,-4.630000000000000226e-01,0.000000000000000000e+00
-1.372049504950495047e+00,-4.630000000000000226e-01,0.000000000000000000e+00
-1.369544554455445651e+00,-4.630000000000000226e-01,0.000000000000000000e+00
-1.367039603960396033e+00,-4.630000000000000226e-01,0.000000000000000000e+00
-1.364534653465346636e+00,-4.630000000000000226e-01,0.000000000000000000e+00
-1.362029702970297018e+00,-4.630000000000000226e-01,0.000000000000000000e+00
-1.359524752475247622e+00,-4.630000000000000226e-01,0.000000000000000000e+00
-1.357019801980198004e+00,-4.630000000000000226e-01,0.000000000000000000e+00
-1.354514851485148608e+00,-4.630000000000000226e-01,0.000000000000000000e+00
-1.352009900990099212e+00,-4.630000000000000226e-01,0.000000000000000000e+00
-1.349504950495049593e+00,-4.630000000000000226e-01,0.000000000000000000e+00
-1.346999999999999975e+00,-4.630000000000000226e-01,0.000000000000000000e+00
-1.344495049504950579e+00,-4.630000000000000226e-01,0.000000000000000000e+00
-1.341990099009901183e+00,-4.630000000000000226e-01,0.000000000000000000e+00
-1.339485148514851565e+00,-4.630000000000000226e-01,0.000000000000000000e+00
-1.336980198019801946e+00,-4.630000000000000226e-01,0.000000000000000000e+00
-1.334475247524752550e+00,-4.630000000000000226e-01,0.000000000000000000e+00
-1.331970297029703154e+00,-4.630000000000000226e-01,0.000000000000000000e+00
-1.329465346534653536e+00,-4.630000000000000226e-01,0.000000000000000000e+00
-1.326960396039603918e+00,-4.630000000000000226e-01,0.000000000000000000e+00
-1.324455445544554522e+00,-4.630000000000000226e-01,0.000000000000000000e+00
-1.321950495049505125e+00,-4.630000000000000226e-01,0.000000000000000000e+00
-1.319445544554455507e+00,-4.630000000000000226e-01,0.000000000000000000e+00
-1.316940594059405889e+00,-4.630000000000000226e-01,0.000000000000000000e+00
-1.314435643564356493e+00,-4.630000000000000226e-01,0.000000000000000000e+00
-1.311930693069307097e+00,-4.630000000000000226e-01,0.000000000000000000e+00
-1.309425742574257479e+00,-4.630000000000000226e-01,0.000000000000000000e+00
-1.306920792079208082e+00,-4.630000000000000226e-01,0.000000000000000000e+00
-1.304415841584158464e+00,-4.630000000000000226e-01,0.000000000000000000e+00
-1.301910891089109068e+00,-4.630000000000000226e-01,0.000000000000000000e+00
-1.299405940594059450e+00,-4.630000000000000226e-01,0.000000000000000000e+00
-1.296900990099010054e+00,-4.630000000000000226e-01,0.000000000000000000e+00
-1.294396039603960435e+00,-4.630000000000000226e-01,0.000000000000000000e+00
-1.291891089108911039e+00,-4.630000000000000226e-01,0.000000000000000000e+00
-1.289386138613861421e+00,-4.630000000000000226e-01,0.000000000000000000e+00
-1.286881188118812025e+00,-4.630000000000000226e-01,0.000000000000000000e+00
-1.284376237623762407e+00,-4.630000000000000226e-01,0.000000000000000000e+00
-1.281871287128713011e+00,-4.630000000000000226e-01,0.000000000000000000e+00
-1.279366336633663392e+00,-4.630000000000000226e-01,0.000000000000000000e+00
-1.276861386138613996e+00,-4.630000000000000226e-01,0.000000000000000000e+00
-1.274356435643564378e+00,-4.630000000000000226e-01,0.000000000000000000e+00
-1.271851485148514982e+00,-4.630000000000000226e-01,0.000000000000000000e+00
-1.269346534653465364e+00,-4.630000000000000226e-01,0.000000000000000000e+00
-1.266841584158415968e+00,-4.630000000000000226e-01,0.000000000000000000e+00
-1.264336633663366349e+00,-4.630000000000000226e-01,0.000000000000000000e+00
-1.261831683168316953e+00,-4.630000000000000226e-01,0.000000000000000000e+00
-1.259326732673267335e+00,-4.630000000000000226e-01,0.000000000000000000e+00
-1.256821782178217939e+00,-4.630000000000000226e-01,0.000000000000000000e+00
-1.254316831683168321e+00,-4.630000000000000226e-01,0.000000000000000000e+00
-1.251811881188118925e+00,-4.630000000000000226e-01,0.000000000000000000e+00
-1.249306930693069306e+00,-4.630000000000000226e-01,0.000000000000000000e+00
-1.246801980198019910e+00,-4.630000000000000226e-01,0.000000000000000000e+00
-1.244297029702970292e+00,-4.630000000000000226e-01,0.000000000000000000e+00
-1.241792079207920896e+00,-4.630000000000000226e-01,0.000000000000000000e+00
-1.239287128712871500e+00,-4.630000000000000226e-01,0.000000000000000000e+00
-1.236782178217821881e+00,-4.630000000000000226e-01,0.000000000000000000e+00
-1.234277227722772263e+00,-4.630000000000000226e-01,0.000000000000000000e+00
-1.231772277227722867e+00,-4.630000000000000226e-01,0.000000000000000000e+00
-1.229267326732673471e+00,-4.630000000000000226e-01,0.000000000000000000e+00
-1.226762376237623853e+00,-4.630000000000000226e-01,0.000000000000000000e+00
-1.224257425742574235e+00,-4.630000000000000226e-01,0.000000000000000000e+00
-1.221752475247524838e+00,-4.630000000000000226e-01,0.000000000000000000e+00
-1.219247524752475442e+00,-4.630000000000000226e-01,0.000000000000000000e+00
-1.216742574257425824e+00,-4.630000000000000226e-01,0.000000000000000000e+00
-1.214237623762376206e+00,-4.630000000000000226e-01,0.000000000000000000e+00
-1.211732673267326810e+00,-4.630000000000000226e-01,0.000000000000000000e+00
-1.209227722772277414e+00,-4.630000000000000226e-01,0.000000000000000000e+00
-1.206722772277227795e+00,-4.630000000000000226e-01,0.000000000000000000e+00
-1.204217821782178177e+00,-4.630000000000000226e-01,0.000000000000000000e+00
-1.201712871287128781e+00,-4.630000000000000226e-01,0.000000000000000000e+00
-1.199207920792079385e+00,-4.630000000000000226e-01,0.000000000000000000e+00
-1.196702970297029767e+00,-4.630000000000000226e-01,0.000000000000000000e+00
-1.194198019801980148e+00,-4.630000000000000226e-01,0.000000000000000000e+00
-1.191693069306930752e+00,-4.630000000000000226e-01,0.000000000000000000e+00
-1.189188118811881356e+00,-4.630000000000000226e-01,0.000000000000000000e+00
-1.186683168316831738e+00,-4.630000000000000226e-01,0.000000000000000000e+00
-1.184178217821782120e+00,-4.630000000000000226e-01,0.000000000000000000e+00
-1.181673267326732724e+00,-4.630000000000000226e-01,0.000000000000000000e+00
-1.179168316831683327e+00,-4.630000000000000226e-01,0.000000000000000000e+00
-1.176663366336633709e+00,-4.630000000000000226e-01,0.000000000000000000e+00
-1.174158415841584313e+00,-4.630000000000000226e-01,0.000000000000000000e+00
-1.171653465346534695e+00,-4.630000000000000226e-01,0.000000000000000000e+00
-1.169148514851485299e+00,-4.630000000000000226e-01,0.000000000000000000e+00
-1.166643564356435681e+00,-4.630000000000000226e-01,0.000000000000000000e+00
-1.164138613861386284e+00,-4.630000000000000226e-01,0.000000000000000000e+00
-1.161633663366336666e+00,-4.630000000000000226e-01,0.000000000000000000e+00
-1.159128712871287270e+00,-4.630000000000000226e-01,0.000000000000000000e+00
-1.156623762376237652e+00,-4.630000000000000226e-01,0.000000000000000000e+00
-1.154118811881188256e+00,-4.630000000000000226e-01,0.000000000000000000e+00
-1.151613861386138637e+00,-4.630000000000000226e-01,0.000000000000000000e+00
-1.149108910891089241e+00,-4.630000000000000226e-01,0.000000000000000000e+00
-1.146603960396039623e+00,-4.630000000000000226e-01,0.000000000000000000e+00
-1.144099009900990227e+00,-4.630000000000000226e-01,0.000000000000000000e+00
-1.141594059405940609e+00,-4.630000000000000226e-01,0.000000000000000000e+00
-1.139089108910891213e+00,-4.630000000000000226e-01,0.000000000000000000e+00
-1.136584158415841594e+00,-4.630000000000000226e-01,0.000000000000000000e+00
-1.134079207920792198e+00,-4.630000000000000226e-01,0.000000000000000000e+00
-1.131574257425742580e+00,-4.630000000000000226e-01,0.000000000000000000e+00
-1.129069306930693184e+00,-4.630000000000000226e-01,0.000000000000000000e+00
-1.126564356435643566e+00,-4.630000000000000226e-01,0.000000000000000000e+00
-1.124059405940594170e+00,-4.630000000000000226e-01,0.000000000000000000e+00
-1.121554455445544551e+00,-4.630000000000000226e-01,0.000000000000000000e+00
-1.119049504950495155e+00,-4.630000000000000226e-01,0.000000000000000000e+00
-1.116544554455445759e+00,-4.630000000000000226e-01,0.000000000000000000e+00
-1.114039603960396141e+00,-4.630000000000000226e-01,0.000000000000000000e+00
-1.111534653465346523e+00,-4.630000000000000226e-01,0.000000000000000000e+00
-1.109029702970297127e+00,-4.630000000000000226e-01,0.000000000000000000e+00
-1.106524752475247730e+00,-4.630000000000000226e-01,0.000000000000000000e+00
-1.104019801980198112e+00,-4.630000000000000226e-01,0.000000000000000000e+00
-1.101514851485148494e+00,-4.630000000000000226e-01,0.000000000000000000e+00
-1.099009900990099098e+00,-4.630000000000000226e-01,0.000000000000000000e+00
-1.096504950495049702e+00,-4.630000000000000226e-01,0.000000000000000000e+00
-1.094000000000000083e+00,-4.630000000000000226e-01,0.000000000000000000e+00
-1.091495049504950465e+00,-4.630000000000000226e-01,0.000000000000000000e+00
-1.088990099009901069e+00,-4.630000000000000226e-01,0.000000000000000000e+00
-1.086485148514851673e+00,-4.630000000000000226e-01,0.000000000000000000e+00
-1.083980198019802055e+00,-4.630000000000000226e-01,0.000000000000000000e+00
-1.081475247524752437e+00,-4.630000000000000226e-01,0.000000000000000000e+00
-1.078970297029703040e+00,-4.630000000000000226e-01,0.000000000000000000e+00
-1.076465346534653644e+00,-4.630000000000000226e-01,0.000000000000000000e+00
-1.073960396039604026e+00,-4.630000000000000226e-01,0.000000000000000000e+00
-1.071455445544554408e+00,-4.630000000000000226e-01,0.000000000000000000e+00
-1.068950495049505012e+00,-4.630000000000000226e-01,0.000000000000000000e+00
-1.066445544554455616e+00,-4.630000000000000226e-01,0.000000000000000000e+00
-1.063940594059405997e+00,-4.630000000000000226e-01,0.000000000000000000e+00
-1.061435643564356379e+00,-4.630000000000000226e-01,0.000000000000000000e+00
-1.058930693069306983e+00,-4.630000000000000226e-01,0.000000000000000000e+00
-1.056425742574257587e+00,-4.630000000000000226e-01,0.000000000000000000e+00
-1.053920792079207969e+00,-4.630000000000000226e-01,0.000000000000000000e+00
-1.051415841584158350e+00,-4.630000000000000226e-01,0.000000000000000000e+00
-1.048910891089108954e+00,-4.630000000000000226e-01,0.000000000000000000e+00
-1.046405940594059558e+00,-4.630000000000000226e-01,0.000000000000000000e+00
-1.043900990099009940e+00,-4.630000000000000226e-01,0.000000000000000000e+00
-1.041396039603960322e+00,-4.630000000000000226e-01,0.000000000000000000e+00
-1.038891089108910926e+00,-4.630000000000000226e-01,0.000000000000000000e+00
-1.036386138613861529e+00,-4.630000000000000226e-01,0.000000000000000000e+00
-1.033881188118811911e+00,-4.630000000000000226e-01,0.000000000000000000e+00
-1.031376237623762293e+00,-4.630000000000000226e-01,0.000000000000000000e+00
-1.028871287128712897e+00,-4.630000000000000226e-01,0.000000000000000000e+00
-1.026366336633663501e+00,-4.630000000000000226e-01,0.000000000000000000e+00
-1.023861386138613883e+00,-4.630000000000000226e-01,0.000000000000000000e+00
-1.021356435643564486e+00,-4.630000000000000226e-01,0.000000000000000000e+00
-1.018851485148514868e+00,-4.630000000000000226e-01,0.000000000000000000e+00
-1.016346534653465472e+00,-4.630000000000000226e-01,0.000000000000000000e+00
-1.013841584158416076e+00,-4.630000000000000226e-01,0.000000000000000000e+00
-1.011336633663366458e+00,-4.630000000000000226e-01,0.000000000000000000e+00
-1.008831683168316840e+00,-4.630000000000000226e-01,0.000000000000000000e+00
-1.006326732673267443e+00,-4.630000000000000226e-01,0.000000000000000000e+00
-1.003821782178218047e+00,-4.630000000000000226e-01,0.000000000000000000e+00
-1.001316831683168429e+00,-4.630000000000000226e-01,0.000000000000000000e+00
-9.988118811881189218e-01,-4.630000000000000226e-01,0.000000000000000000e+00
-9.963069306930694147e-01,-4.630000000000000226e-01,0.000000000000000000e+00
-9.938019801980199075e-01,-4.630000000000000226e-01,0.000000000000000000e+00
-9.912970297029704003e-01,-4.630000000000000226e-01,0.000000000000000000e+00
-9.887920792079208931e-01,-4.630000000000000226e-01,0.000000000000000000e+00
-9.862871287128713860e-01,-4.630000000000000226e-01,0.000000000000000000e+00
-9.837821782178218788e-01,-4.630000000000000226e-01,0.000000000000000000e+00
-9.812772277227723716e-01,-4.630000000000000226e-01,0.000000000000000000e+00
-9.787722772277228644e-01,-4.630000000000000226e-01,0.000000000000000000e+00
-9.762673267326733573e-01,-4.630000000000000226e-01,0.000000000000000000e+00
-9.737623762376238501e-01,-4.630000000000000226e-01,0.000000000000000000e+00
-9.712574257425743429e-01,-4.630000000000000226e-01,0.000000000000000000e+00
-9.687524752475248357e-01,-4.630000000000000226e-01,0.000000000000000000e+00
-9.662475247524753286e-01,-4.630000000000000226e-01,0.000000000000000000e+00
-9.637425742574258214e-01,-4.630000000000000226e-01,0.000000000000000000e+00
-9.612376237623763142e-01,-4.630000000000000226e-01,0.000000000000000000e+00
-9.587326732673268070e-01,-4.630000000000000226e-01,0.000000000000000000e+00
-9.562277227722772999e-01,-4.630000000000000226e-01,0.000000000000000000e+00
-9.537227722772277927e-01,-4.630000000000000226e-01,0.000000000000000000e+00
-9.512178217821782855e-01,-4.630000000000000226e-01,0.000000000000000000e+00
-9.487128712871287783e-01,-4.630000000000000226e-01,0.000000000000000000e+00
-9.462079207920792712e-01,-4.630000000000000226e-01,0.000000000000000000e+00
-9.437029702970297640e-01,-4.630000000000000226e-01,0.000000000000000000e+00
-9.411980198019802568e-01,-4.630000000000000226e-01,0.000000000000000000e+00
-9.386930693069307496e-01,-4.630000000000000226e-01,0.000000000000000000e+00
-9.361881188118812425e-01,-4.630000000000000226e-01,0.000000000000000000e+00
-9.336831683168317353e-01,-4.630000000000000226e-01,0.000000000000000000e+00
-9.311782178217822281e-01,-4.630000000000000226e-01,0.000000000000000000e+00
-9.286732673267327209e-01,-4.630000000000000226e-01,0.000000000000000000e+00
-9.261683168316832138e-01,-4.630000000000000226e-01,0.000000000000000000e+00
-9.236633663366337066e-01,-4.630000000000000226e-01,0.000000000000000000e+00
-9.211584158415841994e-01,-4.630000000000000226e-01,0.000000000000000000e+00
-9.186534653465346922e-01,-4.630000000000000226e-01,0.000000000000000000e+00
-9.161485148514851851e-01,-4.630000000000000226e-01,0.000000000000000000e+00
-9.136435643564356779e-01,-4.630000000000000226e-01,0.000000000000000000e+00
-9.111386138613861707e-01,-4.630000000000000226e-01,0.000000000000000000e+00
-9.086336633663366635e-01,-4.630000000000000226e-01,0.000000000000000000e+00
-9.061287128712871564e-01,-4.630000000000000226e-01,0.000000000000000000e+00
-9.036237623762376492e-01,-4.630000000000000226e-01,0.000000000000000000e+00
-9.011188118811881420e-01,-4.630000000000000226e-01,0.000000000000000000e+00
-8.986138613861386348e-01,-4.630000000000000226e-01,0.000000000000000000e+00
-8.961089108910891277e-01,-4.630000000000000226e-01,0.000000000000000000e+00
-8.936039603960397315e-01,-4.630000000000000226e-01,0.000000000000000000e+00
-8.910990099009902243e-01,-4.630000000000000226e-01,0.000000000000000000e+00
-8.885940594059407172e-01,-4.630000000000000226e-01,0.000000000000000000e+00
-8.860891089108912100e-01,-4.630000000000000226e-01,0.000000000000000000e+00
-8.835841584158417028e-01,-4.630000000000000226e-01,0.000000000000000000e+00
-8.810792079207921956e-01,-4.630000000000000226e-01,0.000000000000000000e+00
-8.785742574257426885e-01,-4.630000000000000226e-01,0.000000000000000000e+00
-8.760693069306931813e-01,-4.630000000000000226e-01,0.000000000000000000e+00
-8.735643564356436741e-01,-4.630000000000000226e-01,0.000000000000000000e+00
-8.710594059405941669e-01,-4.630000000000000226e-01,0.000000000000000000e+00
-8.685544554455446598e-01,-4.630000000000000226e-01,0.000000000000000000e+00
-8.660495049504951526e-01,-4.630000000000000226e-01,0.000000000000000000e+00
-8.635445544554456454e-01,-4.630000000000000226e-01,0.000000000000000000e+00
-8.610396039603961382e-01,-4.630000000000000226e-01,0.000000000000000000e+00
-8.585346534653466311e-01,-4.630000000000000226e-01,0.000000000000000000e+00
-8.560297029702971239e-01,-4.630000000000000226e-01,0.000000000000000000e+00
-8.535247524752476167e-01,-4.630000000000000226e-01,0.000000000000000000e+00
-8.510198019801981095e-01,-4.630000000000000226e-01,0.000000000000000000e+00
-8.485148514851486024e-01,-4.630000000000000226e-01,0.000000000000000000e+00
-8.460099009900990952e-01,-4.630000000000000226e-01,0.000000000000000000e+00
-8.435049504950495880e-01,-4.630000000000000226e-01,0.000000000000000000e+00
-8.410000000000000808e-01,-4.630000000000000226e-01,0.000000000000000000e+00
-8.384950495049505736e-01,-4.630000000000000226e-01,0.000000000000000000e+00
-8.359900990099010665e-01,-4.630000000000000226e-01,0.000000000000000000e+00
-8.334851485148515593e-01,-4.630000000000000226e-01,0.000000000000000000e+00
-8.309801980198020521e-01,-4.630000000000000226e-01,0.000000000000000000e+00
-8.284752475247525449e-01,-4.630000000000000226e-01,0.000000000000000000e+00
-8.259702970297030378e-01,-4.630000000000000226e-01,0.000000000000000000e+00
-8.234653465346535306e-01,-4.630000000000000226e-01,0.000000000000000000e+00
-8.209603960396040234e-01,-4.630000000000000226e-01,0.000000000000000000e+00
-8.184554455445545162e-01,-4.630000000000000226e-01,0.000000000000000000e+00
-8.159504950495050091e-01,-4.630000000000000226e-01,0.000000000000000000e+00
-8.134455445544555019e-01,-4.630000000000000226e-01,0.000000000000000000e+00
-8.109405940594059947e-01,-4.630000000000000226e-01,0.000000000000000000e+00
-8.084356435643564875e-01,-4.630000000000000226e-01,0.000000000000000000e+00
-8.059306930693069804e-01,-4.630000000000000226e-01,0.000000000000000000e+00
-8.034257425742574732e-01,-4.630000000000000226e-01,0.000000000000000000e+00
-8.009207920792079660e-01,-4.630000000000000226e-01,0.000000000000000000e+00
-7.984158415841584588e-01,-4.630000000000000226e-01,0.000000000000000000e+00
-7.959108910891089517e-01,-4.630000000000000226e-01,0.000000000000000000e+00
-7.934059405940594445e-01,-4.630000000000000226e-01,0.000000000000000000e+00
-7.909009900990099373e-01,-4.630000000000000226e-01,0.000000000000000000e+00
-7.883960396039604301e-01,-4.630000000000000226e-01,0.000000000000000000e+00
-7.858910891089109230e-01,-4.630000000000000226e-01,0.000000000000000000e+00
-7.833861386138614158e-01,-4.630000000000000226e-01,0.000000000000000000e+00
-7.808811881188119086e-01,-4.630000000000000226e-01,0.000000000000000000e+00
-7.783762376237624014e-01,-4.630000000000000226e-01,0.000000000000000000e+00
-7.758712871287128943e-01,-4.630000000000000226e-01,0.000000000000000000e+00
-7.733663366336633871e-01,-4.630000000000000226e-01,0.000000000000000000e+00
-7.708613861386138799e-01,-4.630000000000000226e-01,0.000000000000000000e+00
-7.683564356435643727e-01,-4.630000000000000226e-01,0.000000000000000000e+00
-7.658514851485149766e-01,-4.630000000000000226e-01,0.000000000000000000e+00
-7.633465346534654694e-01,-4.630000000000000226e-01,0.000000000000000000e+00
-7.608415841584159622e-01,-4.630000000000000226e-01,0.000000000000000000e+00
-7.583366336633664551e-01,-4.630000000000000226e-01,0.000000000000000000e+00
-7.558316831683169479e-01,-4.630000000000000226e-01,0.000000000000000000e+00
-7.533267326732674407e-01,-4.630000000000000226e-01,0.000000000000000000e+00
-7.508217821782179335e-01,-4.630000000000000226e-01,0.000000000000000000e+00
-7.483168316831684264e-01,-4.630000000000000226e-01,0.000000000000000000e+00
-7.458118811881189192e-01,-4.630000000000000226e-01,0.000000000000000000e+00
-7.433069306930694120e-01,-4.630000000000000226e-01,0.000000000000000000e+00
-7.408019801980199048e-01,-4.630000000000000226e-01,0.000000000000000000e+00
-7.382970297029703977e-01,-4.630000000000000226e-01,0.000000000000000000e+00
-7.357920792079208905e-01,-4.630000000000000226e-01,0.000000000000000000e+00
-7.332871287128713833e-01,-4.630000000000000226e-01,0.000000000000000000e+00
-7.307821782178218761e-01,-4.630000000000000226e-01,0.000000000000000000e+00
-7.282772277227723690e-01,-4.630000000000000226e-01,0.000000000000000000e+00
-7.257722772277228618e-01,-4.630000000000000226e-01,0.000000000000000000e+00
-7.232673267326733546e-01,-4.630000000000000226e-01,0.000000000000000000e+00
-7.207623762376238474e-01,-4.630000000000000226e-01,0.000000000000000000e+00
-7.182574257425743403e-01,-4.630000000000000226e-01,0.000000000000000000e+00
-7.157524752475248331e-01,-4.630000000000000226e-01,0.000000000000000000e+00
-7.132475247524753259e-01,-4.630000000000000226e-01,0.000000000000000000e+00
-7.107425742574258187e-01,-4.630000000000000226e-01,0.000000000000000000e+00
-7.082376237623763116e-01,-4.630000000000000226e-01,0.000000000000000000e+00
-7.057326732673268044e-01,-4.630000000000000226e-01,0.000000000000000000e+00
-7.032277227722772972e-01,-4.630000000000000226e-01,0.000000000000000000e+00
-7.007227722772277900e-01,-4.630000000000000226e-01,0.000000000000000000e+00
-6.982178217821782829e-01,-4.630000000000000226e-01,0.000000000000000000e+00
-6.957128712871287757e-01,-4.630000000000000226e-01,0.000000000000000000e+00
-6.932079207920792685e-01,-4.630000000000000226e-01,0.000000000000000000e+00
-6.907029702970297613e-01,-4.630000000000000226e-01,0.000000000000000000e+00
-6.881980198019802542e-01,-4.630000000000000226e-01,0.000000000000000000e+00
-6.856930693069307470e-01,-4.630000000000000226e-01,0.000000000000000000e+00
-6.831881188118812398e-01,-4.630000000000000226e-01,0.000000000000000000e+00
-6.806831683168317326e-01,-4.630000000000000226e-01,0.000000000000000000e+00
-6.781782178217822254e-01,-4.630000000000000226e-01,0.000000000000000000e+00
-6.756732673267327183e-01,-4.630000000000000226e-01,0.000000000000000000e+00
-6.731683168316832111e-01,-4.630000000000000226e-01,0.000000000000000000e+00
-6.706633663366337039e-01,-4.630000000000000226e-01,0.000000000000000000e+00
-6.681584158415841967e-01,-4.630000000000000226e-01,0.000000000000000000e+00
-6.656534653465346896e-01,-4.630000000000000226e-01,0.000000000000000000e+00
-6.631485148514851824e-01,-4.630000000000000226e-01,0.000000000000000000e+00
-6.606435643564356752e-01,-4.630000000000000226e-01,0.000000000000000000e+00
-6.581386138613861680e-01,-4.630000000000000226e-01,0.000000000000000000e+00
-6.556336633663366609e-01,-4.630000000000000226e-01,0.000000000000000000e+00
-6.531287128712871537e-01,-4.630000000000000226e-01,0.000000000000000000e+00
-6.506237623762376465e-01,-4.630000000000000226e-01,0.000000000000000000e+00
-6.481188118811881393e-01,-4.630000000000000226e-01,0.000000000000000000e+00
-6.456138613861386322e-01,-4.630000000000000226e-01,0.000000000000000000e+00
-6.431089108910891250e-01,-4.630000000000000226e-01,0.000000000000000000e+00
-6.406039603960396178e-01,-4.630000000000000226e-01,0.000000000000000000e+00
-6.380990099009902217e-01,-4.630000000000000226e-01,0.000000000000000000e+00
-6.355940594059407145e-01,-4.630000000000000226e-01,0.000000000000000000e+00
-6.330891089108912073e-01,-4.630000000000000226e-01,0.000000000000000000e+00
-6.305841584158417001e-01,-4.630000000000000226e-01,0.000000000000000000e+00
-6.280792079207921930e-01,-4.630000000000000226e-01,0.000000000000000000e+00
-6.255742574257426858e-01,-4.630000000000000226e-01,0.000000000000000000e+00
-6.230693069306931786e-01,-4.630000000000000226e-01,0.000000000000000000e+00
-6.205643564356436714e-01,-4.630000000000000226e-01,0.000000000000000000e+00
-6.180594059405941643e-01,-4.630000000000000226e-01,0.000000000000000000e+00
-6.155544554455446571e-01,-4.630000000000000226e-01,0.000000000000000000e+00
-6.130495049504951499e-01,-4.630000000000000226e-01,0.000000000000000000e+00
-6.105445544554456427e-01,-4.630000000000000226e-01,0.000000000000000000e+00
-6.080396039603961356e-01,-4.630000000000000226e-01,0.000000000000000000e+00
-6.055346534653466284e-01,-4.630000000000000226e-01,0.000000000000000000e+00
-6.030297029702971212e-01,-4.630000000000000226e-01,0.000000000000000000e+00
-6.005247524752476140e-01,-4.630000000000000226e-01,0.000000000000000000e+00
-5.980198019801981069e-01,-4.630000000000000226e-01,0.000000000000000000e+00
-5.955148514851484887e-01,-4.630000000000000226e-01,0.000000000000000000e+00
-5.930099009900990925e-01,-4.630000000000000226e-01,0.000000000000000000e+00
-5.905049504950494743e-01,-4.630000000000000226e-01,0.000000000000000000e+00
-5.880000000000000782e-01,-4.630000000000000226e-01,0.000000000000000000e+00
-5.854950495049504600e-01,-4.630000000000000226e-01,0.000000000000000000e+00
-5.829900990099010638e-01,-4.630000000000000226e-01,0.000000000000000000e+00
-5.804851485148514456e-01,-4.630000000000000226e-01,0.000000000000000000e+00
-5.779801980198020495e-01,-4.630000000000000226e-01,0.000000000000000000e+00
-5.754752475247524313e-01,-4.630000000000000226e-01,0.000000000000000000e+00
-5.729702970297030351e-01,-4.630000000000000226e-01,0.000000000000000000e+00
-5.704653465346536390e-01,-4.630000000000000226e-01,0.000000000000000000e+00
-5.679603960396040208e-01,-4.630000000000000226e-01,0.000000000000000000e+00
-5.654554455445546246e-01,-4.630000000000000226e-01,0.000000000000000000e+00
-5.629504950495050064e-01,-4.630000000000000226e-01,0.000000000000000000e+00
-5.604455445544556103e-01,-4.630000000000000226e-01,0.000000000000000000e+00
-5.579405940594059921e-01,-4.630000000000000226e-01,0.000000000000000000e+00
-5.554356435643565959e-01,-4.630000000000000226e-01,0.000000000000000000e+00
-5.529306930693069777e-01,-4.630000000000000226e-01,0.000000000000000000e+00
-5.504257425742575816e-01,-4.630000000000000226e-01,0.000000000000000000e+00
-5.479207920792079634e-01,-4.630000000000000226e-01,0.000000000000000000e+00
-5.454158415841585672e-01,-4.630000000000000226e-01,0.000000000000000000e+00
-5.429108910891089490e-01,-4.630000000000000226e-01,0.000000000000000000e+00
-5.404059405940595529e-01,-4.630000000000000226e-01,0.000000000000000000e+00
-5.379009900990099347e-01,-4.630000000000000226e-01,0.000000000000000000e+00
-5.353960396039605385e-01,-4.630000000000000226e-01,0.000000000000000000e+00
-5.328910891089109203e-01,-4.630000000000000226e-01,0.000000000000000000e+00
-5.303861386138615241e-01,-4.630000000000000226e-01,0.000000000000000000e+00
-5.278811881188119060e-01,-4.630000000000000226e-01,0.000000000000000000e+00
-5.253762376237625098e-01,-4.630000000000000226e-01,0.000000000000000000e+00
-5.228712871287128916e-01,-4.630000000000000226e-01,0.000000000000000000e+00
-5.203663366336634954e-01,-4.630000000000000226e-01,0.000000000000000000e+00
-5.178613861386138773e-01,-4.630000000000000226e-01,0.000000000000000000e+00
-5.153564356435644811e-01,-4.630000000000000226e-01,0.000000000000000000e+00
-5.128514851485148629e-01,-4.630000000000000226e-01,0.000000000000000000e+00
-5.103465346534654667e-01,-4.630000000000000226e-01,0.000000000000000000e+00
-5.078415841584158485e-01,-4.630000000000000226e-01,0.000000000000000000e+00
-5.053366336633664524e-01,-4.630000000000000226e-01,0.000000000000000000e+00
-5.028316831683168342e-01,-4.630000000000000226e-01,0.000000000000000000e+00
-5.003267326732674380e-01,-4.630000000000000226e-01,0.000000000000000000e+00
-4.978217821782178198e-01,-4.630000000000000226e-01,0.000000000000000000e+00
-4.953168316831684237e-01,-4.630000000000000226e-01,0.000000000000000000e+00
-4.928118811881188055e-01,-4.630000000000000226e-01,0.000000000000000000e+00
-4.903069306930694093e-01,-4.630000000000000226e-01,0.000000000000000000e+00
-4.878019801980197911e-01,-4.630000000000000226e-01,0.000000000000000000e+00
-4.852970297029703950e-01,-4.630000000000000226e-01,0.000000000000000000e+00
-4.827920792079207768e-01,-4.630000000000000226e-01,0.000000000000000000e+00
-4.802871287128713806e-01,-4.630000000000000226e-01,0.000000000000000000e+00
-4.777821782178217624e-01,-4.630000000000000226e-01,0.000000000000000000e+00
-4.752772277227723663e-01,-4.630000000000000226e-01,0.000000000000000000e+00
-4.727722772277227481e-01,-4.630000000000000226e-01,0.000000000000000000e+00
-4.702673267326733519e-01,-4.630000000000000226e-01,0.000000000000000000e+00
-4.677623762376237337e-01,-4.630000000000000226e-01,0.000000000000000000e+00
-4.652574257425743376e-01,-4.630000000000000226e-01,0.000000000000000000e+00
-4.627524752475247194e-01,-4.630000000000000226e-01,0.000000000000000000e+00
-4.602475247524753232e-01,-4.630000000000000226e-01,0.000000000000000000e+00
-4.577425742574257050e-01,-4.630000000000000226e-01,0.000000000000000000e+00
-4.552376237623763089e-01,-4.630000000000000226e-01,0.000000000000000000e+00
-4.527326732673266907e-01,-4.630000000000000226e-01,0.000000000000000000e+00
-4.502277227722772945e-01,-4.630000000000000226e-01,0.000000000000000000e+00
-4.477227722772276763e-01,-4.630000000000000226e-01,0.000000000000000000e+00
-4.452178217821782802e-01,-4.630000000000000226e-01,0.000000000000000000e+00
-4.427128712871288840e-01,-4.630000000000000226e-01,0.000000000000000000e+00
-4.402079207920792658e-01,-4.630000000000000226e-01,0.000000000000000000e+00
-4.377029702970298697e-01,-4.630000000000000226e-01,0.000000000000000000e+00
-4.351980198019802515e-01,-4.630000000000000226e-01,0.000000000000000000e+00
-4.326930693069308553e-01,-4.630000000000000226e-01,0.000000000000000000e+00
-4.301881188118812371e-01,-4.630000000000000226e-01,0.000000000000000000e+00
-4.276831683168318410e-01,-4.630000000000000226e-01,0.000000000000000000e+00
-4.251782178217822228e-01,-4.630000000000000226e-01,0.000000000000000000e+00
-4.226732673267328266e-01,-4.630000000000000226e-01,0.000000000000000000e+00
-4.201683168316832084e-01,-4.630000000000000226e-01,0.000000000000000000e+00
-4.176633663366338123e-01,-4.630000000000000226e-01,0.000000000000000000e+00
-4.151584158415841941e-01,-4.630000000000000226e-01,0.000000000000000000e+00
-4.126534653465347979e-01,-4.630000000000000226e-01,0.000000000000000000e+00
-4.101485148514851797e-01,-4.630000000000000226e-01,0.000000000000000000e+00
-4.076435643564357836e-01,-4.630000000000000226e-01,0.000000000000000000e+00
-4.051386138613861654e-01,-4.630000000000000226e-01,0.000000000000000000e+00
-4.026336633663367692e-01,-4.630000000000000226e-01,0.000000000000000000e+00
-4.001287128712871510e-01,-4.630000000000000226e-01,0.000000000000000000e+00
-3.976237623762377549e-01,-4.630000000000000226e-01,0.000000000000000000e+00
-3.951188118811881367e-01,-4.630000000000000226e-01,0.000000000000000000e+00
-3.926138613861387405e-01,-4.630000000000000226e-01,0.000000000000000000e+00
-3.901089108910891223e-01,-4.630000000000000226e-01,0.000000000000000000e+00
-3.876039603960397262e-01,-4.630000000000000226e-01,0.000000000000000000e+00
-3.850990099009901080e-01,-4.630000000000000226e-01,0.000000000000000000e+00
-3.825940594059407118e-01,-4.630000000000000226e-01,0.000000000000000000e+00
-3.800891089108910936e-01,-4.630000000000000226e-01,0.000000000000000000e+00
-3.775841584158416975e-01,-4.630000000000000226e-01,0.000000000000000000e+00
-3.750792079207920793e-01,-4.630000000000000226e-01,0.000000000000000000e+00
-3.725742574257426831e-01,-4.630000000000000226e-01,0.000000000000000000e+00
-3.700693069306930649e-01,-4.630000000000000226e-01,0.000000000000000000e+00
-3.675643564356436688e-01,-4.630000000000000226e-01,0.000000000000000000e+00
-3.650594059405940506e-01,-4.630000000000000226e-01,0.000000000000000000e+00
-3.625544554455446544e-01,-4.630000000000000226e-01,0.000000000000000000e+00
-3.600495049504950362e-01,-4.630000000000000226e-01,0.000000000000000000e+00
-3.575445544554456401e-01,-4.630000000000000226e-01,0.000000000000000000e+00
-3.550396039603960219e-01,-4.630000000000000226e-01,0.000000000000000000e+00
-3.525346534653466257e-01,-4.630000000000000226e-01,0.000000000000000000e+00
-3.500297029702970075e-01,-4.630000000000000226e-01,0.000000000000000000e+00
-3.475247524752476114e-01,-4.630000000000000226e-01,0.000000000000000000e+00
-3.450198019801979932e-01,-4.630000000000000226e-01,0.000000000000000000e+00
-3.425148514851485970e-01,-4.630000000000000226e-01,0.000000000000000000e+00
-3.400099009900989788e-01,-4.630000000000000226e-01,0.000000000000000000e+00
-3.375049504950495827e-01,-4.630000000000000226e-01,0.000000000000000000e+00
-3.349999999999999645e-01,-4.630000000000000226e-01,0.000000000000000000e+00
-3.324950495049505683e-01,-4.630000000000000226e-01,0.000000000000000000e+00
-3.299900990099009501e-01,-4.630000000000000226e-01,0.000000000000000000e+00
-3.274851485148515540e-01,-4.630000000000000226e-01,0.000000000000000000e+00
-3.249801980198019358e-01,-4.630000000000000226e-01,0.000000000000000000e+00
-3.224752475247525396e-01,-4.630000000000000226e-01,0.000000000000000000e+00
-3.199702970297029214e-01,-4.630000000000000226e-01,0.000000000000000000e+00
-3.174653465346535253e-01,-4.630000000000000226e-01,0.000000000000000000e+00
-3.149603960396041291e-01,-4.630000000000000226e-01,0.000000000000000000e+00
-3.124554455445545109e-01,-4.630000000000000226e-01,0.000000000000000000e+00
-3.099504950495051148e-01,-4.630000000000000226e-01,0.000000000000000000e+00
-3.074455445544554966e-01,-4.630000000000000226e-01,0.000000000000000000e+00
-3.049405940594061004e-01,-4.630000000000000226e-01,0.000000000000000000e+00
-3.024356435643564822e-01,-4.630000000000000226e-01,0.000000000000000000e+00
-2.999306930693070861e-01,-4.630000000000000226e-01,0.000000000000000000e+00
-2.974257425742574679e-01,-4.630000000000000226e-01,0.000000000000000000e+00
-2.949207920792080717e-01,-4.630000000000000226e-01,0.000000000000000000e+00
-2.924158415841584535e-01,-4.630000000000000226e-01,0.000000000000000000e+00
-2.899108910891090574e-01,-4.630000000000000226e-01,0.000000000000000000e+00
-2.874059405940594392e-01,-4.630000000000000226e-01,0.000000000000000000e+00
-2.849009900990100430e-01,-4.630000000000000226e-01,0.000000000000000000e+00
-2.823960396039604248e-01,-4.630000000000000226e-01,0.000000000000000000e+00
-2.798910891089110287e-01,-4.630000000000000226e-01,0.000000000000000000e+00
-2.773861386138614105e-01,-4.630000000000000226e-01,0.000000000000000000e+00
-2.748811881188120143e-01,-4.630000000000000226e-01,0.000000000000000000e+00
-2.723762376237623961e-01,-4.630000000000000226e-01,0.000000000000000000e+00
-2.698712871287130000e-01,-4.630000000000000226e-01,0.000000000000000000e+00
-2.673663366336633818e-01,-4.630000000000000226e-01,0.000000000000000000e+00
-2.648613861386139856e-01,-4.630000000000000226e-01,0.000000000000000000e+00
-2.623564356435643674e-01,-4.630000000000000226e-01,0.000000000000000000e+00
-2.598514851485149713e-01,-4.630000000000000226e-01,0.000000000000000000e+00
-2.573465346534653531e-01,-4.630000000000000226e-01,0.000000000000000000e+00
-2.548415841584159569e-01,-4.630000000000000226e-01,0.000000000000000000e+00
-2.523366336633663387e-01,-4.630000000000000226e-01,0.000000000000000000e+00
-2.498316831683169426e-01,-4.630000000000000226e-01,0.000000000000000000e+00
-2.473267326732673244e-01,-4.630000000000000226e-01,0.000000000000000000e+00
-2.448217821782179282e-01,-4.630000000000000226e-01,0.000000000000000000e+00
-2.423168316831683100e-01,-4.630000000000000226e-01,0.000000000000000000e+00
-2.398118811881189139e-01,-4.630000000000000226e-01,0.000000000000000000e+00
-2.373069306930692957e-01,-4.630000000000000226e-01,0.000000000000000000e+00
-2.348019801980198995e-01,-4.630000000000000226e-01,0.000000000000000000e+00
-2.322970297029702813e-01,-4.630000000000000226e-01,0.000000000000000000e+00
-2.297920792079208852e-01,-4.630000000000000226e-01,0.000000000000000000e+00
-2.272871287128712670e-01,-4.630000000000000226e-01,0.000000000000000000e+00
-2.247821782178218708e-01,-4.630000000000000226e-01,0.000000000000000000e+00
-2.222772277227722526e-01,-4.630000000000000226e-01,0.000000000000000000e+00
-2.197722772277228565e-01,-4.630000000000000226e-01,0.000000000000000000e+00
-2.172673267326732383e-01,-4.630000000000000226e-01,0.000000000000000000e+00
-2.147623762376238421e-01,-4.630000000000000226e-01,0.000000000000000000e+00
-2.122574257425742239e-01,-4.630000000000000226e-01,0.000000000000000000e+00
-2.097524752475248278e-01,-4.630000000000000226e-01,0.000000000000000000e+00
-2.072475247524752096e-01,-4.630000000000000226e-01,0.000000000000000000e+00
-2.047425742574258134e-01,-4.630000000000000226e-01,0.000000000000000000e+00
-2.022376237623761952e-01,-4.630000000000000226e-01,0.000000000000000000e+00
-1.997326732673267990e-01,-4.630000000000000226e-01,0.000000000000000000e+00
-1.972277227722771809e-01,-4.630000000000000226e-01,0.000000000000000000e+00
-1.947227722772277847e-01,-4.630000000000000226e-01,0.000000000000000000e+00
-1.922178217821781665e-01,-4.630000000000000226e-01,0.000000000000000000e+00
-1.897128712871287703e-01,-4.630000000000000226e-01,0.000000000000000000e+00
-1.872079207920793742e-01,-4.630000000000000226e-01,0.000000000000000000e+00
-1.847029702970297560e-01,-4.630000000000000226e-01,0.000000000000000000e+00
-1.821980198019803598e-01,-4.630000000000000226e-01,0.000000000000000000e+00
-1.796930693069307416e-01,-4.630000000000000226e-01,0.000000000000000000e+00
-1.771881188118813455e-01,-4.630000000000000226e-01,0.000000000000000000e+00
-1.746831683168317273e-01,-4.630000000000000226e-01,0.000000000000000000e+00
-1.721782178217823311e-01,-4.630000000000000226e-01,0.000000000000000000e+00
-1.696732673267327129e-01,-4.630000000000000226e-01,0.000000000000000000e+00
-1.671683168316833168e-01,-4.630000000000000226e-01,0.000000000000000000e+00
-1.646633663366336986e-01,-4.630000000000000226e-01,0.000000000000000000e+00
-1.621584158415843024e-01,-4.630000000000000226e-01,0.000000000000000000e+00
-1.596534653465346842e-01,-4.630000000000000226e-01,0.000000000000000000e+00
-1.571485148514852881e-01,-4.630000000000000226e-01,0.000000000000000000e+00
-1.546435643564356699e-01,-4.630000000000000226e-01,0.000000000000000000e+00
-1.521386138613862737e-01,-4.630000000000000226e-01,0.000000000000000000e+00
-1.496336633663366555e-01,-4.630000000000000226e-01,0.000000000000000000e+00
-1.471287128712872594e-01,-4.630000000000000226e-01,0.000000000000000000e+00
-1.446237623762376412e-01,-4.630000000000000226e-01,0.000000000000000000e+00
-1.421188118811882450e-01,-4.630000000000000226e-01,0.000000000000000000e+00
-1.396138613861386268e-01,-4.630000000000000226e-01,0.000000000000000000e+00
-1.371089108910892307e-01,-4.630000000000000226e-01,0.000000000000000000e+00
-1.346039603960396125e-01,-4.630000000000000226e-01,0.000000000000000000e+00
-1.320990099009902163e-01,-4.630000000000000226e-01,0.000000000000000000e+00
-1.295940594059405981e-01,-4.630000000000000226e-01,0.000000000000000000e+00
-1.270891089108912020e-01,-4.630000000000000226e-01,0.000000000000000000e+00
-1.245841584158415838e-01,-4.630000000000000226e-01,0.000000000000000000e+00
-1.220792079207921876e-01,-4.630000000000000226e-01,0.000000000000000000e+00
-1.195742574257425694e-01,-4.630000000000000226e-01,0.000000000000000000e+00
-1.170693069306931733e-01,-4.630000000000000226e-01,0.000000000000000000e+00
-1.145643564356435551e-01,-4.630000000000000226e-01,0.000000000000000000e+00
-1.120594059405941589e-01,-4.630000000000000226e-01,0.000000000000000000e+00
-1.095544554455445407e-01,-4.630000000000000226e-01,0.000000000000000000e+00
-1.070495049504951446e-01,-4.630000000000000226e-01,0.000000000000000000e+00
-1.045445544554455264e-01,-4.630000000000000226e-01,0.000000000000000000e+00
-1.020396039603961302e-01,-4.630000000000000226e-01,0.000000000000000000e+00
-9.953465346534651204e-02,-4.630000000000000226e-01,0.000000000000000000e+00
-9.702970297029711588e-02,-4.630000000000000226e-01,0.000000000000000000e+00
-9.452475247524749769e-02,-4.630000000000000226e-01,0.000000000000000000e+00
-9.201980198019810153e-02,-4.630000000000000226e-01,0.000000000000000000e+00
-8.951485148514848333e-02,-4.630000000000000226e-01,0.000000000000000000e+00
-8.700990099009908718e-02,-4.630000000000000226e-01,0.000000000000000000e+00
-8.450495049504946898e-02,-4.630000000000000226e-01,0.000000000000000000e+00
-8.200000000000000344e-02,-4.630000000000000226e-01,0.000000000000000000e+00
-8.200000000000000344e-02,-4.630000000000000226e-01,1.551994106635109283e+00
-7.945833333333333914e-02,-4.630000000000000226e-01,1.502119910602511377e+00
-7.691666666666667485e-02,-4.630000000000000226e-01,1.452736313689434011e+00
-7.437499999999999667e-02,-4.630000000000000226e-01,1.403843315895827448e+00
-7.183333333333333237e-02,-4.630000000000000226e-01,1.355440917221736097e+00
-6.929166666666666807e-02,-4.630000000000000226e-01,1.307529117667143526e+00
-6.675000000000000377e-02,-4.630000000000000226e-01,1.260107917232055064e+00
-6.420833333333333948e-02,-4.630000000000000226e-01,1.213177315916454058e+00
-6.166666666666667518e-02,-4.630000000000000226e-01,1.166737313720362268e+00
-5.912500000000000394e-02,-4.630000000000000226e-01,1.120787910643770147e+00
-5.658333333333333964e-02,-4.630000000000000226e-01,1.075329106686681246e+00
-5.404166666666666841e-02,-4.630000000000000226e-01,1.030360901849083355e+00
-5.150000000000000411e-02,-4.630000000000000226e-01,9.858832961309974552e-01
-4.895833333333333981e-02,-4.630000000000000226e-01,9.418962895323937934e-01
-4.641666666666667551e-02,-4.630000000000000226e-01,8.983998820533245500e-01
-4.387500000000000427e-02,-4.630000000000000226e-01,8.553940736937096778e-01
-4.133333333333333998e-02,-4.630000000000000226e-01,8.128788644536183439e-01
-3.879166666666667568e-02,-4.630000000000000226e-01,7.708542543330397789e-01
-3.625000000000000444e-02,-4.630000000000000226e-01,7.293202433319369016e-01
-3.370833333333334014e-02,-4.630000000000000226e-01,6.882768314503413531e-01
-3.116666666666667584e-02,-4.630000000000000226e-01,6.477240186882481376e-01
-2.862500000000000461e-02,-4.630000000000000226e-01,6.076618050456680242e-01
-2.608333333333334031e-02,-4.630000000000000226e-01,5.680901905225683723e-01
-2.354166666666667601e-02,-4.630000000000000226e-01,5.290091751189658353e-01
-2.100000000000000477e-02,-4.630000000000000226e-01,4.904187588348922211e-01
-1.845833333333334048e-02,-4.630000000000000226e-01,4.523189416702884658e-01
-1.591666666666667618e-02,-4.630000000000000226e-01,4.147097236251996444e-01
-1.337500000000001188e-02,-4.630000000000000226e-01,3.775911046996040521e-01
-1.083333333333334758e-02,-4.630000000000000226e-01,3.409630848935161218e-01
-8.291666666666669405e-03,-4.630000000000000226e-01,3.048256642069196443e-01
-5.750000000000005107e-03,-4.630000000000000226e-01,2.691788426398253331e-01
-3.208333333333340809e-03,-4.630000000000000226e-01,2.340226201922406268e-01
-6.666666666666765106e-04,-6.666666666666765106e-04,1.993569968641490386e-01
1.874999999999987788e-03,-4.630000000000000226e-01,1.651819726555451839e-01
4.416666666666652086e-03,-4.630000000000000226e-01,1.314975475664726945e-01
6.958333333333316384e-03,-4.630000000000000226e-01,9.830372159686008582e-02
9.499999999999994560e-03,-4.630000000000000226e-01,6.560049474677993875e-02
1.204166666666665886e-02,-4.630000000000000226e-01,3.338786701618148833e-02
1.458333333333332316e-02,-4.630000000000000226e-01,1.665838405087126167e-03
1.712499999999998745e-02,-4.630000000000000226e-01,-2.956559108649769313e-02
1.966666666666665175e-02,-4.630000000000000226e-01,-6.030642145858934600e-02
2.220833333333331605e-02,-4.630000000000000226e-01,-9.055665271118187865e-02
2.474999999999999423e-02,-4.630000000000000226e-01,-1.203162848442767829e-01
2.729166666666665853e-02,-4.630000000000000226e-01,-1.495853178578671061e-01
2.983333333333332282e-02,-4.630000000000000226e-01,-1.783637517519588156e-01
3.237499999999998712e-02,-4.630000000000000226e-01,-2.066515865265518836e-01
3.491666666666665142e-02,-4.630000000000000226e-01,-2.344488221816463380e-01
3.745833333333331572e-02,-4.630000000000000226e-01,-2.617554587172454816e-01
4.000000000000000083e-02,-4.630000000000000226e-01,0.000000000000000000e+00
4.000000000000000083e-02,-4.630000000000000226e-01,0.000000000000000000e+00
4.300000000000000350e-02,-4.630000000000000226e-01,0.000000000000000000e+00
4.599999999999999922e-02,-4.630000000000000226e-01,0.000000000000000000e+00
4.900000000000000189e-02,-4.630000000000000226e-01,0.000000000000000000e+00
4.900000000000000189e-02,-4.630000000000000226e-01,0.000000000000000000e+00
5.250000000000000500e-02,-4.630000000000000226e-01,0.000000000000000000e+00
5.600000000000000117e-02,-4.630000000000000226e-01,-8.998151578322447497e-01
5.800000000000000294e-02,-4.630000000000000226e-01,0.000000000000000000e+00
5.999999999999999778e-02,-4.630000000000000226e-01,0.000000000000000000e+00
6.199999999999999956e-02,-4.630000000000000226e-01,0.000000000000000000e+00
6.400000000000000133e-02,-4.630000000000000226e-01,4.524045678340860022e-01
6.658823529411764253e-02,-4.630000000000000226e-01,3.904797551321794735e-01
6.917647058823529760e-02,-4.630000000000000226e-01,3.310683872429263097e-01
7.176470588235293879e-02,-4.630000000000000226e-01,2.741704641663134656e-01
7.435294117647059386e-02,-4.630000000000000226e-01,2.197859859023903184e-01
7.694117647058823506e-02,-4.630000000000000226e-01,1.679149524511042435e-01
7.952941176470587625e-02,-4.630000000000000226e-01,1.185573638124774454e-01
8.211764705882353133e-02,-4.630000000000000226e-01,7.171321998651725149e-02
8.470588235294117252e-02,-4.630000000000000226e-01,2.738252097319477524e-02
8.729411764705882759e-02,-4.630000000000000226e-01,-1.443473322745136324e-02
8.988235294117646879e-02,-4.630000000000000226e-01,-5.373854261544842165e-02
9.247058823529410998e-02,-4.630000000000000226e-01,-9.052890719079040305e-02
9.505882352941176505e-02,-4.630000000000000226e-01,-1.248058269534727260e-01
9.764705882352942012e-02,-4.630000000000000226e-01,-1.565693019034959665e-01
1.002352941176470613e-01,-4.630000000000000226e-01,-1.858193320408692839e-01
1.028235294117647025e-01,-4.630000000000000226e-01,-2.125559173655773015e-01
1.054117647058823437e-01,-4.630000000000000226e-01,-2.367790578776187149e-01
1.079999999999999988e-01,-4.630000000000000226e-01,-2.584887535770281630e-01
1.105882352941176539e-01,-4.630000000000000226e-01,-2.776850044637577120e-01
1.131764705882352950e-01,-4.630000000000000226e-01,-2.943678105378366161e-01
1.157647058823529362e-01,-4.630000000000000226e-01,-3.085371717992663188e-01
1.183529411764705774e-01,-4.630000000000000226e-01,-3.201930882480289453e-01
1.209411764705882325e-01,-4.630000000000000226e-01,-3.293355598841440912e-01
1.235294117647058876e-01,-4.630000000000000226e-01,-3.359645867075956582e-01
1.261176470588235288e-01,-4.630000000000000226e-01,-3.400801687183909183e-01
1.287058823529411700e-01,-4.630000000000000226e-01,-3.416823059165278731e-01
1.312941176470588389e-01,-4.630000000000000226e-01,-3.407709983019998057e-01
1.338823529411764524e-01,-4.630000000000000226e-01,-3.373462458748400783e-01
1.364705882352941213e-01,-4.630000000000000226e-01,-3.314080486349991195e-01
1.390588235294117625e-01,-4.630000000000000226e-01,-3.229564065825053509e-01
1.416470588235294037e-01,-4.630000000000000226e-01,-3.119913197173482255e-01
1.442352941176470726e-01,-4.630000000000000226e-01,-2.985127880395624933e-01
1.468235294117646861e-01,-4.630000000000000226e-01,-2.825208115490825955e-01
1.494117647058823550e-01,-4.630000000000000226e-01,-2.640153902459734803e-01
1.519999999999999962e-01,-4.630000000000000226e-01,0.000000000000000000e+00
1.519999999999999962e-01,-4.630000000000000226e-01,0.000000000000000000e+00
1.549999999999999989e-01,-4.630000000000000226e-01,0.000000000000000000e+00
1.580000000000000016e-01,-4.630000000000000226e-01,0.000000000000000000e+00
1.610000000000000042e-01,-4.630000000000000226e-01,0.000000000000000000e+00
1.610000000000000042e-01,-4.630000000000000226e-01,-5.253232794794681082e-01
1.636470588235294232e-01,-4.630000000000000226e-01,-3.749416504207432332e-01
1.662941176470588145e-01,-4.630000000000000226e-01,-2.790426690827828571e-01
1.689411764705882335e-01,-4.630000000000000226e-01,-2.376263354656197868e-01
1.715882352941176525e-01,-4.630000000000000226e-01,-2.506926495692159973e-01
1.742352941176470438e-01,-4.630000000000000226e-01,-3.182416113936107904e-01
1.768823529411764628e-01,-4.630000000000000226e-01,-4.402732209387857920e-01
1.795294117647058818e-01,-4.630000000000000226e-01,-6.167874782047436666e-01
1.821764705882353008e-01,-4.630000000000000226e-01,-8.477843831914776418e-01
1.848235294117646921e-01,-4.630000000000000226e-01,-1.133263935899013308e+00
1.874705882352941111e-01,-4.630000000000000226e-01,-1.473226136327298708e+00
1.901176470588235301e-01,-4.630000000000000226e-01,-1.867670984476398566e+00
1.927647058823529491e-01,-4.630000000000000226e-01,-2.316598480346260924e+00
1.954117647058823404e-01,-4.630000000000000226e-01,-2.820008623936912873e+00
1.980588235294117594e-01,-4.630000000000000226e-01,-3.377901415248345529e+00
2.007058823529411784e-01,-4.630000000000000226e-01,-3.990276854280561114e+00
2.033529411764705697e-01,-4.630000000000000226e-01,-4.657134941033559627e+00
2.059999999999999887e-01,-4.630000000000000226e-01,0.000000000000000000e+00
2.059999999999999887e-01,-4.630000000000000226e-01,0.000000000000000000e+00
2.085026929982046473e-01,-4.630000000000000226e-01,0.000000000000000000e+00
2.110053859964093337e-01,-4.630000000000000226e-01,0.000000000000000000e+00
2.135080789946139923e-01,-4.630000000000000226e-01,0.000000000000000000e+00
2.160107719928186509e-01,-4.630000000000000226e-01,0.000000000000000000e+00
2.185134649910233373e-01,-4.630000000000000226e-01,0.000000000000000000e+00
2.210161579892279959e-01,-4.630000000000000226e-01,0.000000000000000000e+00
2.235188509874326546e-01,-4.630000000000000226e-01,0.000000000000000000e+00
2.260215439856373409e-01,-4.630000000000000226e-01,0.000000000000000000e+00
2.285242369838419996e-01,-4.630000000000000226e-01,0.000000000000000000e+00
2.310269299820466582e-01,-4.630000000000000226e-01,0.000000000000000000e+00
2.335296229802513446e-01,-4.630000000000000226e-01,0.000000000000000000e+00
2.360323159784560032e-01,-4.630000000000000226e-01,0.000000000000000000e+00
2.385350089766606896e-01,-4.630000000000000226e-01,0.000000000000000000e+00
2.410377019748653482e-01,-4.630000000000000226e-01,0.000000000000000000e+00
2.435403949730700068e-01,-4.630000000000000226e-01,0.000000000000000000e+00
2.460430879712746655e-01,-4.630000000000000226e-01,0.000000000000000000e+00
2.485457809694793518e-01,-4.630000000000000226e-01,0.000000000000000000e+00
2.510484739676840382e-01,-4.630000000000000226e-01,0.000000000000000000e+00
2.535511669658886968e-01,-4.630000000000000226e-01,0.000000000000000000e+00
2.560538599640933555e-01,-4.630000000000000226e-01,0.000000000000000000e+00
2.585565529622980141e-01,-4.630000000000000226e-01,0.000000000000000000e+00
2.610592459605026727e-01,-4.630000000000000226e-01,0.000000000000000000e+00
2.635619389587073869e-01,-4.630000000000000226e-01,0.000000000000000000e+00
2.660646319569120455e-01,-4.630000000000000226e-01,0.000000000000000000e+00
2.685673249551167041e-01,-4.630000000000000226e-01,0.000000000000000000e+00
2.710700179533213627e-01,-4.630000000000000226e-01,0.000000000000000000e+00
2.735727109515260214e-01,-4.630000000000000226e-01,0.000000000000000000e+00
2.760754039497306800e-01,-4.630000000000000226e-01,0.000000000000000000e+00
2.785780969479353386e-01,-4.630000000000000226e-01,0.000000000000000000e+00
2.810807899461400527e-01,-4.630000000000000226e-01,0.000000000000000000e+00
2.835834829443447114e-01,-4.630000000000000226e-01,0.000000000000000000e+00
2.860861759425493700e-01,-4.630000000000000226e-01,0.000000000000000000e+00
2.885888689407540286e-01,-4.630000000000000226e-01,0.000000000000000000e+00
2.910915619389586873e-01,-4.630000000000000226e-01,0.000000000000000000e+00
2.935942549371634014e-01,-4.630000000000000226e-01,0.000000000000000000e+00
2.960969479353680600e-01,-4.630000000000000226e-01,0.000000000000000000e+00
2.985996409335727186e-01,-4.630000000000000226e-01,0.000000000000000000e+00
3.011023339317773773e-01,-4.630000000000000226e-01,0.000000000000000000e+00
3.036050269299820359e-01,-4.630000000000000226e-01,0.000000000000000000e+00
3.061077199281867500e-01,-4.630000000000000226e-01,0.000000000000000000e+00
3.086104129263913531e-01,-4.630000000000000226e-01,0.000000000000000000e+00
3.111131059245960673e-01,-4.630000000000000226e-01,0.000000000000000000e+00
3.136157989228007259e-01,-4.630000000000000226e-01,0.000000000000000000e+00
3.161184919210053845e-01,-4.630000000000000226e-01,0.000000000000000000e+00
3.186211849192100432e-01,-4.630000000000000226e-01,0.000000000000000000e+00
3.211238779174147018e-01,-4.630000000000000226e-01,0.000000000000000000e+00
3.236265709156194159e-01,-4.630000000000000226e-01,0.000000000000000000e+00
3.261292639138240745e-01,-4.630000000000000226e-01,0.000000000000000000e+00
3.286319569120287332e-01,-4.630000000000000226e-01,0.000000000000000000e+00
3.311346499102333918e-01,-4.630000000000000226e-01,0.000000000000000000e+00
3.336373429084380504e-01,-4.630000000000000226e-01,0.000000000000000000e+00
3.361400359066427646e-01,-4.630000000000000226e-01,0.000000000000000000e+00
3.386427289048473677e-01,-4.630000000000000226e-01,0.000000000000000000e+00
3.411454219030520818e-01,-4.630000000000000226e-01,0.000000000000000000e+00
3.436481149012567404e-01,-4.630000000000000226e-01,0.000000000000000000e+00
3.461508078994613991e-01,-4.630000000000000226e-01,0.000000000000000000e+00
3.486535008976661132e-01,-4.630000000000000226e-01,0.000000000000000000e+00
3.511561938958707163e-01,-4.630000000000000226e-01,0.000000000000000000e+00
3.536588868940754304e-01,-4.630000000000000226e-01,0.000000000000000000e+00
3.561615798922800891e-01,-4.630000000000000226e-01,0.000000000000000000e+00
3.586642728904847477e-01,-4.630000000000000226e-01,0.000000000000000000e+00
3.611669658886894063e-01,-4.630000000000000226e-01,0.000000000000000000e+00
3.636696588868940649e-01,-4.630000000000000226e-01,0.000000000000000000e+00
3.661723518850987791e-01,-4.630000000000000226e-01,0.000000000000000000e+00
3.686750448833033822e-01,-4.630000000000000226e-01,0.000000000000000000e+00
3.711777378815080963e-01,-4.630000000000000226e-01,0.000000000000000000e+00
3.736804308797127550e-01,-4.630000000000000226e-01,0.000000000000000000e+00
3.761831238779174136e-01,-4.630000000000000226e-01,0.000000000000000000e+00
3.786858168761221277e-01,-4.630000000000000226e-01,0.000000000000000000e+00
3.811885098743267308e-01,-4.630000000000000226e-01,0.000000000000000000e+00
3.836912028725314450e-01,-4.630000000000000226e-01,0.000000000000000000e+00
3.861938958707361036e-01,-4.630000000000000226e-01,0.000000000000000000e+00
3.886965888689407622e-01,-4.630000000000000226e-01,0.000000000000000000e+00
3.911992818671454208e-01,-4.630000000000000226e-01,0.000000000000000000e+00
3.937019748653500795e-01,-4.630000000000000226e-01,0.000000000000000000e+00
3.962046678635547936e-01,-4.630000000000000226e-01,0.000000000000000000e+00
3.987073608617593967e-01,-4.630000000000000226e-01,0.000000000000000000e+00
4.012100538599641109e-01,-4.630000000000000226e-01,0.000000000000000000e+00
4.037127468581687695e-01,-4.630000000000000226e-01,0.000000000000000000e+00
4.062154398563734281e-01,-4.630000000000000226e-01,0.000000000000000000e+00
4.087181328545781422e-01,-4.630000000000000226e-01,0.000000000000000000e+00
4.112208258527827454e-01,-4.630000000000000226e-01,0.000000000000000000e+00
4.137235188509874595e-01,-4.630000000000000226e-01,0.000000000000000000e+00
4.162262118491921181e-01,-4.630000000000000226e-01,0.000000000000000000e+00
4.187289048473967767e-01,-4.630000000000000226e-01,0.000000000000000000e+00
4.212315978456014909e-01,-4.630000000000000226e-01,0.000000000000000000e+00
4.237342908438060940e-01,-4.630000000000000226e-01,0.000000000000000000e+00
4.262369838420108081e-01,-4.630000000000000226e-01,0.000000000000000000e+00
4.287396768402154668e-01,-4.630000000000000226e-01,0.000000000000000000e+00
4.312423698384201254e-01,-4.630000000000000226e-01,0.000000000000000000e+00
4.337450628366247840e-01,-4.630000000000000226e-01,0.000000000000000000e+00
4.362477558348294426e-01,-4.630000000000000226e-01,0.000000000000000000e+00
4.387504488330341568e-01,-4.630000000000000226e-01,0.000000000000000000e+00
4.412531418312387599e-01,-4.630000000000000226e-01,0.000000000000000000e+00
4.437558348294434740e-01,-4.630000000000000226e-01,0.000000000000000000e+00
4.462585278276481326e-01,-4.630000000000000226e-01,0.000000000000000000e+00
4.487612208258527913e-01,-4.630000000000000226e-01,0.000000000000000000e+00
4.512639138240575054e-01,-4.630000000000000226e-01,0.000000000000000000e+00
4.537666068222621085e-01,-4.630000000000000226e-01,0.000000000000000000e+00
4.562692998204668227e-01,-4.630000000000000226e-01,0.000000000000000000e+00
4.587719928186714258e-01,-4.630000000000000226e-01,0.000000000000000000e+00
4.612746858168761399e-01,-4.630000000000000226e-01,0.000000000000000000e+00
4.637773788150808540e-01,-4.630000000000000226e-01,0.000000000000000000e+00
4.662800718132854572e-01,-4.630000000000000226e-01,0.000000000000000000e+00
4.687827648114901713e-01,-4.630000000000000226e-01,0.000000000000000000e+00
4.712854578096947744e-01,-4.630000000000000226e-01,0.000000000000000000e+00
4.737881508078994885e-01,-4.630000000000000226e-01,0.000000000000000000e+00
4.762908438061042027e-01,-4.630000000000000226e-01,0.000000000000000000e+00
4.787935368043088058e-01,-4.630000000000000226e-01,0.000000000000000000e+00
4.812962298025135199e-01,-4.630000000000000226e-01,0.000000000000000000e+00
4.837989228007181230e-01,-4.630000000000000226e-01,0.000000000000000000e+00
4.863016157989228372e-01,-4.630000000000000226e-01,0.000000000000000000e+00
4.888043087971274403e-01,-4.630000000000000226e-01,0.000000000000000000e+00
4.913070017953321544e-01,-4.630000000000000226e-01,0.000000000000000000e+00
4.938096947935368686e-01,-4.630000000000000226e-01,0.000000000000000000e+00
4.963123877917414717e-01,-4.630000000000000226e-01,0.000000000000000000e+00
4.988150807899461858e-01,-4.630000000000000226e-01,0.000000000000000000e+00
5.013177737881507889e-01,-4.630000000000000226e-01,0.000000000000000000e+00
5.038204667863555031e-01,-4.630000000000000226e-01,0.000000000000000000e+00
5.063231597845602172e-01,-4.630000000000000226e-01,0.000000000000000000e+00
5.088258527827648203e-01,-4.630000000000000226e-01,0.000000000000000000e+00
5.113285457809695345e-01,-4.630000000000000226e-01,0.000000000000000000e+00
5.138312387791741376e-01,-4.630000000000000226e-01,0.000000000000000000e+00
5.163339317773788517e-01,-4.630000000000000226e-01,0.000000000000000000e+00
5.188366247755834548e-01,-4.630000000000000226e-01,0.000000000000000000e+00
5.213393177737881690e-01,-4.630000000000000226e-01,0.000000000000000000e+00
5.238420107719928831e-01,-4.630000000000000226e-01,0.000000000000000000e+00
5.263447037701974862e-01,-4.630000000000000226e-01,0.000000000000000000e+00
5.288473967684022004e-01,-4.630000000000000226e-01,0.000000000000000000e+00
5.313500897666068035e-01,-4.630000000000000226e-01,0.000000000000000000e+00
5.338527827648115176e-01,-4.630000000000000226e-01,0.000000000000000000e+00
5.363554757630162317e-01,-4.630000000000000226e-01,0.000000000000000000e+00
5.388581687612208349e-01,-4.630000000000000226e-01,0.000000000000000000e+00
5.413608617594255490e-01,-4.630000000000000226e-01,0.000000000000000000e+00
5.438635547576301521e-01,-4.630000000000000226e-01,0.000000000000000000e+00
5.463662477558348662e-01,-4.630000000000000226e-01,0.000000000000000000e+00
5.488689407540395804e-01,-4.630000000000000226e-01,0.000000000000000000e+00
5.513716337522441835e-01,-4.630000000000000226e-01,0.000000000000000000e+00
5.538743267504488976e-01,-4.630000000000000226e-01,0.000000000000000000e+00
5.563770197486535007e-01,-4.630000000000000226e-01,0.000000000000000000e+00
5.588797127468582149e-01,-4.630000000000000226e-01,0.000000000000000000e+00
5.613824057450628180e-01,-4.630000000000000226e-01,0.000000000000000000e+00
5.638850987432675321e-01,-4.630000000000000226e-01,0.000000000000000000e+00
5.663877917414722463e-01,-4.630000000000000226e-01,0.000000000000000000e+00
5.688904847396768494e-01,-4.630000000000000226e-01,0.000000000000000000e+00
5.713931777378815635e-01,-4.630000000000000226e-01,0.000000000000000000e+00
5.738958707360861666e-01,-4.630000000000000226e-01,0.000000000000000000e+00
5.763985637342908808e-01,-4.630000000000000226e-01,0.000000000000000000e+00
5.789012567324955949e-01,-4.630000000000000226e-01,0.000000000000000000e+00
5.814039497307001980e-01,-4.630000000000000226e-01,0.000000000000000000e+00
5.839066427289049122e-01,-4.630000000000000226e-01,0.000000000000000000e+00
5.864093357271095153e-01,-4.630000000000000226e-01,0.000000000000000000e+00
5.889120287253142294e-01,-4.630000000000000226e-01,0.000000000000000000e+00
5.914147217235188325e-01,-4.630000000000000226e-01,0.000000000000000000e+00
5.939174147217235467e-01,-4.630000000000000226e-01,0.000000000000000000e+00
5.964201077199282608e-01,-4.630000000000000226e-01,0.000000000000000000e+00
5.989228007181328639e-01,-4.630000000000000226e-01,0.000000000000000000e+00
6.014254937163375780e-01,-4.630000000000000226e-01,0.000000000000000000e+00
6.039281867145421812e-01,-4.630000000000000226e-01,0.000000000000000000e+00
6.064308797127468953e-01,-4.630000000000000226e-01,0.000000000000000000e+00
6.089335727109516094e-01,-4.630000000000000226e-01,0.000000000000000000e+00
6.114362657091562125e-01,-4.630000000000000226e-01,0.000000000000000000e+00
6.139389587073609267e-01,-4.630000000000000226e-01,0.000000000000000000e+00
6.164416517055655298e-01,-4.630000000000000226e-01,0.000000000000000000e+00
6.189443447037702439e-01,-4.630000000000000226e-01,0.000000000000000000e+00
6.214470377019749581e-01,-4.630000000000000226e-01,0.000000000000000000e+00
6.239497307001795612e-01,-4.630000000000000226e-01,0.000000000000000000e+00
6.264524236983842753e-01,-4.630000000000000226e-01,0.000000000000000000e+00
6.289551166965888784e-01,-4.630000000000000226e-01,0.000000000000000000e+00
6.314578096947935926e-01,-4.630000000000000226e-01,0.000000000000000000e+00
6.339605026929981957e-01,-4.630000000000000226e-01,0.000000000000000000e+00
6.364631956912029098e-01,-4.630000000000000226e-01,0.000000000000000000e+00
6.389658886894076240e-01,-4.630000000000000226e-01,0.000000000000000000e+00
6.414685816876122271e-01,-4.630000000000000226e-01,0.000000000000000000e+00
6.439712746858169412e-01,-4.630000000000000226e-01,0.000000000000000000e+00
6.464739676840215443e-01,-4.630000000000000226e-01,0.000000000000000000e+00
6.489766606822262585e-01,-4.630000000000000226e-01,0.000000000000000000e+00
6.514793536804309726e-01,-4.630000000000000226e-01,0.000000000000000000e+00
6.539820466786355757e-01,-4.630000000000000226e-01,0.000000000000000000e+00
6.564847396768402898e-01,-4.630000000000000226e-01,0.000000000000000000e+00
6.589874326750448930e-01,-4.630000000000000226e-01,0.000000000000000000e+00
6.614901256732496071e-01,-4.630000000000000226e-01,0.000000000000000000e+00
6.639928186714542102e-01,-4.630000000000000226e-01,0.000000000000000000e+00
6.664955116696589243e-01,-4.630000000000000226e-01,0.000000000000000000e+00
6.689982046678636385e-01,-4.630000000000000226e-01,0.000000000000000000e+00
6.715008976660682416e-01,-4.630000000000000226e-01,0.000000000000000000e+00
6.740035906642729557e-01,-4.630000000000000226e-01,0.000000000000000000e+00
6.765062836624775588e-01,-4.630000000000000226e-01,0.000000000000000000e+00
6.790089766606822730e-01,-4.630000000000000226e-01,0.000000000000000000e+00
6.815116696588869871e-01,-4.630000000000000226e-01,0.000000000000000000e+00
6.840143626570915902e-01,-4.630000000000000226e-01,0.000000000000000000e+00
6.865170556552963044e-01,-4.630000000000000226e-01,0.000000000000000000e+00
6.890197486535009075e-01,-4.630000000000000226e-01,0.000000000000000000e+00
6.915224416517056216e-01,-4.630000000000000226e-01,0.000000000000000000e+00
6.940251346499103358e-01,-4.630000000000000226e-01,0.000000000000000000e+00
6.965278276481149389e-01,-4.630000000000000226e-01,0.000000000000000000e+00
6.990305206463196530e-01,-4.630000000000000226e-01,0.000000000000000000e+00
7.015332136445242561e-01,-4.630000000000000226e-01,0.000000000000000000e+00
7.040359066427289703e-01,-4.630000000000000226e-01,0.000000000000000000e+00
7.065385996409335734e-01,-4.630000000000000226e-01,0.000000000000000000e+00
7.090412926391382875e-01,-4.630000000000000226e-01,0.000000000000000000e+00
7.115439856373428906e-01,-4.630000000000000226e-01,0.000000000000000000e+00
7.140466786355476048e-01,-4.630000000000000226e-01,0.000000000000000000e+00
7.165493716337523189e-01,-4.630000000000000226e-01,0.000000000000000000e+00
7.190520646319569220e-01,-4.630000000000000226e-01,0.000000000000000000e+00
7.215547576301616362e-01,-4.630000000000000226e-01,0.000000000000000000e+00
7.240574506283662393e-01,-4.630000000000000226e-01,0.000000000000000000e+00
7.265601436265709534e-01,-4.630000000000000226e-01,0.000000000000000000e+00
7.290628366247755565e-01,-4.630000000000000226e-01,0.000000000000000000e+00
7.315655296229802707e-01,-4.630000000000000226e-01,0.000000000000000000e+00
7.340682226211849848e-01,-4.630000000000000226e-01,0.000000000000000000e+00
7.365709156193895879e-01,-4.630000000000000226e-01,0.000000000000000000e+00
7.390736086175943020e-01,-4.630000000000000226e-01,0.000000000000000000e+00
7.415763016157989052e-01,-4.630000000000000226e-01,0.000000000000000000e+00
7.440789946140036193e-01,-4.630000000000000226e-01,0.000000000000000000e+00
7.465816876122083334e-01,-4.630000000000000226e-01,0.000000000000000000e+00
7.490843806104129365e-01,-4.630000000000000226e-01,0.000000000000000000e+00
7.515870736086176507e-01,-4.630000000000000226e-01,0.000000000000000000e+00
7.540897666068222538e-01,-4.630000000000000226e-01,0.000000000000000000e+00
7.565924596050269679e-01,-4.630000000000000226e-01,0.000000000000000000e+00
7.590951526032315710e-01,-4.630000000000000226e-01,0.000000000000000000e+00
7.615978456014362852e-01,-4.630000000000000226e-01,0.000000000000000000e+00
7.641005385996409993e-01,-4.630000000000000226e-01,0.000000000000000000e+00
7.666032315978456024e-01,-4.630000000000000226e-01,0.000000000000000000e+00
7.691059245960503166e-01,-4.630000000000000226e-01,0.000000000000000000e+00
7.716086175942549197e-01,-4.630000000000000226e-01,0.000000000000000000e+00
7.741113105924596338e-01,-4.630000000000000226e-01,0.000000000000000000e+00
7.766140035906643480e-01,-4.630000000000000226e-01,0.000000000000000000e+00
7.791166965888689511e-01,-4.630000000000000226e-01,0.000000000000000000e+00
7.816193895870736652e-01,-4.630000000000000226e-01,0.000000000000000000e+00
7.841220825852782683e-01,-4.630000000000000226e-01,0.000000000000000000e+00
7.866247755834829825e-01,-4.630000000000000226e-01,0.000000000000000000e+00
7.891274685816876966e-01,-4.630000000000000226e-01,0.000000000000000000e+00
7.916301615798922997e-01,-4.630000000000000226e-01,0.000000000000000000e+00
7.941328545780970138e-01,-4.630000000000000226e-01,0.000000000000000000e+00
7.966355475763016170e-01,-4.630000000000000226e-01,0.000000000000000000e+00
7.991382405745063311e-01,-4.630000000000000226e-01,0.000000000000000000e+00
8.016409335727109342e-01,-4.630000000000000226e-01,0.000000000000000000e+00
8.041436265709156483e-01,-4.630000000000000226e-01,0.000000000000000000e+00
8.066463195691203625e-01,-4.630000000000000226e-01,0.000000000000000000e+00
8.091490125673249656e-01,-4.630000000000000226e-01,0.000000000000000000e+00
8.116517055655296797e-01,-4.630000000000000226e-01,0.000000000000000000e+00
8.141543985637342828e-01,-4.630000000000000226e-01,0.000000000000000000e+00
8.166570915619389970e-01,-4.630000000000000226e-01,0.000000000000000000e+00
8.191597845601437111e-01,-4.630000000000000226e-01,0.000000000000000000e+00
8.216624775583483142e-01,-4.630000000000000226e-01,0.000000000000000000e+00
8.241651705565530284e-01,-4.630000000000000226e-01,0.000000000000000000e+00
8.266678635547576315e-01,-4.630000000000000226e-01,0.000000000000000000e+00
8.291705565529623456e-01,-4.630000000000000226e-01,0.000000000000000000e+00
8.316732495511669487e-01,-4.630000000000000226e-01,0.000000000000000000e+00
8.341759425493716629e-01,-4.630000000000000226e-01,0.000000000000000000e+00
8.366786355475763770e-01,-4.630000000000000226e-01,0.000000000000000000e+00
8.391813285457809801e-01,-4.630000000000000226e-01,0.000000000000000000e+00
8.416840215439856943e-01,-4.630000000000000226e-01,0.000000000000000000e+00
8.441867145421902974e-01,-4.630000000000000226e-01,0.000000000000000000e+00
8.466894075403950115e-01,-4.630000000000000226e-01,0.000000000000000000e+00
8.491921005385997256e-01,-4.630000000000000226e-01,0.000000000000000000e+00
8.516947935368043288e-01,-4.630000000000000226e-01,0.000000000000000000e+00
8.541974865350090429e-01,-4.630000000000000226e-01,0.000000000000000000e+00
8.567001795332136460e-01,-4.630000000000000226e-01,0.000000000000000000e+00
8.592028725314183601e-01,-4.630000000000000226e-01,0.000000000000000000e+00
8.617055655296230743e-01,-4.630000000000000226e-01,0.000000000000000000e+00
8.642082585278276774e-01,-4.630000000000000226e-01,0.000000000000000000e+00
8.667109515260323915e-01,-4.630000000000000226e-01,0.000000000000000000e+00
8.692136445242369946e-01,-4.630000000000000226e-01,0.000000000000000000e+00
8.717163375224417088e-01,-4.630000000000000226e-01,0.000000000000000000e+00
8.742190305206463119e-01,-4.630000000000000226e-01,0.000000000000000000e+00
8.767217235188510260e-01,-4.630000000000000226e-01,0.000000000000000000e+00
8.792244165170557402e-01,-4.630000000000000226e-01,0.000000000000000000e+00
8.817271095152603433e-01,-4.630000000000000226e-01,0.000000000000000000e+00
8.842298025134650574e-01,-4.630000000000000226e-01,0.000000000000000000e+00
8.867324955116696605e-01,-4.630000000000000226e-01,0.000000000000000000e+00
8.892351885098743747e-01,-4.630000000000000226e-01,0.000000000000000000e+00
8.917378815080790888e-01,-4.630000000000000226e-01,0.000000000000000000e+00
8.942405745062836919e-01,-4.630000000000000226e-01,0.000000000000000000e+00
8.967432675044884061e-01,-4.630000000000000226e-01,0.000000000000000000e+00
8.992459605026930092e-01,-4.630000000000000226e-01,0.000000000000000000e+00
9.017486535008977233e-01,-4.630000000000000226e-01,0.000000000000000000e+00
9.042513464991023264e-01,-4.630000000000000226e-01,0.000000000000000000e+00
9.067540394973070406e-01,-4.630000000000000226e-01,0.000000000000000000e+00
9.092567324955117547e-01,-4.630000000000000226e-01,0.000000000000000000e+00
9.117594254937163578e-01,-4.630000000000000226e-01,0.000000000000000000e+00
9.142621184919210719e-01,-4.630000000000000226e-01,0.000000000000000000e+00
9.167648114901256751e-01,-4.630000000000000226e-01,0.000000000000000000e+00
9.192675044883303892e-01,-4.630000000000000226e-01,0.000000000000000000e+00
9.217701974865351033e-01,-4.630000000000000226e-01,0.000000000000000000e+00
9.242728904847397065e-01,-4.630000000000000226e-01,0.000000000000000000e+00
9.267755834829444206e-01,-4.630000000000000226e-01,0.000000000000000000e+00
9.292782764811490237e-01,-4.630000000000000226e-01,0.000000000000000000e+00
9.317809694793537378e-01,-4.630000000000000226e-01,0.000000000000000000e+00
9.342836624775584520e-01,-4.630000000000000226e-01,0.000000000000000000e+00
9.367863554757630551e-01,-4.630000000000000226e-01,0.000000000000000000e+00
9.392890484739677692e-01,-4.630000000000000226e-01,0.000000000000000000e+00
9.417917414721723723e-01,-4.630000000000000226e-01,0.000000000000000000e+00
9.442944344703770865e-01,-4.630000000000000226e-01,0.000000000000000000e+00
9.467971274685816896e-01,-4.630000000000000226e-01,0.000000000000000000e+00
9.492998204667864037e-01,-4.630000000000000226e-01,0.000000000000000000e+00
9.518025134649911179e-01,-4.630000000000000226e-01,0.000000000000000000e+00
9.543052064631957210e-01,-4.630000000000000226e-01,0.000000000000000000e+00
9.568078994614004351e-01,-4.630000000000000226e-01,0.000000000000000000e+00
9.593105924596050382e-01,-4.630000000000000226e-01,0.000000000000000000e+00
9.618132854578097524e-01,-4.630000000000000226e-01,0.000000000000000000e+00
9.643159784560144665e-01,-4.630000000000000226e-01,0.000000000000000000e+00
9.668186714542190696e-01,-4.630000000000000226e-01,0.000000000000000000e+00
9.693213644524237838e-01,-4.630000000000000226e-01,0.000000000000000000e+00
9.718240574506283869e-01,-4.630000000000000226e-01,0.000000000000000000e+00
9.743267504488331010e-01,-4.630000000000000226e-01,0.000000000000000000e+00
9.768294434470377041e-01,-4.630000000000000226e-01,0.000000000000000000e+00
9.793321364452424183e-01,-4.630000000000000226e-01,0.000000000000000000e+00
9.818348294434471324e-01,-4.630000000000000226e-01,0.000000000000000000e+00
9.843375224416517355e-01,-4.630000000000000226e-01,0.000000000000000000e+00
9.868402154398564496e-01,-4.630000000000000226e-01,0.000000000000000000e+00
9.893429084380610528e-01,-4.630000000000000226e-01,0.000000000000000000e+00
9.918456014362657669e-01,-4.630000000000000226e-01,0.000000000000000000e+00
9.943482944344704810e-01,-4.630000000000000226e-01,0.000000000000000000e+00
9.968509874326750841e-01,-4.630000000000000226e-01,0.000000000000000000e+00
9.993536804308797983e-01,-4.630000000000000226e-01,0.000000000000000000e+00
1.001856373429084401e+00,-4.630000000000000226e-01,0.000000000000000000e+00
1.004359066427289227e+00,-4.630000000000000226e-01,0.000000000000000000e+00
1.006861759425493830e+00,-4.630000000000000226e-01,0.000000000000000000e+00
1.009364452423698433e+00,-4.630000000000000226e-01,0.000000000000000000e+00
1.011867145421903258e+00,-4.630000000000000226e-01,0.000000000000000000e+00
1.014369838420107861e+00,-4.630000000000000226e-01,0.000000000000000000e+00
1.016872531418312464e+00,-4.630000000000000226e-01,0.000000000000000000e+00
1.019375224416517067e+00,-4.630000000000000226e-01,0.000000000000000000e+00
1.021877917414721892e+00,-4.630000000000000226e-01,0.000000000000000000e+00
1.024380610412926496e+00,-4.630000000000000226e-01,0.000000000000000000e+00
1.026883303411131099e+00,-4.630000000000000226e-01,0.000000000000000000e+00
1.029385996409335924e+00,-4.630000000000000226e-01,0.000000000000000000e+00
1.031888689407540527e+00,-4.630000000000000226e-01,0.000000000000000000e+00
1.034391382405745130e+00,-4.630000000000000226e-01,0.000000000000000000e+00
1.036894075403949955e+00,-4.630000000000000226e-01,0.000000000000000000e+00
1.039396768402154558e+00,-4.630000000000000226e-01,0.000000000000000000e+00
1.041899461400359161e+00,-4.630000000000000226e-01,0.000000000000000000e+00
1.044402154398563765e+00,-4.630000000000000226e-01,0.000000000000000000e+00
1.046904847396768590e+00,-4.630000000000000226e-01,0.000000000000000000e+00
1.049407540394973193e+00,-4.630000000000000226e-01,0.000000000000000000e+00
1.051910233393177796e+00,-4.630000000000000226e-01,0.000000000000000000e+00
1.054412926391382621e+00,-4.630000000000000226e-01,0.000000000000000000e+00
1.056915619389587224e+00,-4.630000000000000226e-01,0.000000000000000000e+00
1.059418312387791827e+00,-4.630000000000000226e-01,0.000000000000000000e+00
1.061921005385996430e+00,-4.630000000000000226e-01,0.000000000000000000e+00
1.064423698384201256e+00,-4.630000000000000226e-01,0.000000000000000000e+00
1.066926391382405859e+00,-4.630000000000000226e-01,0.000000000000000000e+00
1.069429084380610462e+00,-4.630000000000000226e-01,0.000000000000000000e+00
1.071931777378815287e+00,-4.630000000000000226e-01,0.000000000000000000e+00
1.074434470377019890e+00,-4.630000000000000226e-01,0.000000000000000000e+00
1.076937163375224493e+00,-4.630000000000000226e-01,0.000000000000000000e+00
1.079439856373429096e+00,-4.630000000000000226e-01,0.000000000000000000e+00
1.081942549371633921e+00,-4.630000000000000226e-01,0.000000000000000000e+00
1.084445242369838525e+00,-4.630000000000000226e-01,0.000000000000000000e+00
1.086947935368043128e+00,-4.630000000000000226e-01,0.000000000000000000e+00
1.089450628366247953e+00,-4.630000000000000226e-01,0.000000000000000000e+00
1.091953321364452556e+00,-4.630000000000000226e-01,0.000000000000000000e+00
1.094456014362657159e+00,-4.630000000000000226e-01,0.000000000000000000e+00
1.096958707360861984e+00,-4.630000000000000226e-01,0.000000000000000000e+00
1.099461400359066587e+00,-4.630000000000000226e-01,0.000000000000000000e+00
1.101964093357271190e+00,-4.630000000000000226e-01,0.000000000000000000e+00
1.104466786355475794e+00,-4.630000000000000226e-01,0.000000000000000000e+00
1.106969479353680619e+00,-4.630000000000000226e-01,0.000000000000000000e+00
1.109472172351885222e+00,-4.630000000000000226e-01,0.000000000000000000e+00
1.111974865350089825e+00,-4.630000000000000226e-01,0.000000000000000000e+00
1.114477558348294650e+00,-4.630000000000000226e-01,0.000000000000000000e+00
1.116980251346499253e+00,-4.630000000000000226e-01,0.000000000000000000e+00
1.119482944344703856e+00,-4.630000000000000226e-01,0.000000000000000000e+00
1.121985637342908460e+00,-4.630000000000000226e-01,0.000000000000000000e+00
1.124488330341113285e+00,-4.630000000000000226e-01,0.000000000000000000e+00
1.126991023339317888e+00,-4.630000000000000226e-01,0.000000000000000000e+00
1.129493716337522491e+00,-4.630000000000000226e-01,0.000000000000000000e+00
1.131996409335727316e+00,-4.630000000000000226e-01,0.000000000000000000e+00
1.134499102333931919e+00,-4.630000000000000226e-01,0.000000000000000000e+00
1.137001795332136522e+00,-4.630000000000000226e-01,0.000000000000000000e+00
1.139504488330341347e+00,-4.630000000000000226e-01,0.000000000000000000e+00
1.142007181328545951e+00,-4.630000000000000226e-01,0.000000000000000000e+00
1.144509874326750554e+00,-4.630000000000000226e-01,0.000000000000000000e+00
1.147012567324955157e+00,-4.630000000000000226e-01,0.000000000000000000e+00
1.149515260323159982e+00,-4.630000000000000226e-01,0.000000000000000000e+00
1.152017953321364585e+00,-4.630000000000000226e-01,0.000000000000000000e+00
1.154520646319569188e+00,-4.630000000000000226e-01,0.000000000000000000e+00
1.157023339317774013e+00,-4.630000000000000226e-01,0.000000000000000000e+00
1.159526032315978616e+00,-4.630000000000000226e-01,0.000000000000000000e+00
1.162028725314183220e+00,-4.630000000000000226e-01,0.000000000000000000e+00
1.164531418312387823e+00,-4.630000000000000226e-01,0.000000000000000000e+00
1.167034111310592648e+00,-4.630000000000000226e-01,0.000000000000000000e+00
1.169536804308797251e+00,-4.630000000000000226e-01,0.000000000000000000e+00
1.172039497307001854e+00,-4.630000000000000226e-01,0.000000000000000000e+00
1.174542190305206679e+00,-4.630000000000000226e-01,0.000000000000000000e+00
1.177044883303411282e+00,-4.630000000000000226e-01,0.000000000000000000e+00
1.179547576301615885e+00,-4.630000000000000226e-01,0.000000000000000000e+00
1.182050269299820711e+00,-4.630000000000000226e-01,0.000000000000000000e+00
1.184552962298025314e+00,-4.630000000000000226e-01,0.000000000000000000e+00
1.187055655296229917e+00,-4.630000000000000226e-01,0.000000000000000000e+00
1.189558348294434520e+00,-4.630000000000000226e-01,0.000000000000000000e+00
1.192061041292639345e+00,-4.630000000000000226e-01,0.000000000000000000e+00
1.194563734290843948e+00,-4.630000000000000226e-01,0.000000000000000000e+00
1.197066427289048551e+00,-4.630000000000000226e-01,0.000000000000000000e+00
1.199569120287253376e+00,-4.630000000000000226e-01,0.000000000000000000e+00
1.202071813285457980e+00,-4.630000000000000226e-01,0.000000000000000000e+00
1.204574506283662583e+00,-4.630000000000000226e-01,0.000000000000000000e+00
1.207077199281867186e+00,-4.630000000000000226e-01,0.000000000000000000e+00
1.209579892280071789e+00,-4.630000000000000226e-01,0.000000000000000000e+00
1.212082585278276614e+00,-4.630000000000000226e-01,0.000000000000000000e+00
1.214585278276481217e+00,-4.630000000000000226e-01,0.000000000000000000e+00
1.217087971274685820e+00,-4.630000000000000226e-01,0.000000000000000000e+00
1.219590664272890645e+00,-4.630000000000000226e-01,0.000000000000000000e+00
1.222093357271095249e+00,-4.630000000000000226e-01,0.000000000000000000e+00
1.224596050269299852e+00,-4.630000000000000226e-01,0.000000000000000000e+00
1.227098743267504677e+00,-4.630000000000000226e-01,0.000000000000000000e+00
1.229601436265709280e+00,-4.630000000000000226e-01,0.000000000000000000e+00
1.232104129263913883e+00,-4.630000000000000226e-01,0.000000000000000000e+00
1.234606822262118486e+00,-4.630000000000000226e-01,0.000000000000000000e+00
1.237109515260323311e+00,-4.630000000000000226e-01,0.000000000000000000e+00
1.239612208258527914e+00,-4.630000000000000226e-01,0.000000000000000000e+00
1.242114901256732518e+00,-4.630000000000000226e-01,0.000000000000000000e+00
1.244617594254937343e+00,-4.630000000000000226e-01,0.000000000000000000e+00
1.247120287253141946e+00,-4.630000000000000226e-01,0.000000000000000000e+00
1.249622980251346549e+00,-4.630000000000000226e-01,0.000000000000000000e+00
1.252125673249551152e+00,-4.630000000000000226e-01,0.000000000000000000e+00
1.254628366247755977e+00,-4.630000000000000226e-01,0.000000000000000000e+00
1.257131059245960580e+00,-4.630000000000000226e-01,0.000000000000000000e+00
1.259633752244165183e+00,-4.630000000000000226e-01,0.000000000000000000e+00
1.262136445242370009e+00,-4.630000000000000226e-01,0.000000000000000000e+00
1.264639138240574612e+00,-4.630000000000000226e-01,0.000000000000000000e+00
1.267141831238779215e+00,-4.630000000000000226e-01,0.000000000000000000e+00
1.269644524236984040e+00,-4.630000000000000226e-01,0.000000000000000000e+00
1.272147217235188643e+00,-4.630000000000000226e-01,0.000000000000000000e+00
1.274649910233393246e+00,-4.630000000000000226e-01,0.000000000000000000e+00
1.277152603231597849e+00,-4.630000000000000226e-01,0.000000000000000000e+00
1.279655296229802675e+00,-4.630000000000000226e-01,0.000000000000000000e+00
1.282157989228007278e+00,-4.630000000000000226e-01,0.000000000000000000e+00
1.284660682226211881e+00,-4.630000000000000226e-01,0.000000000000000000e+00
1.287163375224416706e+00,-4.630000000000000226e-01,0.000000000000000000e+00
1.289666068222621309e+00,-4.630000000000000226e-01,0.000000000000000000e+00
1.292168761220825912e+00,-4.630000000000000226e-01,0.000000000000000000e+00
1.294671454219030515e+00,-4.630000000000000226e-01,0.000000000000000000e+00
1.297174147217235340e+00,-4.630000000000000226e-01,0.000000000000000000e+00
1.299676840215439944e+00,-4.630000000000000226e-01,0.000000000000000000e+00
1.302179533213644547e+00,-4.630000000000000226e-01,0.000000000000000000e+00
1.304682226211849372e+00,-4.630000000000000226e-01,0.000000000000000000e+00
1.307184919210053975e+00,-4.630000000000000226e-01,0.000000000000000000e+00
1.309687612208258578e+00,-4.630000000000000226e-01,0.000000000000000000e+00
1.312190305206463181e+00,-4.630000000000000226e-01,0.000000000000000000e+00
1.314692998204668006e+00,-4.630000000000000226e-01,0.000000000000000000e+00
1.317195691202872609e+00,-4.630000000000000226e-01,0.000000000000000000e+00
1.319698384201077213e+00,-4.630000000000000226e-01,0.000000000000000000e+00
1.322201077199282038e+00,-4.630000000000000226e-01,0.000000000000000000e+00
1.324703770197486641e+00,-4.630000000000000226e-01,0.000000000000000000e+00
1.327206463195691244e+00,-4.630000000000000226e-01,0.000000000000000000e+00
1.329709156193896069e+00,-4.630000000000000226e-01,0.000000000000000000e+00
1.332211849192100672e+00,-4.630000000000000226e-01,0.000000000000000000e+00
1.334714542190305275e+00,-4.630000000000000226e-01,0.000000000000000000e+00
1.337217235188509878e+00,-4.630000000000000226e-01,0.000000000000000000e+00
1.339719928186714704e+00,-4.630000000000000226e-01,0.000000000000000000e+00
1.342222621184919307e+00,-4.630000000000000226e-01,0.000000000000000000e+00
1.344725314183123910e+00,-4.630000000000000226e-01,0.000000000000000000e+00
1.347228007181328735e+00,-4.630000000000000226e-01,0.000000000000000000e+00
1.349730700179533338e+00,-4.630000000000000226e-01,0.000000000000000000e+00
1.352233393177737941e+00,-4.630000000000000226e-01,0.000000000000000000e+00
1.354736086175942544e+00,-4.630000000000000226e-01,0.000000000000000000e+00
1.357238779174147369e+00,-4.630000000000000226e-01,0.000000000000000000e+00
1.359741472172351973e+00,-4.630000000000000226e-01,0.000000000000000000e+00
1.362244165170556576e+00,-4.630000000000000226e-01,0.000000000000000000e+00
1.364746858168761401e+00,-4.630000000000000226e-01,0.000000000000000000e+00
1.367249551166966004e+00,-4.630000000000000226e-01,0.000000000000000000e+00
1.369752244165170607e+00,-4.630000000000000226e-01,0.000000000000000000e+00
1.372254937163375432e+00,-4.630000000000000226e-01,0.000000000000000000e+00
1.374757630161580035e+00,-4.630000000000000226e-01,0.000000000000000000e+00
1.377260323159784638e+00,-4.630000000000000226e-01,0.000000000000000000e+00
1.379763016157989242e+00,-4.630000000000000226e-01,0.000000000000000000e+00
1.382265709156194067e+00,-4.630000000000000226e-01,0.000000000000000000e+00
1.384768402154398670e+00,-4.630000000000000226e-01,0.000000000000000000e+00
1.387271095152603273e+00,-4.630000000000000226e-01,0.000000000000000000e+00
1.389773788150808098e+00,-4.630000000000000226e-01,0.000000000000000000e+00
1.392276481149012701e+00,-4.630000000000000226e-01,0.000000000000000000e+00
1.394779174147217304e+00,-4.630000000000000226e-01,0.000000000000000000e+00
1.397281867145421907e+00,-4.630000000000000226e-01,0.000000000000000000e+00
1.399784560143626733e+00,-4.630000000000000226e-01,0.000000000000000000e+00
1.402287253141831336e+00,-4.630000000000000226e-01,0.000000000000000000e+00
1.404789946140035939e+00,-4.630000000000000226e-01,0.000000000000000000e+00
1.407292639138240764e+00,-4.630000000000000226e-01,0.000000000000000000e+00
1.409795332136445367e+00,-4.630000000000000226e-01,0.000000000000000000e+00
1.412298025134649970e+00,-4.630000000000000226e-01,0.000000000000000000e+00
1.414800718132854795e+00,-4.630000000000000226e-01,0.000000000000000000e+00
1.417303411131059399e+00,-4.630000000000000226e-01,0.000000000000000000e+00
1.419806104129264002e+00,-4.630000000000000226e-01,0.000000000000000000e+00
1.422308797127468605e+00,-4.630000000000000226e-01,0.000000000000000000e+00
1.424811490125673430e+00,-4.630000000000000226e-01,0.000000000000000000e+00
1.427314183123878033e+00,-4.630000000000000226e-01,0.000000000000000000e+00
1.429816876122082636e+00,-4.630000000000000226e-01,0.000000000000000000e+00
1.432319569120287461e+00,-4.630000000000000226e-01,0.000000000000000000e+00
1.434822262118492064e+00,-4.630000000000000226e-01,0.000000000000000000e+00
1.437324955116696668e+00,-4.630000000000000226e-01,0.000000000000000000e+00
1.439827648114901271e+00,-4.630000000000000226e-01,0.000000000000000000e+00
1.442330341113106096e+00,-4.630000000000000226e-01,0.000000000000000000e+00
1.444833034111310699e+00,-4.630000000000000226e-01,0.000000000000000000e+00
1.447335727109515302e+00,-4.630000000000000226e-01,0.000000000000000000e+00
1.449838420107720127e+00,-4.630000000000000226e-01,0.000000000000000000e+00
1.452341113105924730e+00,-4.630000000000000226e-01,0.000000000000000000e+00
1.454843806104129333e+00,-4.630000000000000226e-01,0.000000000000000000e+00
1.457346499102333937e+00,-4.630000000000000226e-01,0.000000000000000000e+00
1.459849192100538762e+00,-4.630000000000000226e-01,0.000000000000000000e+00
1.462351885098743365e+00,-4.630000000000000226e-01,0.000000000000000000e+00
1.464854578096947968e+00,-4.630000000000000226e-01,0.000000000000000000e+00
1.467357271095152793e+00,-4.630000000000000226e-01,0.000000000000000000e+00
1.469859964093357396e+00,-4.630000000000000226e-01,0.000000000000000000e+00
1.472362657091561999e+00,-4.630000000000000226e-01,0.000000000000000000e+00
1.474865350089766824e+00,-4.630000000000000226e-01,0.000000000000000000e+00
1.477368043087971428e+00,-4.630000000000000226e-01,0.000000000000000000e+00
1.479870736086176031e+00,-4.630000000000000226e-01,0.000000000000000000e+00
1.482373429084380634e+00,-4.630000000000000226e-01,0.000000000000000000e+00
1.484876122082585459e+00,-4.630000000000000226e-01,0.000000000000000000e+00
1.487378815080790062e+00,-4.630000000000000226e-01,0.000000000000000000e+00
1.489881508078994665e+00,-4.630000000000000226e-01,0.000000000000000000e+00
1.492384201077199490e+00,-4.630000000000000226e-01,0.000000000000000000e+00
1.494886894075404093e+00,-4.630000000000000226e-01,0.000000000000000000e+00
1.497389587073608697e+00,-4.630000000000000226e-01,0.000000000000000000e+00
1.499892280071813300e+00,-4.630000000000000226e-01,0.000000000000000000e+00
1.502394973070018125e+00,-4.630000000000000226e-01,0.000000000000000000e+00
1.504897666068222728e+00,-4.630000000000000226e-01,0.000000000000000000e+00
1.507400359066427331e+00,-4.630000000000000226e-01,0.000000000000000000e+00
1.509903052064632156e+00,-4.630000000000000226e-01,0.000000000000000000e+00
1.512405745062836759e+00,-4.630000000000000226e-01,0.000000000000000000e+00
1.514908438061041362e+00,-4.630000000000000226e-01,0.000000000000000000e+00
1.517411131059246188e+00,-4.630000000000000226e-01,0.000000000000000000e+00
1.519913824057450791e+00,-4.630000000000000226e-01,0.000000000000000000e+00
1.522416517055655394e+00,-4.630000000000000226e-01,0.000000000000000000e+00
1.524919210053859997e+00,-4.630000000000000226e-01,0.000000000000000000e+00
1.527421903052064822e+00,-4.630000000000000226e-01,0.000000000000000000e+00
1.529924596050269425e+00,-4.630000000000000226e-01,0.000000000000000000e+00
1.532427289048474028e+00,-4.630000000000000226e-01,0.000000000000000000e+00
1.534929982046678854e+00,-4.630000000000000226e-01,0.000000000000000000e+00
1.537432675044883457e+00,-4.630000000000000226e-01,0.000000000000000000e+00
1.539935368043088060e+00,-4.630000000000000226e-01,0.000000000000000000e+00
1.542438061041292663e+00,-4.630000000000000226e-01,0.000000000000000000e+00
1.544940754039497488e+00,-4.630000000000000226e-01,0.000000000000000000e+00
1.547443447037702091e+00,-4.630000000000000226e-01,0.000000000000000000e+00
1.549946140035906694e+00,-4.630000000000000226e-01,0.000000000000000000e+00
1.552448833034111519e+00,-4.630000000000000226e-01,0.000000000000000000e+00
1.554951526032316123e+00,-4.630000000000000226e-01,0.000000000000000000e+00
1.557454219030520726e+00,-4.630000000000000226e-01,0.000000000000000000e+00
1.559956912028725329e+00,-4.630000000000000226e-01,0.000000000000000000e+00
1.562459605026930154e+00,-4.630000000000000226e-01,0.000000000000000000e+00
1.564962298025134757e+00,-4.630000000000000226e-01,0.000000000000000000e+00
1.567464991023339360e+00,-4.630000000000000226e-01,0.000000000000000000e+00
1.569967684021544185e+00,-4.630000000000000226e-01,0.000000000000000000e+00
1.572470377019748788e+00,-4.630000000000000226e-01,0.000000000000000000e+00
1.574973070017953392e+00,-4.630000000000000226e-01,0.000000000000000000e+00
1.577475763016158217e+00,-4.630000000000000226e-01,0.000000000000000000e+00
1.579978456014362820e+00,-4.630000000000000226e-01,0.000000000000000000e+00
1.582481149012567423e+00,-4.630000000000000226e-01,0.000000000000000000e+00
1.584983842010772026e+00,-4.630000000000000226e-01,0.000000000000000000e+00
1.587486535008976851e+00,-4.630000000000000226e-01,0.000000000000000000e+00
1.589989228007181454e+00,-4.630000000000000226e-01,0.000000000000000000e+00
1.592491921005386057e+00,-4.630000000000000226e-01,0.000000000000000000e+00
1.594994614003590883e+00,-4.630000000000000226e-01,0.000000000000000000e+00
1.597497307001795486e+00,-4.630000000000000226e-01,0.000000000000000000e+00
