-1.600000000000000089e+00,-4.309999999999999942e-01,0.000000000000000000e+00
-1.597494214876033158e+00,-4.309999999999999942e-01,0.000000000000000000e+00
-1.594988429752066228e+00,-4.309999999999999942e-01,0.000000000000000000e+00
-1.592482644628099298e+00,-4.309999999999999942e-01,0.000000000000000000e+00
-1.589976859504132367e+00,-4.309999999999999942e-01,0.000000000000000000e+00
-1.587471074380165437e+00,-4.309999999999999942e-01,0.000000000000000000e+00
-1.584965289256198506e+00,-4.309999999999999942e-01,0.000000000000000000e+00
-1.582459504132231576e+00,-4.309999999999999942e-01,0.000000000000000000e+00
-1.579953719008264645e+00,-4.309999999999999942e-01,0.000000000000000000e+00
-1.577447933884297715e+00,-4.309999999999999942e-01,0.000000000000000000e+00
-1.574942148760330562e+00,-4.309999999999999942e-01,0.000000000000000000e+00
-1.572436363636363632e+00,-4.309999999999999942e-01,0.000000000000000000e+00
-1.569930578512396702e+00,-4.309999999999999942e-01,0.000000000000000000e+00
-1.567424793388429771e+00,-4.309999999999999942e-01,0.000000000000000000e+00
-1.564919008264462841e+00,-4.309999999999999942e-01,0.000000000000000000e+00
-1.562413223140495910e+00,-4.309999999999999942e-01,0.000000000000000000e+00
-1.559907438016528980e+00,-4.309999999999999942e-01,0.000000000000000000e+00
-1.557401652892562050e+00,-4.309999999999999942e-01,0.000000000000000000e+00
-1.554895867768595119e+00,-4.309999999999999942e-01,0.000000000000000000e+00
-1.552390082644628189e+00,-4.309999999999999942e-01,0.000000000000000000e+00
-1.549884297520661258e+00,-4.309999999999999942e-01,0.000000000000000000e+00
-1.547378512396694328e+00,-4.309999999999999942e-01,0.000000000000000000e+00
-1.544872727272727397e+00,-4.309999999999999942e-01,0.000000000000000000e+00
-1.542366942148760467e+00,-4.309999999999999942e-01,0.000000000000000000e+00
-1.539861157024793537e+00,-4.309999999999999942e-01,0.000000000000000000e+00
-1.537355371900826606e+00,-4.309999999999999942e-01,0.000000000000000000e+00
-1.534849586776859676e+00,-4.309999999999999942e-01,0.000000000000000000e+00
-1.532343801652892745e+00,-4.309999999999999942e-01,0.000000000000000000e+00
-1.529838016528925593e+00,-4.309999999999999942e-01,0.000000000000000000e+00
-1.527332231404958662e+00,-4.309999999999999942e-01,0.000000000000000000e+00
-1.524826446280991732e+00,-4.309999999999999942e-01,0.000000000000000000e+00
-1.522320661157024801e+00,-4.309999999999999942e-01,0.000000000000000000e+00
-1.519814876033057871e+00,-4.309999999999999942e-01,0.000000000000000000e+00
-1.517309090909090941e+00,-4.309999999999999942e-01,0.000000000000000000e+00
-1.514803305785124010e+00,-4.309999999999999942e-01,0.000000000000000000e+00
-1.512297520661157080e+00,-4.309999999999999942e-01,0.000000000000000000e+00
-1.509791735537190149e+00,-4.309999999999999942e-01,0.000000000000000000e+00
-1.507285950413223219e+00,-4.309999999999999942e-01,0.000000000000000000e+00
-1.504780165289256288e+00,-4.309999999999999942e-01,0.000000000000000000e+00
-1.502274380165289358e+00,-4.309999999999999942e-01,0.000000000000000000e+00
-1.499768595041322428e+00,-4.309999999999999942e-01,0.000000000000000000e+00
-1.497262809917355497e+00,-4.309999999999999942e-01,0.000000000000000000e+00
-1.494757024793388567e+00,-4.309999999999999942e-01,0.000000000000000000e+00
-1.492251239669421636e+00,-4.309999999999999942e-01,0.000000000000000000e+00
-1.489745454545454706e+00,-4.309999999999999942e-01,0.000000000000000000e+00
-1.487239669421487775e+00,-4.309999999999999942e-01,0.000000000000000000e+00
-1.484733884297520845e+00,-4.309999999999999942e-01,0.000000000000000000e+00
-1.482228099173553915e+00,-4.309999999999999942e-01,0.000000000000000000e+00
-1.479722314049586984e+00,-4.309999999999999942e-01,0.000000000000000000e+00
-1.477216528925619832e+00,-4.309999999999999942e-01,0.000000000000000000e+00
-1.474710743801652901e+00,-4.309999999999999942e-01,0.000000000000000000e+00
-1.472204958677685971e+00,-4.309999999999999942e-01,0.000000000000000000e+00
-1.469699173553719040e+00,-4.309999999999999942e-01,0.000000000000000000e+00
-1.467193388429752110e+00,-4.309999999999999942e-01,0.000000000000000000e+00
-1.464687603305785180e+00,-4.309999999999999942e-01,0.000000000000000000e+00
-1.462181818181818249e+00,-4.309999999999999942e-01,0.000000000000000000e+00
-1.459676033057851319e+00,-4.309999999999999942e-01,0.000000000000000000e+00
-1.457170247933884388e+00,-4.309999999999999942e-01,0.000000000000000000e+00
-1.454664462809917458e+00,-4.309999999999999942e-01,0.000000000000000000e+00
-1.452158677685950527e+00,-4.309999999999999942e-01,0.000000000000000000e+00
-1.449652892561983597e+00,-4.309999999999999942e-01,0.000000000000000000e+00
-1.447147107438016667e+00,-4.309999999999999942e-01,0.000000000000000000e+00
-1.444641322314049736e+00,-4.309999999999999942e-01,0.000000000000000000e+00
-1.442135537190082806e+00,-4.309999999999999942e-01,0.000000000000000000e+00
-1.439629752066115875e+00,-4.309999999999999942e-01,0.000000000000000000e+00
-1.437123966942148945e+00,-4.309999999999999942e-01,0.000000000000000000e+00
-1.434618181818181792e+00,-4.309999999999999942e-01,0.000000000000000000e+00
-1.432112396694214862e+00,-4.309999999999999942e-01,0.000000000000000000e+00
-1.429606611570247932e+00,-4.309999999999999942e-01,0.000000000000000000e+00
-1.427100826446281001e+00,-4.309999999999999942e-01,0.000000000000000000e+00
-1.424595041322314071e+00,-4.309999999999999942e-01,0.000000000000000000e+00
-1.422089256198347140e+00,-4.309999999999999942e-01,0.000000000000000000e+00
-1.419583471074380210e+00,-4.309999999999999942e-01,0.000000000000000000e+00
-1.417077685950413279e+00,-4.309999999999999942e-01,0.000000000000000000e+00
-1.414571900826446349e+00,-4.309999999999999942e-01,0.000000000000000000e+00
-1.412066115702479419e+00,-4.309999999999999942e-01,0.000000000000000000e+00
-1.409560330578512488e+00,-4.309999999999999942e-01,0.000000000000000000e+00
-1.407054545454545558e+00,-4.309999999999999942e-01,0.000000000000000000e+00
-1.404548760330578627e+00,-4.309999999999999942e-01,0.000000000000000000e+00
-1.402042975206611697e+00,-4.309999999999999942e-01,0.000000000000000000e+00
-1.399537190082644766e+00,-4.309999999999999942e-01,0.000000000000000000e+00
-1.397031404958677836e+00,-4.309999999999999942e-01,0.000000000000000000e+00
-1.394525619834710906e+00,-4.309999999999999942e-01,0.000000000000000000e+00
-1.392019834710743975e+00,-4.309999999999999942e-01,0.000000000000000000e+00
-1.389514049586777045e+00,-4.309999999999999942e-01,0.000000000000000000e+00
-1.387008264462810114e+00,-4.309999999999999942e-01,0.000000000000000000e+00
-1.384502479338843184e+00,-4.309999999999999942e-01,0.000000000000000000e+00
-1.381996694214876031e+00,-4.309999999999999942e-01,0.000000000000000000e+00
-1.379490909090909101e+00,-4.309999999999999942e-01,0.000000000000000000e+00
-1.376985123966942171e+00,-4.309999999999999942e-01,0.000000000000000000e+00
-1.374479338842975240e+00,-4.309999999999999942e-01,0.000000000000000000e+00
-1.371973553719008310e+00,-4.309999999999999942e-01,0.000000000000000000e+00
-1.369467768595041379e+00,-4.309999999999999942e-01,0.000000000000000000e+00
-1.366961983471074449e+00,-4.309999999999999942e-01,0.000000000000000000e+00
-1.364456198347107518e+00,-4.309999999999999942e-01,0.000000000000000000e+00
-1.361950413223140588e+00,-4.309999999999999942e-01,0.000000000000000000e+00
-1.359444628099173658e+00,-4.309999999999999942e-01,0.000000000000000000e+00
-1.356938842975206727e+00,-4.309999999999999942e-01,0.000000000000000000e+00
-1.354433057851239797e+00,-4.309999999999999942e-01,0.000000000000000000e+00
-1.351927272727272866e+00,-4.309999999999999942e-01,0.000000000000000000e+00
-1.349421487603305936e+00,-4.309999999999999942e-01,0.000000000000000000e+00
-1.346915702479339005e+00,-4.309999999999999942e-01,0.000000000000000000e+00
-1.344409917355371853e+00,-4.309999999999999942e-01,0.000000000000000000e+00
-1.341904132231404922e+00,-4.309999999999999942e-01,0.000000000000000000e+00
-1.339398347107437992e+00,-4.309999999999999942e-01,0.000000000000000000e+00
-1.336892561983471062e+00,-4.309999999999999942e-01,0.000000000000000000e+00
-1.334386776859504131e+00,-4.309999999999999942e-01,0.000000000000000000e+00
-1.331880991735537201e+00,-4.309999999999999942e-01,0.000000000000000000e+00
-1.329375206611570270e+00,-4.309999999999999942e-01,0.000000000000000000e+00
-1.326869421487603340e+00,-4.309999999999999942e-01,0.000000000000000000e+00
-1.324363636363636409e+00,-4.309999999999999942e-01,0.000000000000000000e+00
-1.321857851239669479e+00,-4.309999999999999942e-01,0.000000000000000000e+00
-1.319352066115702549e+00,-4.309999999999999942e-01,0.000000000000000000e+00
-1.316846280991735618e+00,-4.309999999999999942e-01,0.000000000000000000e+00
-1.314340495867768688e+00,-4.309999999999999942e-01,0.000000000000000000e+00
-1.311834710743801757e+00,-4.309999999999999942e-01,0.000000000000000000e+00
-1.309328925619834827e+00,-4.309999999999999942e-01,0.000000000000000000e+00
-1.306823140495867897e+00,-4.309999999999999942e-01,0.000000000000000000e+00
-1.304317355371900966e+00,-4.309999999999999942e-01,0.000000000000000000e+00
-1.301811570247934036e+00,-4.309999999999999942e-01,0.000000000000000000e+00
-1.299305785123967105e+00,-4.309999999999999942e-01,0.000000000000000000e+00
-1.296800000000000175e+00,-4.309999999999999942e-01,0.000000000000000000e+00
-1.294294214876033244e+00,-4.309999999999999942e-01,0.000000000000000000e+00
-1.291788429752066314e+00,-4.309999999999999942e-01,0.000000000000000000e+00
-1.289282644628099384e+00,-4.309999999999999942e-01,0.000000000000000000e+00
-1.286776859504132453e+00,-4.309999999999999942e-01,0.000000000000000000e+00
-1.284271074380165301e+00,-4.309999999999999942e-01,0.000000000000000000e+00
-1.281765289256198370e+00,-4.309999999999999942e-01,0.000000000000000000e+00
-1.279259504132231440e+00,-4.309999999999999942e-01,0.000000000000000000e+00
-1.276753719008264509e+00,-4.309999999999999942e-01,0.000000000000000000e+00
-1.274247933884297579e+00,-4.309999999999999942e-01,0.000000000000000000e+00
-1.271742148760330648e+00,-4.309999999999999942e-01,0.000000000000000000e+00
-1.269236363636363718e+00,-4.309999999999999942e-01,0.000000000000000000e+00
-1.266730578512396788e+00,-4.309999999999999942e-01,0.000000000000000000e+00
-1.264224793388429857e+00,-4.309999999999999942e-01,0.000000000000000000e+00
-1.261719008264462927e+00,-4.309999999999999942e-01,0.000000000000000000e+00
-1.259213223140495996e+00,-4.309999999999999942e-01,0.000000000000000000e+00
-1.256707438016529066e+00,-4.309999999999999942e-01,0.000000000000000000e+00
-1.254201652892562135e+00,-4.309999999999999942e-01,0.000000000000000000e+00
-1.251695867768595205e+00,-4.309999999999999942e-01,0.000000000000000000e+00
-1.249190082644628053e+00,-4.309999999999999942e-01,0.000000000000000000e+00
-1.246684297520661122e+00,-4.309999999999999942e-01,0.000000000000000000e+00
-1.244178512396694192e+00,-4.309999999999999942e-01,0.000000000000000000e+00
-1.241672727272727261e+00,-4.309999999999999942e-01,0.000000000000000000e+00
-1.239166942148760331e+00,-4.309999999999999942e-01,0.000000000000000000e+00
-1.236661157024793400e+00,-4.309999999999999942e-01,0.000000000000000000e+00
-1.234155371900826470e+00,-4.309999999999999942e-01,0.000000000000000000e+00
-1.231649586776859540e+00,-4.309999999999999942e-01,0.000000000000000000e+00
-1.229143801652892609e+00,-4.309999999999999942e-01,0.000000000000000000e+00
-1.226638016528925679e+00,-4.309999999999999942e-01,0.000000000000000000e+00
-1.224132231404958748e+00,-4.309999999999999942e-01,0.000000000000000000e+00
-1.221626446280991818e+00,-4.309999999999999942e-01,0.000000000000000000e+00
-1.219120661157024887e+00,-4.309999999999999942e-01,0.000000000000000000e+00
-1.216614876033057957e+00,-4.309999999999999942e-01,0.000000000000000000e+00
-1.214109090909091027e+00,-4.309999999999999942e-01,0.000000000000000000e+00
-1.211603305785124096e+00,-4.309999999999999942e-01,0.000000000000000000e+00
-1.209097520661157166e+00,-4.309999999999999942e-01,0.000000000000000000e+00
-1.206591735537190235e+00,-4.309999999999999942e-01,0.000000000000000000e+00
-1.204085950413223305e+00,-4.309999999999999942e-01,0.000000000000000000e+00
-1.201580165289256374e+00,-4.309999999999999942e-01,0.000000000000000000e+00
-1.199074380165289444e+00,-4.309999999999999942e-01,0.000000000000000000e+00
-1.196568595041322514e+00,-4.309999999999999942e-01,0.000000000000000000e+00
-1.194062809917355583e+00,-4.309999999999999942e-01,0.000000000000000000e+00
-1.191557024793388653e+00,-4.309999999999999942e-01,0.000000000000000000e+00
-1.189051239669421500e+00,-4.309999999999999942e-01,0.000000000000000000e+00
-1.186545454545454570e+00,-4.309999999999999942e-01,0.000000000000000000e+00
-1.184039669421487639e+00,-4.309999999999999942e-01,0.000000000000000000e+00
-1.181533884297520709e+00,-4.309999999999999942e-01,0.000000000000000000e+00
-1.179028099173553779e+00,-4.309999999999999942e-01,0.000000000000000000e+00
-1.176522314049586848e+00,-4.309999999999999942e-01,0.000000000000000000e+00
-1.174016528925619918e+00,-4.309999999999999942e-01,0.000000000000000000e+00
-1.171510743801652987e+00,-4.309999999999999942e-01,0.000000000000000000e+00
-1.169004958677686057e+00,-4.309999999999999942e-01,0.000000000000000000e+00
-1.166499173553719126e+00,-4.309999999999999942e-01,0.000000000000000000e+00
-1.163993388429752196e+00,-4.309999999999999942e-01,0.000000000000000000e+00
-1.161487603305785266e+00,-4.309999999999999942e-01,0.000000000000000000e+00
-1.158981818181818335e+00,-4.309999999999999942e-01,0.000000000000000000e+00
-1.156476033057851405e+00,-4.309999999999999942e-01,0.000000000000000000e+00
-1.153970247933884252e+00,-4.309999999999999942e-01,0.000000000000000000e+00
-1.151464462809917322e+00,-4.309999999999999942e-01,0.000000000000000000e+00
-1.148958677685950391e+00,-4.309999999999999942e-01,0.000000000000000000e+00
-1.146452892561983461e+00,-4.309999999999999942e-01,0.000000000000000000e+00
-1.143947107438016531e+00,-4.309999999999999942e-01,0.000000000000000000e+00
-1.141441322314049600e+00,-4.309999999999999942e-01,0.000000000000000000e+00
-1.138935537190082670e+00,-4.309999999999999942e-01,0.000000000000000000e+00
-1.136429752066115739e+00,-4.309999999999999942e-01,0.000000000000000000e+00
-1.133923966942148809e+00,-4.309999999999999942e-01,0.000000000000000000e+00
-1.131418181818181878e+00,-4.309999999999999942e-01,0.000000000000000000e+00
-1.128912396694214948e+00,-4.309999999999999942e-01,0.000000000000000000e+00
-1.126406611570248018e+00,-4.309999999999999942e-01,0.000000000000000000e+00
-1.123900826446281087e+00,-4.309999999999999942e-01,0.000000000000000000e+00
-1.121395041322314157e+00,-4.309999999999999942e-01,0.000000000000000000e+00
-1.118889256198347226e+00,-4.309999999999999942e-01,0.000000000000000000e+00
-1.116383471074380296e+00,-4.309999999999999942e-01,0.000000000000000000e+00
-1.113877685950413365e+00,-4.309999999999999942e-01,0.000000000000000000e+00
-1.111371900826446435e+00,-4.309999999999999942e-01,0.000000000000000000e+00
-1.108866115702479505e+00,-4.309999999999999942e-01,0.000000000000000000e+00
-1.106360330578512574e+00,-4.309999999999999942e-01,0.000000000000000000e+00
-1.103854545454545644e+00,-4.309999999999999942e-01,0.000000000000000000e+00
-1.101348760330578713e+00,-4.309999999999999942e-01,0.000000000000000000e+00
-1.098842975206611783e+00,-4.309999999999999942e-01,0.000000000000000000e+00
-1.096337190082644852e+00,-4.309999999999999942e-01,0.000000000000000000e+00
-1.093831404958677922e+00,-4.309999999999999942e-01,0.000000000000000000e+00
-1.091325619834710992e+00,-4.309999999999999942e-01,0.000000000000000000e+00
-1.088819834710743839e+00,-4.309999999999999942e-01,0.000000000000000000e+00
-1.086314049586776909e+00,-4.309999999999999942e-01,0.000000000000000000e+00
-1.083808264462809978e+00,-4.309999999999999942e-01,0.000000000000000000e+00
-1.081302479338843048e+00,-4.309999999999999942e-01,0.000000000000000000e+00
-1.078796694214876117e+00,-4.309999999999999942e-01,0.000000000000000000e+00
-1.076290909090909187e+00,-4.309999999999999942e-01,0.000000000000000000e+00
-1.073785123966942257e+00,-4.309999999999999942e-01,0.000000000000000000e+00
-1.071279338842975326e+00,-4.309999999999999942e-01,0.000000000000000000e+00
-1.068773553719008396e+00,-4.309999999999999942e-01,0.000000000000000000e+00
-1.066267768595041465e+00,-4.309999999999999942e-01,0.000000000000000000e+00
-1.063761983471074313e+00,-4.309999999999999942e-01,0.000000000000000000e+00
-1.061256198347107382e+00,-4.309999999999999942e-01,0.000000000000000000e+00
-1.058750413223140452e+00,-4.309999999999999942e-01,0.000000000000000000e+00
-1.056244628099173521e+00,-4.309999999999999942e-01,0.000000000000000000e+00
-1.053738842975206591e+00,-4.309999999999999942e-01,0.000000000000000000e+00
-1.051233057851239661e+00,-4.309999999999999942e-01,0.000000000000000000e+00
-1.048727272727272730e+00,-4.309999999999999942e-01,0.000000000000000000e+00
-1.046221487603305800e+00,-4.309999999999999942e-01,0.000000000000000000e+00
-1.043715702479338869e+00,-4.309999999999999942e-01,0.000000000000000000e+00
-1.041209917355371939e+00,-4.309999999999999942e-01,0.000000000000000000e+00
-1.038704132231405008e+00,-4.309999999999999942e-01,0.000000000000000000e+00
-1.036198347107438078e+00,-4.309999999999999942e-01,0.000000000000000000e+00
-1.033692561983471148e+00,-4.309999999999999942e-01,0.000000000000000000e+00
-1.031186776859504217e+00,-4.309999999999999942e-01,0.000000000000000000e+00
-1.028680991735537287e+00,-4.309999999999999942e-01,0.000000000000000000e+00
-1.026175206611570356e+00,-4.309999999999999942e-01,0.000000000000000000e+00
-1.023669421487603426e+00,-4.309999999999999942e-01,0.000000000000000000e+00
-1.021163636363636495e+00,-4.309999999999999942e-01,0.000000000000000000e+00
-1.018657851239669565e+00,-4.309999999999999942e-01,0.000000000000000000e+00
-1.016152066115702635e+00,-4.309999999999999942e-01,0.000000000000000000e+00
-1.013646280991735704e+00,-4.309999999999999942e-01,0.000000000000000000e+00
-1.011140495867768774e+00,-4.309999999999999942e-01,0.000000000000000000e+00
-1.008634710743801843e+00,-4.309999999999999942e-01,0.000000000000000000e+00
-1.006128925619834913e+00,-4.309999999999999942e-01,0.000000000000000000e+00
-1.003623140495867982e+00,-4.309999999999999942e-01,0.000000000000000000e+00
-1.001117355371901052e+00,-4.309999999999999942e-01,0.000000000000000000e+00
-9.986115702479340106e-01,-4.309999999999999942e-01,0.000000000000000000e+00
-9.961057851239670802e-01,-4.309999999999999942e-01,0.000000000000000000e+00
-9.936000000000000387e-01,-4.309999999999999942e-01,0.000000000000000000e+00
-9.910942148760331083e-01,-4.309999999999999942e-01,0.000000000000000000e+00
-9.885884297520661779e-01,-4.309999999999999942e-01,0.000000000000000000e+00
-9.860826446280992474e-01,-4.309999999999999942e-01,0.000000000000000000e+00
-9.835768595041323170e-01,-4.309999999999999942e-01,0.000000000000000000e+00
-9.810710743801653866e-01,-4.309999999999999942e-01,0.000000000000000000e+00
-9.785652892561984562e-01,-4.309999999999999942e-01,0.000000000000000000e+00
-9.760595041322315257e-01,-4.309999999999999942e-01,0.000000000000000000e+00
-9.735537190082645953e-01,-4.309999999999999942e-01,0.000000000000000000e+00
-9.710479338842976649e-01,-4.309999999999999942e-01,0.000000000000000000e+00
-9.685421487603306234e-01,-4.309999999999999942e-01,0.000000000000000000e+00
-9.660363636363636930e-01,-4.309999999999999942e-01,0.000000000000000000e+00
-9.635305785123967626e-01,-4.309999999999999942e-01,0.000000000000000000e+00
-9.610247933884298321e-01,-4.309999999999999942e-01,0.000000000000000000e+00
-9.585190082644629017e-01,-4.309999999999999942e-01,0.000000000000000000e+00
-9.560132231404959713e-01,-4.309999999999999942e-01,0.000000000000000000e+00
-9.535074380165290409e-01,-4.309999999999999942e-01,0.000000000000000000e+00
-9.510016528925621104e-01,-4.309999999999999942e-01,0.000000000000000000e+00
-9.484958677685951800e-01,-4.309999999999999942e-01,0.000000000000000000e+00
-9.459900826446281386e-01,-4.309999999999999942e-01,0.000000000000000000e+00
-9.434842975206612081e-01,-4.309999999999999942e-01,0.000000000000000000e+00
-9.409785123966942777e-01,-4.309999999999999942e-01,0.000000000000000000e+00
-9.384727272727273473e-01,-4.309999999999999942e-01,0.000000000000000000e+00
-9.359669421487604168e-01,-4.309999999999999942e-01,0.000000000000000000e+00
-9.334611570247934864e-01,-4.309999999999999942e-01,0.000000000000000000e+00
-9.309553719008265560e-01,-4.309999999999999942e-01,0.000000000000000000e+00
-9.284495867768596256e-01,-4.309999999999999942e-01,0.000000000000000000e+00
-9.259438016528926951e-01,-4.309999999999999942e-01,0.000000000000000000e+00
-9.234380165289257647e-01,-4.309999999999999942e-01,0.000000000000000000e+00
-9.209322314049587233e-01,-4.309999999999999942e-01,0.000000000000000000e+00
-9.184264462809917928e-01,-4.309999999999999942e-01,0.000000000000000000e+00
-9.159206611570248624e-01,-4.309999999999999942e-01,0.000000000000000000e+00
-9.134148760330579320e-01,-4.309999999999999942e-01,0.000000000000000000e+00
-9.109090909090910015e-01,-4.309999999999999942e-01,0.000000000000000000e+00
-9.084033057851240711e-01,-4.309999999999999942e-01,0.000000000000000000e+00
-9.058975206611571407e-01,-4.309999999999999942e-01,0.000000000000000000e+00
-9.033917355371902103e-01,-4.309999999999999942e-01,0.000000000000000000e+00
-9.008859504132232798e-01,-4.309999999999999942e-01,0.000000000000000000e+00
-8.983801652892562384e-01,-4.309999999999999942e-01,0.000000000000000000e+00
-8.958743801652893080e-01,-4.309999999999999942e-01,0.000000000000000000e+00
-8.933685950413223775e-01,-4.309999999999999942e-01,0.000000000000000000e+00
-8.908628099173554471e-01,-4.309999999999999942e-01,0.000000000000000000e+00
-8.883570247933885167e-01,-4.309999999999999942e-01,0.000000000000000000e+00
-8.858512396694215862e-01,-4.309999999999999942e-01,0.000000000000000000e+00
-8.833454545454546558e-01,-4.309999999999999942e-01,0.000000000000000000e+00
-8.808396694214877254e-01,-4.309999999999999942e-01,0.000000000000000000e+00
-8.783338842975207950e-01,-4.309999999999999942e-01,0.000000000000000000e+00
-8.758280991735538645e-01,-4.309999999999999942e-01,0.000000000000000000e+00
-8.733223140495868231e-01,-4.309999999999999942e-01,0.000000000000000000e+00
-8.708165289256198927e-01,-4.309999999999999942e-01,0.000000000000000000e+00
-8.683107438016529622e-01,-4.309999999999999942e-01,0.000000000000000000e+00
-8.658049586776860318e-01,-4.309999999999999942e-01,0.000000000000000000e+00
-8.632991735537191014e-01,-4.309999999999999942e-01,0.000000000000000000e+00
-8.607933884297521709e-01,-4.309999999999999942e-01,0.000000000000000000e+00
-8.582876033057852405e-01,-4.309999999999999942e-01,0.000000000000000000e+00
-8.557818181818183101e-01,-4.309999999999999942e-01,0.000000000000000000e+00
-8.532760330578513797e-01,-4.309999999999999942e-01,0.000000000000000000e+00
-8.507702479338843382e-01,-4.309999999999999942e-01,0.000000000000000000e+00
-8.482644628099174078e-01,-4.309999999999999942e-01,0.000000000000000000e+00
-8.457586776859504774e-01,-4.309999999999999942e-01,0.000000000000000000e+00
-8.432528925619835469e-01,-4.309999999999999942e-01,0.000000000000000000e+00
-8.407471074380166165e-01,-4.309999999999999942e-01,0.000000000000000000e+00
-8.382413223140496861e-01,-4.309999999999999942e-01,0.000000000000000000e+00
-8.357355371900827556e-01,-4.309999999999999942e-01,0.000000000000000000e+00
-8.332297520661158252e-01,-4.309999999999999942e-01,0.000000000000000000e+00
-8.307239669421488948e-01,-4.309999999999999942e-01,0.000000000000000000e+00
-8.282181818181819644e-01,-4.309999999999999942e-01,0.000000000000000000e+00
-8.257123966942149229e-01,-4.309999999999999942e-01,0.000000000000000000e+00
-8.232066115702479925e-01,-4.309999999999999942e-01,0.000000000000000000e+00
-8.207008264462810621e-01,-4.309999999999999942e-01,0.000000000000000000e+00
-8.181950413223141316e-01,-4.309999999999999942e-01,0.000000000000000000e+00
-8.156892561983472012e-01,-4.309999999999999942e-01,0.000000000000000000e+00
-8.131834710743802708e-01,-4.309999999999999942e-01,0.000000000000000000e+00
-8.106776859504133403e-01,-4.309999999999999942e-01,0.000000000000000000e+00
-8.081719008264464099e-01,-4.309999999999999942e-01,0.000000000000000000e+00
-8.056661157024794795e-01,-4.309999999999999942e-01,0.000000000000000000e+00
-8.031603305785124380e-01,-4.309999999999999942e-01,0.000000000000000000e+00
-8.006545454545455076e-01,-4.309999999999999942e-01,0.000000000000000000e+00
-7.981487603305785772e-01,-4.309999999999999942e-01,0.000000000000000000e+00
-7.956429752066116468e-01,-4.309999999999999942e-01,0.000000000000000000e+00
-7.931371900826447163e-01,-4.309999999999999942e-01,0.000000000000000000e+00
-7.906314049586777859e-01,-4.309999999999999942e-01,0.000000000000000000e+00
-7.881256198347108555e-01,-4.309999999999999942e-01,0.000000000000000000e+00
-7.856198347107439250e-01,-4.309999999999999942e-01,0.000000000000000000e+00
-7.831140495867769946e-01,-4.309999999999999942e-01,0.000000000000000000e+00
-7.806082644628100642e-01,-4.309999999999999942e-01,0.000000000000000000e+00
-7.781024793388430227e-01,-4.309999999999999942e-01,0.000000000000000000e+00
-7.755966942148760923e-01,-4.309999999999999942e-01,0.000000000000000000e+00
-7.730909090909091619e-01,-4.309999999999999942e-01,0.000000000000000000e+00
-7.705851239669422315e-01,-4.309999999999999942e-01,0.000000000000000000e+00
-7.680793388429753010e-01,-4.309999999999999942e-01,0.000000000000000000e+00
-7.655735537190083706e-01,-4.309999999999999942e-01,0.000000000000000000e+00
-7.630677685950414402e-01,-4.309999999999999942e-01,0.000000000000000000e+00
-7.605619834710745097e-01,-4.309999999999999942e-01,0.000000000000000000e+00
-7.580561983471075793e-01,-4.309999999999999942e-01,0.000000000000000000e+00
-7.555504132231405379e-01,-4.309999999999999942e-01,0.000000000000000000e+00
-7.530446280991736074e-01,-4.309999999999999942e-01,0.000000000000000000e+00
-7.505388429752066770e-01,-4.309999999999999942e-01,0.000000000000000000e+00
-7.480330578512397466e-01,-4.309999999999999942e-01,0.000000000000000000e+00
-7.455272727272728162e-01,-4.309999999999999942e-01,0.000000000000000000e+00
-7.430214876033058857e-01,-4.309999999999999942e-01,0.000000000000000000e+00
-7.405157024793389553e-01,-4.309999999999999942e-01,0.000000000000000000e+00
-7.380099173553720249e-01,-4.309999999999999942e-01,0.000000000000000000e+00
-7.355041322314050944e-01,-4.309999999999999942e-01,0.000000000000000000e+00
-7.329983471074381640e-01,-4.309999999999999942e-01,0.000000000000000000e+00
-7.304925619834711226e-01,-4.309999999999999942e-01,0.000000000000000000e+00
-7.279867768595041921e-01,-4.309999999999999942e-01,0.000000000000000000e+00
-7.254809917355372617e-01,-4.309999999999999942e-01,0.000000000000000000e+00
-7.229752066115703313e-01,-4.309999999999999942e-01,0.000000000000000000e+00
-7.204694214876034009e-01,-4.309999999999999942e-01,0.000000000000000000e+00
-7.179636363636364704e-01,-4.309999999999999942e-01,0.000000000000000000e+00
-7.154578512396695400e-01,-4.309999999999999942e-01,0.000000000000000000e+00
-7.129520661157026096e-01,-4.309999999999999942e-01,0.000000000000000000e+00
-7.104462809917356791e-01,-4.309999999999999942e-01,0.000000000000000000e+00
-7.079404958677686377e-01,-4.309999999999999942e-01,0.000000000000000000e+00
-7.054347107438017073e-01,-4.309999999999999942e-01,0.000000000000000000e+00
-7.029289256198347768e-01,-4.309999999999999942e-01,0.000000000000000000e+00
-7.004231404958678464e-01,-4.309999999999999942e-01,0.000000000000000000e+00
-6.979173553719009160e-01,-4.309999999999999942e-01,0.000000000000000000e+00
-6.954115702479339856e-01,-4.309999999999999942e-01,0.000000000000000000e+00
-6.929057851239670551e-01,-4.309999999999999942e-01,0.000000000000000000e+00
-6.904000000000001247e-01,-4.309999999999999942e-01,0.000000000000000000e+00
-6.878942148760331943e-01,-4.309999999999999942e-01,0.000000000000000000e+00
-6.853884297520662638e-01,-4.309999999999999942e-01,0.000000000000000000e+00
-6.828826446280992224e-01,-4.309999999999999942e-01,0.000000000000000000e+00
-6.803768595041322920e-01,-4.309999999999999942e-01,0.000000000000000000e+00
-6.778710743801653615e-01,-4.309999999999999942e-01,0.000000000000000000e+00
-6.753652892561984311e-01,-4.309999999999999942e-01,0.000000000000000000e+00
-6.728595041322315007e-01,-4.309999999999999942e-01,0.000000000000000000e+00
-6.703537190082645703e-01,-4.309999999999999942e-01,0.000000000000000000e+00
-6.678479338842976398e-01,-4.309999999999999942e-01,0.000000000000000000e+00
-6.653421487603307094e-01,-4.309999999999999942e-01,0.000000000000000000e+00
-6.628363636363637790e-01,-4.309999999999999942e-01,0.000000000000000000e+00
-6.603305785123967375e-01,-4.309999999999999942e-01,0.000000000000000000e+00
-6.578247933884298071e-01,-4.309999999999999942e-01,0.000000000000000000e+00
-6.553190082644628767e-01,-4.309999999999999942e-01,0.000000000000000000e+00
-6.528132231404959462e-01,-4.309999999999999942e-01,0.000000000000000000e+00
-6.503074380165290158e-01,-4.309999999999999942e-01,0.000000000000000000e+00
-6.478016528925620854e-01,-4.309999999999999942e-01,0.000000000000000000e+00
-6.452958677685951550e-01,-4.309999999999999942e-01,0.000000000000000000e+00
-6.427900826446282245e-01,-4.309999999999999942e-01,0.000000000000000000e+00
-6.402842975206612941e-01,-4.309999999999999942e-01,0.000000000000000000e+00
-6.377785123966943637e-01,-4.309999999999999942e-01,0.000000000000000000e+00
-6.352727272727273222e-01,-4.309999999999999942e-01,0.000000000000000000e+00
-6.327669421487603918e-01,-4.309999999999999942e-01,0.000000000000000000e+00
-6.302611570247934614e-01,-4.309999999999999942e-01,0.000000000000000000e+00
-6.277553719008265309e-01,-4.309999999999999942e-01,0.000000000000000000e+00
-6.252495867768596005e-01,-4.309999999999999942e-01,0.000000000000000000e+00
-6.227438016528926701e-01,-4.309999999999999942e-01,0.000000000000000000e+00
-6.202380165289257397e-01,-4.309999999999999942e-01,0.000000000000000000e+00
-6.177322314049588092e-01,-4.309999999999999942e-01,0.000000000000000000e+00
-6.152264462809918788e-01,-4.309999999999999942e-01,0.000000000000000000e+00
-6.127206611570248374e-01,-4.309999999999999942e-01,0.000000000000000000e+00
-6.102148760330579069e-01,-4.309999999999999942e-01,0.000000000000000000e+00
-6.077090909090909765e-01,-4.309999999999999942e-01,0.000000000000000000e+00
-6.052033057851240461e-01,-4.309999999999999942e-01,0.000000000000000000e+00
-6.026975206611571156e-01,-4.309999999999999942e-01,0.000000000000000000e+00
-6.001917355371901852e-01,-4.309999999999999942e-01,0.000000000000000000e+00
-5.976859504132232548e-01,-4.309999999999999942e-01,0.000000000000000000e+00
-5.951801652892563244e-01,-4.309999999999999942e-01,0.000000000000000000e+00
-5.926743801652893939e-01,-4.309999999999999942e-01,0.000000000000000000e+00
-5.901685950413224635e-01,-4.309999999999999942e-01,0.000000000000000000e+00
-5.876628099173555331e-01,-4.309999999999999942e-01,0.000000000000000000e+00
-5.851570247933886026e-01,-4.309999999999999942e-01,0.000000000000000000e+00
-5.826512396694216722e-01,-4.309999999999999942e-01,0.000000000000000000e+00
-5.801454545454547418e-01,-4.309999999999999942e-01,0.000000000000000000e+00
-5.776396694214875893e-01,-4.309999999999999942e-01,0.000000000000000000e+00
-5.751338842975206589e-01,-4.309999999999999942e-01,0.000000000000000000e+00
-5.726280991735537285e-01,-4.309999999999999942e-01,0.000000000000000000e+00
-5.701223140495867980e-01,-4.309999999999999942e-01,0.000000000000000000e+00
-5.676165289256198676e-01,-4.309999999999999942e-01,0.000000000000000000e+00
-5.651107438016529372e-01,-4.309999999999999942e-01,0.000000000000000000e+00
-5.626049586776860068e-01,-4.309999999999999942e-01,0.000000000000000000e+00
-5.600991735537190763e-01,-4.309999999999999942e-01,0.000000000000000000e+00
-5.575933884297521459e-01,-4.309999999999999942e-01,0.000000000000000000e+00
-5.550876033057852155e-01,-4.309999999999999942e-01,0.000000000000000000e+00
-5.525818181818182850e-01,-4.309999999999999942e-01,0.000000000000000000e+00
-5.500760330578513546e-01,-4.309999999999999942e-01,0.000000000000000000e+00
-5.475702479338844242e-01,-4.309999999999999942e-01,0.000000000000000000e+00
-5.450644628099174938e-01,-4.309999999999999942e-01,0.000000000000000000e+00
-5.425586776859505633e-01,-4.309999999999999942e-01,0.000000000000000000e+00
-5.400528925619836329e-01,-4.309999999999999942e-01,0.000000000000000000e+00
-5.375471074380167025e-01,-4.309999999999999942e-01,0.000000000000000000e+00
-5.350413223140497720e-01,-4.309999999999999942e-01,0.000000000000000000e+00
-5.325355371900828416e-01,-4.309999999999999942e-01,0.000000000000000000e+00
-5.300297520661156891e-01,-4.309999999999999942e-01,0.000000000000000000e+00
-5.275239669421487587e-01,-4.309999999999999942e-01,0.000000000000000000e+00
-5.250181818181818283e-01,-4.309999999999999942e-01,0.000000000000000000e+00
-5.225123966942148979e-01,-4.309999999999999942e-01,0.000000000000000000e+00
-5.200066115702479674e-01,-4.309999999999999942e-01,0.000000000000000000e+00
-5.175008264462810370e-01,-4.309999999999999942e-01,0.000000000000000000e+00
-5.149950413223141066e-01,-4.309999999999999942e-01,0.000000000000000000e+00
-5.124892561983471762e-01,-4.309999999999999942e-01,0.000000000000000000e+00
-5.099834710743802457e-01,-4.309999999999999942e-01,0.000000000000000000e+00
-5.074776859504133153e-01,-4.309999999999999942e-01,0.000000000000000000e+00
-5.049719008264463849e-01,-4.309999999999999942e-01,0.000000000000000000e+00
-5.024661157024794544e-01,-4.309999999999999942e-01,0.000000000000000000e+00
-4.999603305785125240e-01,-4.309999999999999942e-01,0.000000000000000000e+00
-4.974545454545455936e-01,-4.309999999999999942e-01,0.000000000000000000e+00
-4.949487603305786632e-01,-4.309999999999999942e-01,0.000000000000000000e+00
-4.924429752066117327e-01,-4.309999999999999942e-01,0.000000000000000000e+00
-4.899371900826448023e-01,-4.309999999999999942e-01,0.000000000000000000e+00
-4.874314049586778719e-01,-4.309999999999999942e-01,0.000000000000000000e+00
-4.849256198347109414e-01,-4.309999999999999942e-01,0.000000000000000000e+00
-4.824198347107437890e-01,-4.309999999999999942e-01,0.000000000000000000e+00
-4.799140495867768585e-01,-4.309999999999999942e-01,0.000000000000000000e+00
-4.774082644628099281e-01,-4.309999999999999942e-01,0.000000000000000000e+00
-4.749024793388429977e-01,-4.309999999999999942e-01,0.000000000000000000e+00
-4.723966942148760673e-01,-4.309999999999999942e-01,0.000000000000000000e+00
-4.698909090909091368e-01,-4.309999999999999942e-01,0.000000000000000000e+00
-4.673851239669422064e-01,-4.309999999999999942e-01,0.000000000000000000e+00
-4.648793388429752760e-01,-4.309999999999999942e-01,0.000000000000000000e+00
-4.623735537190083456e-01,-4.309999999999999942e-01,0.000000000000000000e+00
-4.598677685950414151e-01,-4.309999999999999942e-01,0.000000000000000000e+00
-4.573619834710744847e-01,-4.309999999999999942e-01,0.000000000000000000e+00
-4.548561983471075543e-01,-4.309999999999999942e-01,0.000000000000000000e+00
-4.523504132231406238e-01,-4.309999999999999942e-01,0.000000000000000000e+00
-4.498446280991736934e-01,-4.309999999999999942e-01,0.000000000000000000e+00
-4.473388429752067630e-01,-4.309999999999999942e-01,0.000000000000000000e+00
-4.448330578512398326e-01,-4.309999999999999942e-01,0.000000000000000000e+00
-4.423272727272729021e-01,-4.309999999999999942e-01,0.000000000000000000e+00
-4.398214876033059717e-01,-4.309999999999999942e-01,0.000000000000000000e+00
-4.373157024793390413e-01,-4.309999999999999942e-01,0.000000000000000000e+00
-4.348099173553718888e-01,-4.309999999999999942e-01,0.000000000000000000e+00
-4.323041322314049584e-01,-4.309999999999999942e-01,0.000000000000000000e+00
-4.297983471074380279e-01,-4.309999999999999942e-01,0.000000000000000000e+00
-4.272925619834710975e-01,-4.309999999999999942e-01,0.000000000000000000e+00
-4.247867768595041671e-01,-4.309999999999999942e-01,0.000000000000000000e+00
-4.222809917355372367e-01,-4.309999999999999942e-01,0.000000000000000000e+00
-4.197752066115703062e-01,-4.309999999999999942e-01,0.000000000000000000e+00
-4.172694214876033758e-01,-4.309999999999999942e-01,0.000000000000000000e+00
-4.147636363636364454e-01,-4.309999999999999942e-01,0.000000000000000000e+00
-4.122578512396695150e-01,-4.309999999999999942e-01,0.000000000000000000e+00
-4.097520661157025845e-01,-4.309999999999999942e-01,0.000000000000000000e+00
-4.072462809917356541e-01,-4.309999999999999942e-01,0.000000000000000000e+00
-4.047404958677687237e-01,-4.309999999999999942e-01,0.000000000000000000e+00
-4.022347107438017932e-01,-4.309999999999999942e-01,0.000000000000000000e+00
-3.997289256198348628e-01,-4.309999999999999942e-01,0.000000000000000000e+00
-3.972231404958679324e-01,-4.309999999999999942e-01,0.000000000000000000e+00
-3.947173553719010020e-01,-4.309999999999999942e-01,0.000000000000000000e+00
-3.922115702479340715e-01,-4.309999999999999942e-01,0.000000000000000000e+00
-3.897057851239671411e-01,-4.309999999999999942e-01,0.000000000000000000e+00
-3.871999999999999886e-01,-4.309999999999999942e-01,0.000000000000000000e+00
-3.846942148760330582e-01,-4.309999999999999942e-01,0.000000000000000000e+00
-3.821884297520661278e-01,-4.309999999999999942e-01,0.000000000000000000e+00
-3.796826446280991973e-01,-4.309999999999999942e-01,0.000000000000000000e+00
-3.771768595041322669e-01,-4.309999999999999942e-01,0.000000000000000000e+00
-3.746710743801653365e-01,-4.309999999999999942e-01,0.000000000000000000e+00
-3.721652892561984061e-01,-4.309999999999999942e-01,0.000000000000000000e+00
-3.696595041322314756e-01,-4.309999999999999942e-01,0.000000000000000000e+00
-3.671537190082645452e-01,-4.309999999999999942e-01,0.000000000000000000e+00
-3.646479338842976148e-01,-4.309999999999999942e-01,0.000000000000000000e+00
-3.621421487603306844e-01,-4.309999999999999942e-01,0.000000000000000000e+00
-3.596363636363637539e-01,-4.309999999999999942e-01,0.000000000000000000e+00
-3.571305785123968235e-01,-4.309999999999999942e-01,0.000000000000000000e+00
-3.546247933884298931e-01,-4.309999999999999942e-01,0.000000000000000000e+00
-3.521190082644629626e-01,-4.309999999999999942e-01,0.000000000000000000e+00
-3.496132231404960322e-01,-4.309999999999999942e-01,0.000000000000000000e+00
-3.471074380165291018e-01,-4.309999999999999942e-01,0.000000000000000000e+00
-3.446016528925621714e-01,-4.309999999999999942e-01,0.000000000000000000e+00
-3.420958677685952409e-01,-4.309999999999999942e-01,0.000000000000000000e+00
-3.395900826446280885e-01,-4.309999999999999942e-01,0.000000000000000000e+00
-3.370842975206611580e-01,-4.309999999999999942e-01,0.000000000000000000e+00
-3.345785123966942276e-01,-4.309999999999999942e-01,0.000000000000000000e+00
-3.320727272727272972e-01,-4.309999999999999942e-01,0.000000000000000000e+00
-3.295669421487603667e-01,-4.309999999999999942e-01,0.000000000000000000e+00
-3.270611570247934363e-01,-4.309999999999999942e-01,0.000000000000000000e+00
-3.245553719008265059e-01,-4.309999999999999942e-01,0.000000000000000000e+00
-3.220495867768595755e-01,-4.309999999999999942e-01,0.000000000000000000e+00
-3.195438016528926450e-01,-4.309999999999999942e-01,0.000000000000000000e+00
-3.170380165289257146e-01,-4.309999999999999942e-01,0.000000000000000000e+00
-3.145322314049587842e-01,-4.309999999999999942e-01,0.000000000000000000e+00
-3.120264462809918538e-01,-4.309999999999999942e-01,0.000000000000000000e+00
-3.095206611570249233e-01,-4.309999999999999942e-01,0.000000000000000000e+00
-3.070148760330579929e-01,-4.309999999999999942e-01,0.000000000000000000e+00
-3.045090909090910625e-01,-4.309999999999999942e-01,0.000000000000000000e+00
-3.020033057851241320e-01,-4.309999999999999942e-01,0.000000000000000000e+00
-2.994975206611572016e-01,-4.309999999999999942e-01,0.000000000000000000e+00
-2.969917355371902712e-01,-4.309999999999999942e-01,0.000000000000000000e+00
-2.944859504132233408e-01,-4.309999999999999942e-01,0.000000000000000000e+00
-2.919801652892561883e-01,-4.309999999999999942e-01,0.000000000000000000e+00
-2.894743801652892579e-01,-4.309999999999999942e-01,0.000000000000000000e+00
-2.869685950413223274e-01,-4.309999999999999942e-01,0.000000000000000000e+00
-2.844628099173553970e-01,-4.309999999999999942e-01,0.000000000000000000e+00
-2.819570247933884666e-01,-4.309999999999999942e-01,0.000000000000000000e+00
-2.794512396694215361e-01,-4.309999999999999942e-01,0.000000000000000000e+00
-2.769454545454546057e-01,-4.309999999999999942e-01,0.000000000000000000e+00
-2.744396694214876753e-01,-4.309999999999999942e-01,0.000000000000000000e+00
-2.719338842975207449e-01,-4.309999999999999942e-01,0.000000000000000000e+00
-2.694280991735538144e-01,-4.309999999999999942e-01,0.000000000000000000e+00
-2.669223140495868840e-01,-4.309999999999999942e-01,0.000000000000000000e+00
-2.644165289256199536e-01,-4.309999999999999942e-01,0.000000000000000000e+00
-2.619107438016530232e-01,-4.309999999999999942e-01,0.000000000000000000e+00
-2.594049586776860927e-01,-4.309999999999999942e-01,0.000000000000000000e+00
-2.568991735537191623e-01,-4.309999999999999942e-01,0.000000000000000000e+00
-2.543933884297522319e-01,-4.309999999999999942e-01,0.000000000000000000e+00
-2.518876033057853014e-01,-4.309999999999999942e-01,0.000000000000000000e+00
-2.493818181818183710e-01,-4.309999999999999942e-01,0.000000000000000000e+00
-2.468760330578514406e-01,-4.309999999999999942e-01,0.000000000000000000e+00
-2.443702479338842881e-01,-4.309999999999999942e-01,0.000000000000000000e+00
-2.418644628099173577e-01,-4.309999999999999942e-01,0.000000000000000000e+00
-2.393586776859504273e-01,-4.309999999999999942e-01,0.000000000000000000e+00
-2.368528925619834968e-01,-4.309999999999999942e-01,0.000000000000000000e+00
-2.343471074380165664e-01,-4.309999999999999942e-01,0.000000000000000000e+00
-2.318413223140496360e-01,-4.309999999999999942e-01,0.000000000000000000e+00
-2.293355371900827055e-01,-4.309999999999999942e-01,0.000000000000000000e+00
-2.268297520661157751e-01,-4.309999999999999942e-01,0.000000000000000000e+00
-2.243239669421488447e-01,-4.309999999999999942e-01,0.000000000000000000e+00
-2.218181818181819143e-01,-4.309999999999999942e-01,0.000000000000000000e+00
-2.193123966942149838e-01,-4.309999999999999942e-01,0.000000000000000000e+00
-2.168066115702480534e-01,-4.309999999999999942e-01,0.000000000000000000e+00
-2.143008264462811230e-01,-4.309999999999999942e-01,0.000000000000000000e+00
-2.117950413223141926e-01,-4.309999999999999942e-01,0.000000000000000000e+00
-2.092892561983472621e-01,-4.309999999999999942e-01,0.000000000000000000e+00
-2.067834710743803317e-01,-4.309999999999999942e-01,0.000000000000000000e+00
-2.042776859504134013e-01,-4.309999999999999942e-01,0.000000000000000000e+00
-2.017719008264464708e-01,-4.309999999999999942e-01,0.000000000000000000e+00
-1.992661157024795404e-01,-4.309999999999999942e-01,0.000000000000000000e+00
-1.967603305785123879e-01,-4.309999999999999942e-01,0.000000000000000000e+00
-1.942545454545454575e-01,-4.309999999999999942e-01,0.000000000000000000e+00
-1.917487603305785271e-01,-4.309999999999999942e-01,0.000000000000000000e+00
-1.892429752066115967e-01,-4.309999999999999942e-01,0.000000000000000000e+00
-1.867371900826446662e-01,-4.309999999999999942e-01,0.000000000000000000e+00
-1.842314049586777358e-01,-4.309999999999999942e-01,0.000000000000000000e+00
-1.817256198347108054e-01,-4.309999999999999942e-01,0.000000000000000000e+00
-1.792198347107438750e-01,-4.309999999999999942e-01,0.000000000000000000e+00
-1.767140495867769445e-01,-4.309999999999999942e-01,0.000000000000000000e+00
-1.742082644628100141e-01,-4.309999999999999942e-01,0.000000000000000000e+00
-1.717024793388430837e-01,-4.309999999999999942e-01,0.000000000000000000e+00
-1.691966942148761532e-01,-4.309999999999999942e-01,0.000000000000000000e+00
-1.666909090909092228e-01,-4.309999999999999942e-01,0.000000000000000000e+00
-1.641851239669422924e-01,-4.309999999999999942e-01,0.000000000000000000e+00
-1.616793388429753620e-01,-4.309999999999999942e-01,0.000000000000000000e+00
-1.591735537190084315e-01,-4.309999999999999942e-01,0.000000000000000000e+00
-1.566677685950415011e-01,-4.309999999999999942e-01,0.000000000000000000e+00
-1.541619834710745707e-01,-4.309999999999999942e-01,0.000000000000000000e+00
-1.516561983471076402e-01,-4.309999999999999942e-01,0.000000000000000000e+00
-1.491504132231404878e-01,-4.309999999999999942e-01,0.000000000000000000e+00
-1.466446280991735573e-01,-4.309999999999999942e-01,0.000000000000000000e+00
-1.441388429752066269e-01,-4.309999999999999942e-01,0.000000000000000000e+00
-1.416330578512396965e-01,-4.309999999999999942e-01,0.000000000000000000e+00
-1.391272727272727661e-01,-4.309999999999999942e-01,0.000000000000000000e+00
-1.366214876033058356e-01,-4.309999999999999942e-01,0.000000000000000000e+00
-1.341157024793389052e-01,-4.309999999999999942e-01,0.000000000000000000e+00
-1.316099173553719748e-01,-4.309999999999999942e-01,0.000000000000000000e+00
-1.291041322314050444e-01,-4.309999999999999942e-01,0.000000000000000000e+00
-1.265983471074381139e-01,-4.309999999999999942e-01,0.000000000000000000e+00
-1.240925619834711835e-01,-4.309999999999999942e-01,0.000000000000000000e+00
-1.215867768595042531e-01,-4.309999999999999942e-01,0.000000000000000000e+00
-1.190809917355373226e-01,-4.309999999999999942e-01,0.000000000000000000e+00
-1.165752066115703922e-01,-4.309999999999999942e-01,0.000000000000000000e+00
-1.140694214876034618e-01,-4.309999999999999942e-01,0.000000000000000000e+00
-1.115636363636365314e-01,-4.309999999999999942e-01,0.000000000000000000e+00
-1.090578512396696009e-01,-4.309999999999999942e-01,0.000000000000000000e+00
-1.065520661157026705e-01,-4.309999999999999942e-01,0.000000000000000000e+00
-1.040462809917357401e-01,-4.309999999999999942e-01,0.000000000000000000e+00
-1.015404958677685876e-01,-4.309999999999999942e-01,0.000000000000000000e+00
-9.903471074380165717e-02,-4.309999999999999942e-01,0.000000000000000000e+00
-9.652892561983472675e-02,-4.309999999999999942e-01,0.000000000000000000e+00
-9.402314049586779632e-02,-4.309999999999999942e-01,0.000000000000000000e+00
-9.151735537190086589e-02,-4.309999999999999942e-01,0.000000000000000000e+00
-8.901157024793393546e-02,-4.309999999999999942e-01,0.000000000000000000e+00
-8.650578512396700503e-02,-4.309999999999999942e-01,0.000000000000000000e+00
-8.400000000000000522e-02,-4.309999999999999942e-01,0.000000000000000000e+00
-8.400000000000000522e-02,-4.309999999999999942e-01,1.474658497135502566e+00
-8.146938775510204067e-02,-4.309999999999999942e-01,1.430675486257690920e+00
-7.893877551020409000e-02,-4.309999999999999942e-01,1.386950998987319439e+00
-7.640816326530612546e-02,-4.309999999999999942e-01,1.343485035324422538e+00
-7.387755102040816091e-02,-4.309999999999999942e-01,1.300277595268955588e+00
-7.134693877551021024e-02,-4.309999999999999942e-01,1.257328678820946788e+00
-6.881632653061224569e-02,-4.309999999999999942e-01,1.214638285980395249e+00
-6.628571428571428115e-02,-4.309999999999999942e-01,1.172206416747284097e+00
-6.375510204081633048e-02,-4.309999999999999942e-01,1.130033071121627097e+00
-6.122448979591837287e-02,-4.309999999999999942e-01,1.088118249103418256e+00
-5.869387755102041526e-02,-4.309999999999999942e-01,1.046461950692667786e+00
-5.616326530612245072e-02,-4.309999999999999942e-01,1.005064175889367917e+00
-5.363265306122449311e-02,-4.309999999999999942e-01,9.639249246935182036e-01
-5.110204081632653550e-02,-4.309999999999999942e-01,9.230441971051135397e-01
-4.857142857142857095e-02,-4.309999999999999942e-01,8.824219931241560344e-01
-4.604081632653061334e-02,-4.309999999999999942e-01,8.420583127506544585e-01
-4.351020408163265574e-02,-4.309999999999999942e-01,8.019531559846114765e-01
-4.097959183673469813e-02,-4.309999999999999942e-01,7.621065228260215374e-01
-3.844897959183674052e-02,-4.309999999999999942e-01,7.225184132748606602e-01
-3.591836734693877597e-02,-4.309999999999999942e-01,6.831888273311678139e-01
-3.338775510204081837e-02,-4.309999999999999942e-01,6.441177649949205719e-01
-3.085714285714286076e-02,-4.309999999999999942e-01,6.053052262661301475e-01
-2.832653061224489621e-02,-4.309999999999999942e-01,5.667512111447852163e-01
-2.579591836734693860e-02,-4.309999999999999942e-01,5.284557196308861116e-01
-2.326530612244898100e-02,-4.309999999999999942e-01,4.904187517244552597e-01
-2.073469387755101645e-02,-4.309999999999999942e-01,4.526403074254539138e-01
-1.820408163265306578e-02,-4.309999999999999942e-01,4.151203867339171016e-01
-1.567346938775510123e-02,-4.309999999999999942e-01,3.778589896498138478e-01
-1.314285714285713669e-02,-4.309999999999999942e-01,3.408561161731875067e-01
-1.061224489795918602e-02,-4.309999999999999942e-01,3.041117663040049934e-01
-8.081632653061221472e-03,-4.309999999999999942e-01,2.676259400422623669e-01
-5.551020408163270803e-03,-4.309999999999999942e-01,2.313986373879753922e-01
-3.020408163265306256e-03,-4.309999999999999942e-01,1.954298583411374357e-01
-4.897959183673417094e-04,-4.897959183673417094e-04,1.597196029017588781e-01
2.040816326530608960e-03,-4.309999999999999942e-01,1.242678710698206651e-01
4.571428571428573506e-03,-4.309999999999999942e-01,8.907466284534233669e-02
7.102040816326524175e-03,-4.309999999999999942e-01,5.413997822829964141e-02
9.632653061224488722e-03,-4.309999999999999942e-01,1.946381721872693024e-02
1.216326530612245327e-02,-4.309999999999999942e-01,-1.495382018340377962e-02
1.469387755102040394e-02,-4.309999999999999942e-01,-4.911293397808127320e-02
1.722448979591836848e-02,-4.309999999999999942e-01,-8.301352416531676548e-02
1.975510204081633303e-02,-4.309999999999999942e-01,-1.166555907450943647e-01
2.228571428571428370e-02,-4.309999999999999942e-01,-1.500391337174121487e-01
2.481632653061224825e-02,-4.309999999999999942e-01,-1.831641530823049646e-01
2.734693877551021279e-02,-4.309999999999999942e-01,-2.160306488397184532e-01
2.987755102040816346e-02,-4.309999999999999942e-01,-2.486386209896984945e-01
3.240816326530612801e-02,-4.309999999999999942e-01,-2.809880695322062305e-01
3.493877551020407868e-02,-4.309999999999999942e-01,-3.130789944673017522e-01
3.746938775510204322e-02,-4.309999999999999942e-01,-3.449113957949138110e-01
4.000000000000000083e-02,-4.309999999999999942e-01,0.000000000000000000e+00
4.000000000000000083e-02,-4.309999999999999942e-01,0.000000000000000000e+00
4.399999999999999745e-02,-4.309999999999999942e-01,0.000000000000000000e+00
4.800000000000000100e-02,-4.309999999999999942e-01,0.000000000000000000e+00
4.800000000000000100e-02,-4.309999999999999942e-01,-8.184012734953793888e-02
5.025000000000000300e-02,-4.309999999999999942e-01,0.000000000000000000e+00
5.250000000000000500e-02,-4.309999999999999942e-01,0.000000000000000000e+00
5.475000000000000006e-02,-4.309999999999999942e-01,0.000000000000000000e+00
5.700000000000000205e-02,-4.309999999999999942e-01,1.938471913541034430e-01
5.955882352941176822e-02,-4.309999999999999942e-01,1.865004590366893811e-01
6.211764705882352744e-02,-4.309999999999999942e-01,1.782296422979044725e-01
6.467647058823529360e-02,-4.309999999999999942e-01,1.690347411378153586e-01
6.723529411764705976e-02,-4.309999999999999942e-01,1.589157555563943947e-01
6.979411764705882593e-02,-4.309999999999999942e-01,1.478726855536524332e-01
7.235294117647059209e-02,-4.309999999999999942e-01,1.359055311295685187e-01
7.491176470588234437e-02,-4.309999999999999942e-01,1.230142922841831882e-01
7.747058823529412441e-02,-4.309999999999999942e-01,1.091989690174578059e-01
8.002941176470587670e-02,-4.309999999999999942e-01,9.445956132940958039e-02
8.258823529411764286e-02,-4.309999999999999942e-01,7.879606922003011549e-02
8.514705882352940902e-02,-4.309999999999999942e-01,6.220849268934049853e-02
8.770588235294117518e-02,-4.309999999999999942e-01,4.469683173730819303e-02
9.026470588235294135e-02,-4.309999999999999942e-01,2.626108636397130394e-02
9.282352941176469363e-02,-4.309999999999999942e-01,6.901256569285980046e-03
9.538235294117647367e-02,-4.309999999999999942e-01,-1.338265764670934672e-02
9.794117647058822596e-02,-4.309999999999999942e-01,-3.459065628403079629e-02
1.005000000000000060e-01,-4.309999999999999942e-01,-5.672273934268484002e-02
1.030588235294117583e-01,-4.309999999999999942e-01,-7.977890682265907640e-02
1.056176470588235244e-01,-4.309999999999999942e-01,-1.037591587239600488e-01
1.081764705882352906e-01,-4.309999999999999942e-01,-1.286634950465928573e-01
1.107352941176470568e-01,-4.309999999999999942e-01,-1.544919157905412233e-01
1.132941176470588229e-01,-4.309999999999999942e-01,-1.812444209558169983e-01
1.158529411764705752e-01,-4.309999999999999942e-01,-2.089210105424269548e-01
1.184117647058823553e-01,-4.309999999999999942e-01,-2.375216845503407281e-01
1.209705882352941075e-01,-4.309999999999999942e-01,-2.670464429796028938e-01
1.235294117647058876e-01,-4.309999999999999942e-01,-2.974952858301864178e-01
1.260882352941176399e-01,-4.309999999999999942e-01,-3.288682131020934651e-01
1.286470588235293921e-01,-4.309999999999999942e-01,-3.611652247953230366e-01
1.312058823529411722e-01,-4.309999999999999942e-01,-3.943863209098705802e-01
1.337647058823529245e-01,-4.309999999999999942e-01,-4.285315014457576899e-01
1.363235294117647045e-01,-4.309999999999999942e-01,-4.636007664029588304e-01
1.388823529411764568e-01,-4.309999999999999942e-01,-4.995941157814871580e-01
1.414411764705882368e-01,-4.309999999999999942e-01,-5.365115495813527202e-01
1.439999999999999891e-01,-4.309999999999999942e-01,0.000000000000000000e+00
1.439999999999999891e-01,-4.309999999999999942e-01,0.000000000000000000e+00
1.469999999999999918e-01,-4.309999999999999942e-01,0.000000000000000000e+00
1.499999999999999944e-01,-4.309999999999999942e-01,0.000000000000000000e+00
1.529999999999999971e-01,-4.309999999999999942e-01,0.000000000000000000e+00
1.529999999999999971e-01,-4.309999999999999942e-01,-7.538964124627964836e-01
1.556842105263157860e-01,-4.309999999999999942e-01,-5.931601138604212231e-01
1.583684210526315750e-01,-4.309999999999999942e-01,-4.724823508632819968e-01
1.610526315789473639e-01,-4.309999999999999942e-01,-3.918631234714149980e-01
1.637368421052631529e-01,-4.309999999999999942e-01,-3.513024316847944140e-01
1.664210526315789418e-01,-4.309999999999999942e-01,-3.508002755034512199e-01
1.691052631578947307e-01,-4.309999999999999942e-01,-3.903566549273492781e-01
1.717894736842105197e-01,-4.309999999999999942e-01,-4.699715699565040761e-01
1.744736842105263086e-01,-4.309999999999999942e-01,-5.896450205909207209e-01
1.771578947368420975e-01,-4.309999999999999942e-01,-7.493770068305992682e-01
1.798421052631578865e-01,-4.309999999999999942e-01,-9.491675286755294483e-01
1.825263157894736754e-01,-4.309999999999999942e-01,-1.189016586125721364e+00
1.852105263157894643e-01,-4.309999999999999942e-01,-1.468924179181175349e+00
1.878947368421052533e-01,-4.309999999999999942e-01,-1.788890307841880745e+00
1.905789473684210422e-01,-4.309999999999999942e-01,-2.148914972107845767e+00
1.932631578947368312e-01,-4.309999999999999942e-01,-2.548998171979069749e+00
1.959473684210526201e-01,-4.309999999999999942e-01,-2.989139907455553136e+00
1.986315789473684090e-01,-4.309999999999999942e-01,-3.469340178537285713e+00
2.013157894736841980e-01,-4.309999999999999942e-01,-3.989598985224287464e+00
2.039999999999999869e-01,-4.309999999999999942e-01,0.000000000000000000e+00
2.039999999999999869e-01,-4.309999999999999942e-01,0.000000000000000000e+00
2.065062836624775577e-01,-4.309999999999999942e-01,0.000000000000000000e+00
2.090125673249551008e-01,-4.309999999999999942e-01,0.000000000000000000e+00
2.115188509874326717e-01,-4.309999999999999942e-01,0.000000000000000000e+00
2.140251346499102147e-01,-4.309999999999999942e-01,0.000000000000000000e+00
2.165314183123877856e-01,-4.309999999999999942e-01,0.000000000000000000e+00
2.190377019748653287e-01,-4.309999999999999942e-01,0.000000000000000000e+00
2.215439856373428995e-01,-4.309999999999999942e-01,0.000000000000000000e+00
2.240502692998204703e-01,-4.309999999999999942e-01,0.000000000000000000e+00
2.265565529622980134e-01,-4.309999999999999942e-01,0.000000000000000000e+00
2.290628366247755843e-01,-4.309999999999999942e-01,0.000000000000000000e+00
2.315691202872531274e-01,-4.309999999999999942e-01,0.000000000000000000e+00
2.340754039497306982e-01,-4.309999999999999942e-01,0.000000000000000000e+00
2.365816876122082413e-01,-4.309999999999999942e-01,0.000000000000000000e+00
2.390879712746858121e-01,-4.309999999999999942e-01,0.000000000000000000e+00
2.415942549371633552e-01,-4.309999999999999942e-01,0.000000000000000000e+00
2.441005385996409260e-01,-4.309999999999999942e-01,0.000000000000000000e+00
2.466068222621184969e-01,-4.309999999999999942e-01,0.000000000000000000e+00
2.491131059245960400e-01,-4.309999999999999942e-01,0.000000000000000000e+00
2.516193895870735830e-01,-4.309999999999999942e-01,0.000000000000000000e+00
2.541256732495511539e-01,-4.309999999999999942e-01,0.000000000000000000e+00
2.566319569120287247e-01,-4.309999999999999942e-01,0.000000000000000000e+00
2.591382405745062956e-01,-4.309999999999999942e-01,0.000000000000000000e+00
2.616445242369838109e-01,-4.309999999999999942e-01,0.000000000000000000e+00
2.641508078994613817e-01,-4.309999999999999942e-01,0.000000000000000000e+00
2.666570915619389526e-01,-4.309999999999999942e-01,0.000000000000000000e+00
2.691633752244165234e-01,-4.309999999999999942e-01,0.000000000000000000e+00
2.716696588868940943e-01,-4.309999999999999942e-01,0.000000000000000000e+00
2.741759425493716096e-01,-4.309999999999999942e-01,0.000000000000000000e+00
2.766822262118491804e-01,-4.309999999999999942e-01,0.000000000000000000e+00
2.791885098743267513e-01,-4.309999999999999942e-01,0.000000000000000000e+00
2.816947935368043221e-01,-4.309999999999999942e-01,0.000000000000000000e+00
2.842010771992818929e-01,-4.309999999999999942e-01,0.000000000000000000e+00
2.867073608617594083e-01,-4.309999999999999942e-01,0.000000000000000000e+00
2.892136445242369791e-01,-4.309999999999999942e-01,0.000000000000000000e+00
2.917199281867145499e-01,-4.309999999999999942e-01,0.000000000000000000e+00
2.942262118491920653e-01,-4.309999999999999942e-01,0.000000000000000000e+00
2.967324955116696916e-01,-4.309999999999999942e-01,0.000000000000000000e+00
2.992387791741472070e-01,-4.309999999999999942e-01,0.000000000000000000e+00
3.017450628366247778e-01,-4.309999999999999942e-01,0.000000000000000000e+00
3.042513464991023486e-01,-4.309999999999999942e-01,0.000000000000000000e+00
3.067576301615798640e-01,-4.309999999999999942e-01,0.000000000000000000e+00
3.092639138240574348e-01,-4.309999999999999942e-01,0.000000000000000000e+00
3.117701974865350056e-01,-4.309999999999999942e-01,0.000000000000000000e+00
3.142764811490125765e-01,-4.309999999999999942e-01,0.000000000000000000e+00
3.167827648114901473e-01,-4.309999999999999942e-01,0.000000000000000000e+00
3.192890484739676626e-01,-4.309999999999999942e-01,0.000000000000000000e+00
3.217953321364452335e-01,-4.309999999999999942e-01,0.000000000000000000e+00
3.243016157989228043e-01,-4.309999999999999942e-01,0.000000000000000000e+00
3.268078994614003752e-01,-4.309999999999999942e-01,0.000000000000000000e+00
3.293141831238779460e-01,-4.309999999999999942e-01,0.000000000000000000e+00
3.318204667863554613e-01,-4.309999999999999942e-01,0.000000000000000000e+00
3.343267504488330322e-01,-4.309999999999999942e-01,0.000000000000000000e+00
3.368330341113106030e-01,-4.309999999999999942e-01,0.000000000000000000e+00
3.393393177737881183e-01,-4.309999999999999942e-01,0.000000000000000000e+00
3.418456014362657447e-01,-4.309999999999999942e-01,0.000000000000000000e+00
3.443518850987432600e-01,-4.309999999999999942e-01,0.000000000000000000e+00
3.468581687612208309e-01,-4.309999999999999942e-01,0.000000000000000000e+00
3.493644524236984017e-01,-4.309999999999999942e-01,0.000000000000000000e+00
3.518707360861759170e-01,-4.309999999999999942e-01,0.000000000000000000e+00
3.543770197486535434e-01,-4.309999999999999942e-01,0.000000000000000000e+00
3.568833034111310587e-01,-4.309999999999999942e-01,0.000000000000000000e+00
3.593895870736086295e-01,-4.309999999999999942e-01,0.000000000000000000e+00
3.618958707360862004e-01,-4.309999999999999942e-01,0.000000000000000000e+00
3.644021543985637157e-01,-4.309999999999999942e-01,0.000000000000000000e+00
3.669084380610413421e-01,-4.309999999999999942e-01,0.000000000000000000e+00
3.694147217235188574e-01,-4.309999999999999942e-01,0.000000000000000000e+00
3.719210053859964282e-01,-4.309999999999999942e-01,0.000000000000000000e+00
3.744272890484739991e-01,-4.309999999999999942e-01,0.000000000000000000e+00
3.769335727109515144e-01,-4.309999999999999942e-01,0.000000000000000000e+00
3.794398563734290852e-01,-4.309999999999999942e-01,0.000000000000000000e+00
3.819461400359066561e-01,-4.309999999999999942e-01,0.000000000000000000e+00
3.844524236983841714e-01,-4.309999999999999942e-01,0.000000000000000000e+00
3.869587073608617978e-01,-4.309999999999999942e-01,0.000000000000000000e+00
3.894649910233393131e-01,-4.309999999999999942e-01,0.000000000000000000e+00
3.919712746858168839e-01,-4.309999999999999942e-01,0.000000000000000000e+00
3.944775583482944548e-01,-4.309999999999999942e-01,0.000000000000000000e+00
3.969838420107719701e-01,-4.309999999999999942e-01,0.000000000000000000e+00
3.994901256732495964e-01,-4.309999999999999942e-01,0.000000000000000000e+00
4.019964093357271118e-01,-4.309999999999999942e-01,0.000000000000000000e+00
4.045026929982046826e-01,-4.309999999999999942e-01,0.000000000000000000e+00
4.070089766606822534e-01,-4.309999999999999942e-01,0.000000000000000000e+00
4.095152603231597688e-01,-4.309999999999999942e-01,0.000000000000000000e+00
4.120215439856373951e-01,-4.309999999999999942e-01,0.000000000000000000e+00
4.145278276481149105e-01,-4.309999999999999942e-01,0.000000000000000000e+00
4.170341113105924813e-01,-4.309999999999999942e-01,0.000000000000000000e+00
4.195403949730700521e-01,-4.309999999999999942e-01,0.000000000000000000e+00
4.220466786355475675e-01,-4.309999999999999942e-01,0.000000000000000000e+00
4.245529622980251938e-01,-4.309999999999999942e-01,0.000000000000000000e+00
4.270592459605027091e-01,-4.309999999999999942e-01,0.000000000000000000e+00
4.295655296229802800e-01,-4.309999999999999942e-01,0.000000000000000000e+00
4.320718132854578508e-01,-4.309999999999999942e-01,0.000000000000000000e+00
4.345780969479353661e-01,-4.309999999999999942e-01,0.000000000000000000e+00
4.370843806104129370e-01,-4.309999999999999942e-01,0.000000000000000000e+00
4.395906642728905078e-01,-4.309999999999999942e-01,0.000000000000000000e+00
4.420969479353680232e-01,-4.309999999999999942e-01,0.000000000000000000e+00
4.446032315978456495e-01,-4.309999999999999942e-01,0.000000000000000000e+00
4.471095152603231648e-01,-4.309999999999999942e-01,0.000000000000000000e+00
4.496157989228007357e-01,-4.309999999999999942e-01,0.000000000000000000e+00
4.521220825852783065e-01,-4.309999999999999942e-01,0.000000000000000000e+00
4.546283662477558218e-01,-4.309999999999999942e-01,0.000000000000000000e+00
4.571346499102334482e-01,-4.309999999999999942e-01,0.000000000000000000e+00
4.596409335727109635e-01,-4.309999999999999942e-01,0.000000000000000000e+00
4.621472172351884788e-01,-4.309999999999999942e-01,0.000000000000000000e+00
4.646535008976661052e-01,-4.309999999999999942e-01,0.000000000000000000e+00
4.671597845601436205e-01,-4.309999999999999942e-01,0.000000000000000000e+00
4.696660682226212469e-01,-4.309999999999999942e-01,0.000000000000000000e+00
4.721723518850987622e-01,-4.309999999999999942e-01,0.000000000000000000e+00
4.746786355475762775e-01,-4.309999999999999942e-01,0.000000000000000000e+00
4.771849192100539039e-01,-4.309999999999999942e-01,0.000000000000000000e+00
4.796912028725314192e-01,-4.309999999999999942e-01,0.000000000000000000e+00
4.821974865350090456e-01,-4.309999999999999942e-01,0.000000000000000000e+00
4.847037701974865609e-01,-4.309999999999999942e-01,0.000000000000000000e+00
4.872100538599640762e-01,-4.309999999999999942e-01,0.000000000000000000e+00
4.897163375224417026e-01,-4.309999999999999942e-01,0.000000000000000000e+00
4.922226211849192179e-01,-4.309999999999999942e-01,0.000000000000000000e+00
4.947289048473968442e-01,-4.309999999999999942e-01,0.000000000000000000e+00
4.972351885098743596e-01,-4.309999999999999942e-01,0.000000000000000000e+00
4.997414721723518749e-01,-4.309999999999999942e-01,0.000000000000000000e+00
5.022477558348295013e-01,-4.309999999999999942e-01,0.000000000000000000e+00
5.047540394973070166e-01,-4.309999999999999942e-01,0.000000000000000000e+00
5.072603231597846429e-01,-4.309999999999999942e-01,0.000000000000000000e+00
5.097666068222621583e-01,-4.309999999999999942e-01,0.000000000000000000e+00
5.122728904847396736e-01,-4.309999999999999942e-01,0.000000000000000000e+00
5.147791741472172999e-01,-4.309999999999999942e-01,0.000000000000000000e+00
5.172854578096948153e-01,-4.309999999999999942e-01,0.000000000000000000e+00
5.197917414721723306e-01,-4.309999999999999942e-01,0.000000000000000000e+00
5.222980251346499569e-01,-4.309999999999999942e-01,0.000000000000000000e+00
5.248043087971274723e-01,-4.309999999999999942e-01,0.000000000000000000e+00
5.273105924596050986e-01,-4.309999999999999942e-01,0.000000000000000000e+00
5.298168761220826140e-01,-4.309999999999999942e-01,0.000000000000000000e+00
5.323231597845601293e-01,-4.309999999999999942e-01,0.000000000000000000e+00
5.348294434470377556e-01,-4.309999999999999942e-01,0.000000000000000000e+00
5.373357271095152710e-01,-4.309999999999999942e-01,0.000000000000000000e+00
5.398420107719928973e-01,-4.309999999999999942e-01,0.000000000000000000e+00
5.423482944344704126e-01,-4.309999999999999942e-01,0.000000000000000000e+00
5.448545780969479280e-01,-4.309999999999999942e-01,0.000000000000000000e+00
5.473608617594255543e-01,-4.309999999999999942e-01,0.000000000000000000e+00
5.498671454219030696e-01,-4.309999999999999942e-01,0.000000000000000000e+00
5.523734290843806960e-01,-4.309999999999999942e-01,0.000000000000000000e+00
5.548797127468582113e-01,-4.309999999999999942e-01,0.000000000000000000e+00
5.573859964093357267e-01,-4.309999999999999942e-01,0.000000000000000000e+00
5.598922800718133530e-01,-4.309999999999999942e-01,0.000000000000000000e+00
5.623985637342908683e-01,-4.309999999999999942e-01,0.000000000000000000e+00
5.649048473967683837e-01,-4.309999999999999942e-01,0.000000000000000000e+00
5.674111310592460100e-01,-4.309999999999999942e-01,0.000000000000000000e+00
5.699174147217235253e-01,-4.309999999999999942e-01,0.000000000000000000e+00
5.724236983842011517e-01,-4.309999999999999942e-01,0.000000000000000000e+00
5.749299820466786670e-01,-4.309999999999999942e-01,0.000000000000000000e+00
5.774362657091561823e-01,-4.309999999999999942e-01,0.000000000000000000e+00
5.799425493716338087e-01,-4.309999999999999942e-01,0.000000000000000000e+00
5.824488330341113240e-01,-4.309999999999999942e-01,0.000000000000000000e+00
5.849551166965889504e-01,-4.309999999999999942e-01,0.000000000000000000e+00
5.874614003590664657e-01,-4.309999999999999942e-01,0.000000000000000000e+00
5.899676840215439810e-01,-4.309999999999999942e-01,0.000000000000000000e+00
5.924739676840216074e-01,-4.309999999999999942e-01,0.000000000000000000e+00
5.949802513464991227e-01,-4.309999999999999942e-01,0.000000000000000000e+00
5.974865350089767491e-01,-4.309999999999999942e-01,0.000000000000000000e+00
5.999928186714542644e-01,-4.309999999999999942e-01,0.000000000000000000e+00
6.024991023339317797e-01,-4.309999999999999942e-01,0.000000000000000000e+00
6.050053859964094061e-01,-4.309999999999999942e-01,0.000000000000000000e+00
6.075116696588869214e-01,-4.309999999999999942e-01,0.000000000000000000e+00
6.100179533213645477e-01,-4.309999999999999942e-01,0.000000000000000000e+00
6.125242369838420631e-01,-4.309999999999999942e-01,0.000000000000000000e+00
6.150305206463195784e-01,-4.309999999999999942e-01,0.000000000000000000e+00
6.175368043087972048e-01,-4.309999999999999942e-01,0.000000000000000000e+00
6.200430879712747201e-01,-4.309999999999999942e-01,0.000000000000000000e+00
6.225493716337522354e-01,-4.309999999999999942e-01,0.000000000000000000e+00
6.250556552962298618e-01,-4.309999999999999942e-01,0.000000000000000000e+00
6.275619389587073771e-01,-4.309999999999999942e-01,0.000000000000000000e+00
6.300682226211850034e-01,-4.309999999999999942e-01,0.000000000000000000e+00
6.325745062836625188e-01,-4.309999999999999942e-01,0.000000000000000000e+00
6.350807899461400341e-01,-4.309999999999999942e-01,0.000000000000000000e+00
6.375870736086176604e-01,-4.309999999999999942e-01,0.000000000000000000e+00
6.400933572710951758e-01,-4.309999999999999942e-01,0.000000000000000000e+00
6.425996409335728021e-01,-4.309999999999999942e-01,0.000000000000000000e+00
6.451059245960503175e-01,-4.309999999999999942e-01,0.000000000000000000e+00
6.476122082585278328e-01,-4.309999999999999942e-01,0.000000000000000000e+00
6.501184919210054591e-01,-4.309999999999999942e-01,0.000000000000000000e+00
6.526247755834829745e-01,-4.309999999999999942e-01,0.000000000000000000e+00
6.551310592459606008e-01,-4.309999999999999942e-01,0.000000000000000000e+00
6.576373429084381161e-01,-4.309999999999999942e-01,0.000000000000000000e+00
6.601436265709156315e-01,-4.309999999999999942e-01,0.000000000000000000e+00
6.626499102333932578e-01,-4.309999999999999942e-01,0.000000000000000000e+00
6.651561938958707731e-01,-4.309999999999999942e-01,0.000000000000000000e+00
6.676624775583483995e-01,-4.309999999999999942e-01,0.000000000000000000e+00
6.701687612208259148e-01,-4.309999999999999942e-01,0.000000000000000000e+00
6.726750448833034302e-01,-4.309999999999999942e-01,0.000000000000000000e+00
6.751813285457810565e-01,-4.309999999999999942e-01,0.000000000000000000e+00
6.776876122082585718e-01,-4.309999999999999942e-01,0.000000000000000000e+00
6.801938958707360872e-01,-4.309999999999999942e-01,0.000000000000000000e+00
6.827001795332137135e-01,-4.309999999999999942e-01,0.000000000000000000e+00
6.852064631956912288e-01,-4.309999999999999942e-01,0.000000000000000000e+00
6.877127468581688552e-01,-4.309999999999999942e-01,0.000000000000000000e+00
6.902190305206463705e-01,-4.309999999999999942e-01,0.000000000000000000e+00
6.927253141831238858e-01,-4.309999999999999942e-01,0.000000000000000000e+00
6.952315978456015122e-01,-4.309999999999999942e-01,0.000000000000000000e+00
6.977378815080790275e-01,-4.309999999999999942e-01,0.000000000000000000e+00
7.002441651705566539e-01,-4.309999999999999942e-01,0.000000000000000000e+00
7.027504488330341692e-01,-4.309999999999999942e-01,0.000000000000000000e+00
7.052567324955116845e-01,-4.309999999999999942e-01,0.000000000000000000e+00
7.077630161579893109e-01,-4.309999999999999942e-01,0.000000000000000000e+00
7.102692998204668262e-01,-4.309999999999999942e-01,0.000000000000000000e+00
7.127755834829443415e-01,-4.309999999999999942e-01,0.000000000000000000e+00
7.152818671454219679e-01,-4.309999999999999942e-01,0.000000000000000000e+00
7.177881508078994832e-01,-4.309999999999999942e-01,0.000000000000000000e+00
7.202944344703769985e-01,-4.309999999999999942e-01,0.000000000000000000e+00
7.228007181328546249e-01,-4.309999999999999942e-01,0.000000000000000000e+00
7.253070017953321402e-01,-4.309999999999999942e-01,0.000000000000000000e+00
7.278132854578097666e-01,-4.309999999999999942e-01,0.000000000000000000e+00
7.303195691202872819e-01,-4.309999999999999942e-01,0.000000000000000000e+00
7.328258527827647972e-01,-4.309999999999999942e-01,0.000000000000000000e+00
7.353321364452424236e-01,-4.309999999999999942e-01,0.000000000000000000e+00
7.378384201077199389e-01,-4.309999999999999942e-01,0.000000000000000000e+00
7.403447037701975653e-01,-4.309999999999999942e-01,0.000000000000000000e+00
7.428509874326750806e-01,-4.309999999999999942e-01,0.000000000000000000e+00
7.453572710951525959e-01,-4.309999999999999942e-01,0.000000000000000000e+00
7.478635547576302223e-01,-4.309999999999999942e-01,0.000000000000000000e+00
7.503698384201077376e-01,-4.309999999999999942e-01,0.000000000000000000e+00
7.528761220825853639e-01,-4.309999999999999942e-01,0.000000000000000000e+00
7.553824057450628793e-01,-4.309999999999999942e-01,0.000000000000000000e+00
7.578886894075403946e-01,-4.309999999999999942e-01,0.000000000000000000e+00
7.603949730700180210e-01,-4.309999999999999942e-01,0.000000000000000000e+00
7.629012567324955363e-01,-4.309999999999999942e-01,0.000000000000000000e+00
7.654075403949731626e-01,-4.309999999999999942e-01,0.000000000000000000e+00
7.679138240574506780e-01,-4.309999999999999942e-01,0.000000000000000000e+00
7.704201077199281933e-01,-4.309999999999999942e-01,0.000000000000000000e+00
7.729263913824058196e-01,-4.309999999999999942e-01,0.000000000000000000e+00
7.754326750448833350e-01,-4.309999999999999942e-01,0.000000000000000000e+00
7.779389587073608503e-01,-4.309999999999999942e-01,0.000000000000000000e+00
7.804452423698384766e-01,-4.309999999999999942e-01,0.000000000000000000e+00
7.829515260323159920e-01,-4.309999999999999942e-01,0.000000000000000000e+00
7.854578096947936183e-01,-4.309999999999999942e-01,0.000000000000000000e+00
7.879640933572711337e-01,-4.309999999999999942e-01,0.000000000000000000e+00
7.904703770197486490e-01,-4.309999999999999942e-01,0.000000000000000000e+00
7.929766606822262753e-01,-4.309999999999999942e-01,0.000000000000000000e+00
7.954829443447037907e-01,-4.309999999999999942e-01,0.000000000000000000e+00
7.979892280071814170e-01,-4.309999999999999942e-01,0.000000000000000000e+00
8.004955116696589323e-01,-4.309999999999999942e-01,0.000000000000000000e+00
8.030017953321364477e-01,-4.309999999999999942e-01,0.000000000000000000e+00
8.055080789946140740e-01,-4.309999999999999942e-01,0.000000000000000000e+00
8.080143626570915893e-01,-4.309999999999999942e-01,0.000000000000000000e+00
8.105206463195692157e-01,-4.309999999999999942e-01,0.000000000000000000e+00
8.130269299820467310e-01,-4.309999999999999942e-01,0.000000000000000000e+00
8.155332136445242464e-01,-4.309999999999999942e-01,0.000000000000000000e+00
8.180394973070018727e-01,-4.309999999999999942e-01,0.000000000000000000e+00
8.205457809694793880e-01,-4.309999999999999942e-01,0.000000000000000000e+00
8.230520646319569034e-01,-4.309999999999999942e-01,0.000000000000000000e+00
8.255583482944345297e-01,-4.309999999999999942e-01,0.000000000000000000e+00
8.280646319569120450e-01,-4.309999999999999942e-01,0.000000000000000000e+00
8.305709156193896714e-01,-4.309999999999999942e-01,0.000000000000000000e+00
8.330771992818671867e-01,-4.309999999999999942e-01,0.000000000000000000e+00
8.355834829443447020e-01,-4.309999999999999942e-01,0.000000000000000000e+00
8.380897666068223284e-01,-4.309999999999999942e-01,0.000000000000000000e+00
8.405960502692998437e-01,-4.309999999999999942e-01,0.000000000000000000e+00
8.431023339317774701e-01,-4.309999999999999942e-01,0.000000000000000000e+00
8.456086175942549854e-01,-4.309999999999999942e-01,0.000000000000000000e+00
8.481149012567325007e-01,-4.309999999999999942e-01,0.000000000000000000e+00
8.506211849192101271e-01,-4.309999999999999942e-01,0.000000000000000000e+00
8.531274685816876424e-01,-4.309999999999999942e-01,0.000000000000000000e+00
8.556337522441652688e-01,-4.309999999999999942e-01,0.000000000000000000e+00
8.581400359066427841e-01,-4.309999999999999942e-01,0.000000000000000000e+00
8.606463195691202994e-01,-4.309999999999999942e-01,0.000000000000000000e+00
8.631526032315979258e-01,-4.309999999999999942e-01,0.000000000000000000e+00
8.656588868940754411e-01,-4.309999999999999942e-01,0.000000000000000000e+00
8.681651705565530674e-01,-4.309999999999999942e-01,0.000000000000000000e+00
8.706714542190305828e-01,-4.309999999999999942e-01,0.000000000000000000e+00
8.731777378815080981e-01,-4.309999999999999942e-01,0.000000000000000000e+00
8.756840215439857245e-01,-4.309999999999999942e-01,0.000000000000000000e+00
8.781903052064632398e-01,-4.309999999999999942e-01,0.000000000000000000e+00
8.806965888689407551e-01,-4.309999999999999942e-01,0.000000000000000000e+00
8.832028725314183815e-01,-4.309999999999999942e-01,0.000000000000000000e+00
8.857091561938958968e-01,-4.309999999999999942e-01,0.000000000000000000e+00
8.882154398563735231e-01,-4.309999999999999942e-01,0.000000000000000000e+00
8.907217235188510385e-01,-4.309999999999999942e-01,0.000000000000000000e+00
8.932280071813285538e-01,-4.309999999999999942e-01,0.000000000000000000e+00
8.957342908438061801e-01,-4.309999999999999942e-01,0.000000000000000000e+00
8.982405745062836955e-01,-4.309999999999999942e-01,0.000000000000000000e+00
9.007468581687613218e-01,-4.309999999999999942e-01,0.000000000000000000e+00
9.032531418312388372e-01,-4.309999999999999942e-01,0.000000000000000000e+00
9.057594254937163525e-01,-4.309999999999999942e-01,0.000000000000000000e+00
9.082657091561939788e-01,-4.309999999999999942e-01,0.000000000000000000e+00
9.107719928186714942e-01,-4.309999999999999942e-01,0.000000000000000000e+00
9.132782764811491205e-01,-4.309999999999999942e-01,0.000000000000000000e+00
9.157845601436266358e-01,-4.309999999999999942e-01,0.000000000000000000e+00
9.182908438061041512e-01,-4.309999999999999942e-01,0.000000000000000000e+00
9.207971274685817775e-01,-4.309999999999999942e-01,0.000000000000000000e+00
9.233034111310592928e-01,-4.309999999999999942e-01,0.000000000000000000e+00
9.258096947935368082e-01,-4.309999999999999942e-01,0.000000000000000000e+00
9.283159784560144345e-01,-4.309999999999999942e-01,0.000000000000000000e+00
9.308222621184919499e-01,-4.309999999999999942e-01,0.000000000000000000e+00
9.333285457809695762e-01,-4.309999999999999942e-01,0.000000000000000000e+00
9.358348294434470915e-01,-4.309999999999999942e-01,0.000000000000000000e+00
9.383411131059246069e-01,-4.309999999999999942e-01,0.000000000000000000e+00
9.408473967684022332e-01,-4.309999999999999942e-01,0.000000000000000000e+00
9.433536804308797485e-01,-4.309999999999999942e-01,0.000000000000000000e+00
9.458599640933573749e-01,-4.309999999999999942e-01,0.000000000000000000e+00
9.483662477558348902e-01,-4.309999999999999942e-01,0.000000000000000000e+00
9.508725314183124055e-01,-4.309999999999999942e-01,0.000000000000000000e+00
9.533788150807900319e-01,-4.309999999999999942e-01,0.000000000000000000e+00
9.558850987432675472e-01,-4.309999999999999942e-01,0.000000000000000000e+00
9.583913824057451736e-01,-4.309999999999999942e-01,0.000000000000000000e+00
9.608976660682226889e-01,-4.309999999999999942e-01,0.000000000000000000e+00
9.634039497307002042e-01,-4.309999999999999942e-01,0.000000000000000000e+00
9.659102333931778306e-01,-4.309999999999999942e-01,0.000000000000000000e+00
9.684165170556553459e-01,-4.309999999999999942e-01,0.000000000000000000e+00
9.709228007181329723e-01,-4.309999999999999942e-01,0.000000000000000000e+00
9.734290843806104876e-01,-4.309999999999999942e-01,0.000000000000000000e+00
9.759353680430880029e-01,-4.309999999999999942e-01,0.000000000000000000e+00
9.784416517055656293e-01,-4.309999999999999942e-01,0.000000000000000000e+00
9.809479353680431446e-01,-4.309999999999999942e-01,0.000000000000000000e+00
9.834542190305206599e-01,-4.309999999999999942e-01,0.000000000000000000e+00
9.859605026929982863e-01,-4.309999999999999942e-01,0.000000000000000000e+00
9.884667863554758016e-01,-4.309999999999999942e-01,0.000000000000000000e+00
9.909730700179534280e-01,-4.309999999999999942e-01,0.000000000000000000e+00
9.934793536804309433e-01,-4.309999999999999942e-01,0.000000000000000000e+00
9.959856373429084586e-01,-4.309999999999999942e-01,0.000000000000000000e+00
9.984919210053860850e-01,-4.309999999999999942e-01,0.000000000000000000e+00
1.000998204667863600e+00,-4.309999999999999942e-01,0.000000000000000000e+00
1.003504488330341227e+00,-4.309999999999999942e-01,0.000000000000000000e+00
1.006010771992818853e+00,-4.309999999999999942e-01,0.000000000000000000e+00
1.008517055655296257e+00,-4.309999999999999942e-01,0.000000000000000000e+00
1.011023339317773884e+00,-4.309999999999999942e-01,0.000000000000000000e+00
1.013529622980251510e+00,-4.309999999999999942e-01,0.000000000000000000e+00
1.016035906642729136e+00,-4.309999999999999942e-01,0.000000000000000000e+00
1.018542190305206541e+00,-4.309999999999999942e-01,0.000000000000000000e+00
1.021048473967684167e+00,-4.309999999999999942e-01,0.000000000000000000e+00
1.023554757630161793e+00,-4.309999999999999942e-01,0.000000000000000000e+00
1.026061041292639198e+00,-4.309999999999999942e-01,0.000000000000000000e+00
1.028567324955116824e+00,-4.309999999999999942e-01,0.000000000000000000e+00
1.031073608617594450e+00,-4.309999999999999942e-01,0.000000000000000000e+00
1.033579892280071855e+00,-4.309999999999999942e-01,0.000000000000000000e+00
1.036086175942549481e+00,-4.309999999999999942e-01,0.000000000000000000e+00
1.038592459605027107e+00,-4.309999999999999942e-01,0.000000000000000000e+00
1.041098743267504512e+00,-4.309999999999999942e-01,0.000000000000000000e+00
1.043605026929982138e+00,-4.309999999999999942e-01,0.000000000000000000e+00
1.046111310592459764e+00,-4.309999999999999942e-01,0.000000000000000000e+00
1.048617594254937391e+00,-4.309999999999999942e-01,0.000000000000000000e+00
1.051123877917414795e+00,-4.309999999999999942e-01,0.000000000000000000e+00
1.053630161579892421e+00,-4.309999999999999942e-01,0.000000000000000000e+00
1.056136445242370048e+00,-4.309999999999999942e-01,0.000000000000000000e+00
1.058642728904847452e+00,-4.309999999999999942e-01,0.000000000000000000e+00
1.061149012567325078e+00,-4.309999999999999942e-01,0.000000000000000000e+00
1.063655296229802705e+00,-4.309999999999999942e-01,0.000000000000000000e+00
1.066161579892280109e+00,-4.309999999999999942e-01,0.000000000000000000e+00
1.068667863554757735e+00,-4.309999999999999942e-01,0.000000000000000000e+00
1.071174147217235362e+00,-4.309999999999999942e-01,0.000000000000000000e+00
1.073680430879712988e+00,-4.309999999999999942e-01,0.000000000000000000e+00
1.076186714542190392e+00,-4.309999999999999942e-01,0.000000000000000000e+00
1.078692998204668019e+00,-4.309999999999999942e-01,0.000000000000000000e+00
1.081199281867145645e+00,-4.309999999999999942e-01,0.000000000000000000e+00
1.083705565529623049e+00,-4.309999999999999942e-01,0.000000000000000000e+00
1.086211849192100676e+00,-4.309999999999999942e-01,0.000000000000000000e+00
1.088718132854578302e+00,-4.309999999999999942e-01,0.000000000000000000e+00
1.091224416517055706e+00,-4.309999999999999942e-01,0.000000000000000000e+00
1.093730700179533333e+00,-4.309999999999999942e-01,0.000000000000000000e+00
1.096236983842010959e+00,-4.309999999999999942e-01,0.000000000000000000e+00
1.098743267504488363e+00,-4.309999999999999942e-01,0.000000000000000000e+00
1.101249551166965990e+00,-4.309999999999999942e-01,0.000000000000000000e+00
1.103755834829443616e+00,-4.309999999999999942e-01,0.000000000000000000e+00
1.106262118491921242e+00,-4.309999999999999942e-01,0.000000000000000000e+00
1.108768402154398647e+00,-4.309999999999999942e-01,0.000000000000000000e+00
1.111274685816876273e+00,-4.309999999999999942e-01,0.000000000000000000e+00
1.113780969479353899e+00,-4.309999999999999942e-01,0.000000000000000000e+00
1.116287253141831304e+00,-4.309999999999999942e-01,0.000000000000000000e+00
1.118793536804308930e+00,-4.309999999999999942e-01,0.000000000000000000e+00
1.121299820466786556e+00,-4.309999999999999942e-01,0.000000000000000000e+00
1.123806104129263961e+00,-4.309999999999999942e-01,0.000000000000000000e+00
1.126312387791741587e+00,-4.309999999999999942e-01,0.000000000000000000e+00
1.128818671454219214e+00,-4.309999999999999942e-01,0.000000000000000000e+00
1.131324955116696840e+00,-4.309999999999999942e-01,0.000000000000000000e+00
1.133831238779174244e+00,-4.309999999999999942e-01,0.000000000000000000e+00
1.136337522441651871e+00,-4.309999999999999942e-01,0.000000000000000000e+00
1.138843806104129497e+00,-4.309999999999999942e-01,0.000000000000000000e+00
1.141350089766606901e+00,-4.309999999999999942e-01,0.000000000000000000e+00
1.143856373429084528e+00,-4.309999999999999942e-01,0.000000000000000000e+00
1.146362657091562154e+00,-4.309999999999999942e-01,0.000000000000000000e+00
1.148868940754039558e+00,-4.309999999999999942e-01,0.000000000000000000e+00
1.151375224416517185e+00,-4.309999999999999942e-01,0.000000000000000000e+00
1.153881508078994811e+00,-4.309999999999999942e-01,0.000000000000000000e+00
1.156387791741472215e+00,-4.309999999999999942e-01,0.000000000000000000e+00
1.158894075403949842e+00,-4.309999999999999942e-01,0.000000000000000000e+00
1.161400359066427468e+00,-4.309999999999999942e-01,0.000000000000000000e+00
1.163906642728905094e+00,-4.309999999999999942e-01,0.000000000000000000e+00
1.166412926391382499e+00,-4.309999999999999942e-01,0.000000000000000000e+00
1.168919210053860125e+00,-4.309999999999999942e-01,0.000000000000000000e+00
1.171425493716337751e+00,-4.309999999999999942e-01,0.000000000000000000e+00
1.173931777378815156e+00,-4.309999999999999942e-01,0.000000000000000000e+00
1.176438061041292782e+00,-4.309999999999999942e-01,0.000000000000000000e+00
1.178944344703770408e+00,-4.309999999999999942e-01,0.000000000000000000e+00
1.181450628366247813e+00,-4.309999999999999942e-01,0.000000000000000000e+00
1.183956912028725439e+00,-4.309999999999999942e-01,0.000000000000000000e+00
1.186463195691203065e+00,-4.309999999999999942e-01,0.000000000000000000e+00
1.188969479353680692e+00,-4.309999999999999942e-01,0.000000000000000000e+00
1.191475763016158096e+00,-4.309999999999999942e-01,0.000000000000000000e+00
1.193982046678635722e+00,-4.309999999999999942e-01,0.000000000000000000e+00
1.196488330341113349e+00,-4.309999999999999942e-01,0.000000000000000000e+00
1.198994614003590753e+00,-4.309999999999999942e-01,0.000000000000000000e+00
1.201500897666068379e+00,-4.309999999999999942e-01,0.000000000000000000e+00
1.204007181328545784e+00,-4.309999999999999942e-01,0.000000000000000000e+00
1.206513464991023410e+00,-4.309999999999999942e-01,0.000000000000000000e+00
1.209019748653501036e+00,-4.309999999999999942e-01,0.000000000000000000e+00
1.211526032315978663e+00,-4.309999999999999942e-01,0.000000000000000000e+00
1.214032315978456067e+00,-4.309999999999999942e-01,0.000000000000000000e+00
1.216538599640933693e+00,-4.309999999999999942e-01,0.000000000000000000e+00
1.219044883303411320e+00,-4.309999999999999942e-01,0.000000000000000000e+00
1.221551166965888724e+00,-4.309999999999999942e-01,0.000000000000000000e+00
1.224057450628366350e+00,-4.309999999999999942e-01,0.000000000000000000e+00
1.226563734290843977e+00,-4.309999999999999942e-01,0.000000000000000000e+00
1.229070017953321381e+00,-4.309999999999999942e-01,0.000000000000000000e+00
1.231576301615799007e+00,-4.309999999999999942e-01,0.000000000000000000e+00
1.234082585278276634e+00,-4.309999999999999942e-01,0.000000000000000000e+00
1.236588868940754038e+00,-4.309999999999999942e-01,0.000000000000000000e+00
1.239095152603231664e+00,-4.309999999999999942e-01,0.000000000000000000e+00
1.241601436265709291e+00,-4.309999999999999942e-01,0.000000000000000000e+00
1.244107719928186917e+00,-4.309999999999999942e-01,0.000000000000000000e+00
1.246614003590664321e+00,-4.309999999999999942e-01,0.000000000000000000e+00
1.249120287253141948e+00,-4.309999999999999942e-01,0.000000000000000000e+00
1.251626570915619574e+00,-4.309999999999999942e-01,0.000000000000000000e+00
1.254132854578096978e+00,-4.309999999999999942e-01,0.000000000000000000e+00
1.256639138240574605e+00,-4.309999999999999942e-01,0.000000000000000000e+00
1.259145421903052231e+00,-4.309999999999999942e-01,0.000000000000000000e+00
1.261651705565529635e+00,-4.309999999999999942e-01,0.000000000000000000e+00
1.264157989228007262e+00,-4.309999999999999942e-01,0.000000000000000000e+00
1.266664272890484888e+00,-4.309999999999999942e-01,0.000000000000000000e+00
1.269170556552962514e+00,-4.309999999999999942e-01,0.000000000000000000e+00
1.271676840215439919e+00,-4.309999999999999942e-01,0.000000000000000000e+00
1.274183123877917545e+00,-4.309999999999999942e-01,0.000000000000000000e+00
1.276689407540395171e+00,-4.309999999999999942e-01,0.000000000000000000e+00
1.279195691202872576e+00,-4.309999999999999942e-01,0.000000000000000000e+00
1.281701974865350202e+00,-4.309999999999999942e-01,0.000000000000000000e+00
1.284208258527827828e+00,-4.309999999999999942e-01,0.000000000000000000e+00
1.286714542190305233e+00,-4.309999999999999942e-01,0.000000000000000000e+00
1.289220825852782859e+00,-4.309999999999999942e-01,0.000000000000000000e+00
1.291727109515260485e+00,-4.309999999999999942e-01,0.000000000000000000e+00
1.294233393177737890e+00,-4.309999999999999942e-01,0.000000000000000000e+00
1.296739676840215516e+00,-4.309999999999999942e-01,0.000000000000000000e+00
1.299245960502693142e+00,-4.309999999999999942e-01,0.000000000000000000e+00
1.301752244165170769e+00,-4.309999999999999942e-01,0.000000000000000000e+00
1.304258527827648173e+00,-4.309999999999999942e-01,0.000000000000000000e+00
1.306764811490125799e+00,-4.309999999999999942e-01,0.000000000000000000e+00
1.309271095152603426e+00,-4.309999999999999942e-01,0.000000000000000000e+00
1.311777378815080830e+00,-4.309999999999999942e-01,0.000000000000000000e+00
1.314283662477558456e+00,-4.309999999999999942e-01,0.000000000000000000e+00
1.316789946140036083e+00,-4.309999999999999942e-01,0.000000000000000000e+00
1.319296229802513487e+00,-4.309999999999999942e-01,0.000000000000000000e+00
1.321802513464991113e+00,-4.309999999999999942e-01,0.000000000000000000e+00
1.324308797127468740e+00,-4.309999999999999942e-01,0.000000000000000000e+00
1.326815080789946366e+00,-4.309999999999999942e-01,0.000000000000000000e+00
1.329321364452423770e+00,-4.309999999999999942e-01,0.000000000000000000e+00
1.331827648114901397e+00,-4.309999999999999942e-01,0.000000000000000000e+00
1.334333931777379023e+00,-4.309999999999999942e-01,0.000000000000000000e+00
1.336840215439856427e+00,-4.309999999999999942e-01,0.000000000000000000e+00
1.339346499102334054e+00,-4.309999999999999942e-01,0.000000000000000000e+00
1.341852782764811680e+00,-4.309999999999999942e-01,0.000000000000000000e+00
1.344359066427289084e+00,-4.309999999999999942e-01,0.000000000000000000e+00
1.346865350089766711e+00,-4.309999999999999942e-01,0.000000000000000000e+00
1.349371633752244337e+00,-4.309999999999999942e-01,0.000000000000000000e+00
1.351877917414721741e+00,-4.309999999999999942e-01,0.000000000000000000e+00
1.354384201077199368e+00,-4.309999999999999942e-01,0.000000000000000000e+00
1.356890484739676994e+00,-4.309999999999999942e-01,0.000000000000000000e+00
1.359396768402154621e+00,-4.309999999999999942e-01,0.000000000000000000e+00
1.361903052064632025e+00,-4.309999999999999942e-01,0.000000000000000000e+00
1.364409335727109651e+00,-4.309999999999999942e-01,0.000000000000000000e+00
1.366915619389587278e+00,-4.309999999999999942e-01,0.000000000000000000e+00
1.369421903052064682e+00,-4.309999999999999942e-01,0.000000000000000000e+00
1.371928186714542308e+00,-4.309999999999999942e-01,0.000000000000000000e+00
1.374434470377019935e+00,-4.309999999999999942e-01,0.000000000000000000e+00
1.376940754039497339e+00,-4.309999999999999942e-01,0.000000000000000000e+00
1.379447037701974965e+00,-4.309999999999999942e-01,0.000000000000000000e+00
1.381953321364452592e+00,-4.309999999999999942e-01,0.000000000000000000e+00
1.384459605026929996e+00,-4.309999999999999942e-01,0.000000000000000000e+00
1.386965888689407622e+00,-4.309999999999999942e-01,0.000000000000000000e+00
1.389472172351885249e+00,-4.309999999999999942e-01,0.000000000000000000e+00
1.391978456014362875e+00,-4.309999999999999942e-01,0.000000000000000000e+00
1.394484739676840279e+00,-4.309999999999999942e-01,0.000000000000000000e+00
1.396991023339317906e+00,-4.309999999999999942e-01,0.000000000000000000e+00
1.399497307001795532e+00,-4.309999999999999942e-01,0.000000000000000000e+00
1.402003590664272936e+00,-4.309999999999999942e-01,0.000000000000000000e+00
1.404509874326750563e+00,-4.309999999999999942e-01,0.000000000000000000e+00
1.407016157989228189e+00,-4.309999999999999942e-01,0.000000000000000000e+00
1.409522441651705593e+00,-4.309999999999999942e-01,0.000000000000000000e+00
1.412028725314183220e+00,-4.309999999999999942e-01,0.000000000000000000e+00
1.414535008976660846e+00,-4.309999999999999942e-01,0.000000000000000000e+00
1.417041292639138472e+00,-4.309999999999999942e-01,0.000000000000000000e+00
1.419547576301615877e+00,-4.309999999999999942e-01,0.000000000000000000e+00
1.422053859964093503e+00,-4.309999999999999942e-01,0.000000000000000000e+00
1.424560143626571129e+00,-4.309999999999999942e-01,0.000000000000000000e+00
1.427066427289048534e+00,-4.309999999999999942e-01,0.000000000000000000e+00
1.429572710951526160e+00,-4.309999999999999942e-01,0.000000000000000000e+00
1.432078994614003786e+00,-4.309999999999999942e-01,0.000000000000000000e+00
1.434585278276481191e+00,-4.309999999999999942e-01,0.000000000000000000e+00
1.437091561938958817e+00,-4.309999999999999942e-01,0.000000000000000000e+00
1.439597845601436443e+00,-4.309999999999999942e-01,0.000000000000000000e+00
1.442104129263913848e+00,-4.309999999999999942e-01,0.000000000000000000e+00
1.444610412926391474e+00,-4.309999999999999942e-01,0.000000000000000000e+00
1.447116696588869100e+00,-4.309999999999999942e-01,0.000000000000000000e+00
1.449622980251346727e+00,-4.309999999999999942e-01,0.000000000000000000e+00
1.452129263913824131e+00,-4.309999999999999942e-01,0.000000000000000000e+00
1.454635547576301757e+00,-4.309999999999999942e-01,0.000000000000000000e+00
1.457141831238779384e+00,-4.309999999999999942e-01,0.000000000000000000e+00
1.459648114901256788e+00,-4.309999999999999942e-01,0.000000000000000000e+00
1.462154398563734414e+00,-4.309999999999999942e-01,0.000000000000000000e+00
1.464660682226212041e+00,-4.309999999999999942e-01,0.000000000000000000e+00
1.467166965888689445e+00,-4.309999999999999942e-01,0.000000000000000000e+00
1.469673249551167071e+00,-4.309999999999999942e-01,0.000000000000000000e+00
1.472179533213644698e+00,-4.309999999999999942e-01,0.000000000000000000e+00
1.474685816876122324e+00,-4.309999999999999942e-01,0.000000000000000000e+00
1.477192100538599728e+00,-4.309999999999999942e-01,0.000000000000000000e+00
1.479698384201077355e+00,-4.309999999999999942e-01,0.000000000000000000e+00
1.482204667863554981e+00,-4.309999999999999942e-01,0.000000000000000000e+00
1.484710951526032385e+00,-4.309999999999999942e-01,0.000000000000000000e+00
1.487217235188510012e+00,-4.309999999999999942e-01,0.000000000000000000e+00
1.489723518850987638e+00,-4.309999999999999942e-01,0.000000000000000000e+00
1.492229802513465042e+00,-4.309999999999999942e-01,0.000000000000000000e+00
1.494736086175942669e+00,-4.309999999999999942e-01,0.000000000000000000e+00
1.497242369838420295e+00,-4.309999999999999942e-01,0.000000000000000000e+00
1.499748653500897699e+00,-4.309999999999999942e-01,0.000000000000000000e+00
1.502254937163375326e+00,-4.309999999999999942e-01,0.000000000000000000e+00
1.504761220825852952e+00,-4.309999999999999942e-01,0.000000000000000000e+00
1.507267504488330578e+00,-4.309999999999999942e-01,0.000000000000000000e+00
1.509773788150807983e+00,-4.309999999999999942e-01,0.000000000000000000e+00
1.512280071813285609e+00,-4.309999999999999942e-01,0.000000000000000000e+00
1.514786355475763235e+00,-4.309999999999999942e-01,0.000000000000000000e+00
1.517292639138240640e+00,-4.309999999999999942e-01,0.000000000000000000e+00
1.519798922800718266e+00,-4.309999999999999942e-01,0.000000000000000000e+00
1.522305206463195892e+00,-4.309999999999999942e-01,0.000000000000000000e+00
1.524811490125673297e+00,-4.309999999999999942e-01,0.000000000000000000e+00
1.527317773788150923e+00,-4.309999999999999942e-01,0.000000000000000000e+00
1.529824057450628549e+00,-4.309999999999999942e-01,0.000000000000000000e+00
1.532330341113106176e+00,-4.309999999999999942e-01,0.000000000000000000e+00
1.534836624775583580e+00,-4.309999999999999942e-01,0.000000000000000000e+00
1.537342908438061206e+00,-4.309999999999999942e-01,0.000000000000000000e+00
1.539849192100538833e+00,-4.309999999999999942e-01,0.000000000000000000e+00
1.542355475763016237e+00,-4.309999999999999942e-01,0.000000000000000000e+00
1.544861759425493863e+00,-4.309999999999999942e-01,0.000000000000000000e+00
1.547368043087971490e+00,-4.309999999999999942e-01,0.000000000000000000e+00
1.549874326750448894e+00,-4.309999999999999942e-01,0.000000000000000000e+00
1.552380610412926520e+00,-4.309999999999999942e-01,0.000000000000000000e+00
1.554886894075404147e+00,-4.309999999999999942e-01,0.000000000000000000e+00
1.557393177737881551e+00,-4.309999999999999942e-01,0.000000000000000000e+00
1.559899461400359177e+00,-4.309999999999999942e-01,0.000000000000000000e+00
1.562405745062836804e+00,-4.309999999999999942e-01,0.000000000000000000e+00
1.564912028725314430e+00,-4.309999999999999942e-01,0.000000000000000000e+00
1.567418312387791834e+00,-4.309999999999999942e-01,0.000000000000000000e+00
1.569924596050269461e+00,-4.309999999999999942e-01,0.000000000000000000e+00
1.572430879712747087e+00,-4.309999999999999942e-01,0.000000000000000000e+00
1.574937163375224491e+00,-4.309999999999999942e-01,0.000000000000000000e+00
1.577443447037702118e+00,-4.309999999999999942e-01,0.000000000000000000e+00
1.579949730700179744e+00,-4.309999999999999942e-01,0.000000000000000000e+00
1.582456014362657148e+00,-4.309999999999999942e-01,0.000000000000000000e+00
1.584962298025134775e+00,-4.309999999999999942e-01,0.000000000000000000e+00
1.587468581687612401e+00,-4.309999999999999942e-01,0.000000000000000000e+00
1.589974865350090028e+00,-4.309999999999999942e-01,0.000000000000000000e+00
1.592481149012567432e+00,-4.309999999999999942e-01,0.000000000000000000e+00
1.594987432675045058e+00,-4.309999999999999942e-01,0.000000000000000000e+00
1.597493716337522685e+00,-4.309999999999999942e-01,0.000000000000000000e+00
