-1.600000000000000089e+00,-3.029999999999999916e-01,0.000000000000000000e+00
-1.597496551724137959e+00,-3.029999999999999916e-01,0.000000000000000000e+00
-1.594993103448276051e+00,-3.029999999999999916e-01,0.000000000000000000e+00
-1.592489655172413920e+00,-3.029999999999999916e-01,0.000000000000000000e+00
-1.589986206896551790e+00,-3.029999999999999916e-01,0.000000000000000000e+00
-1.587482758620689660e+00,-3.029999999999999916e-01,0.000000000000000000e+00
-1.584979310344827752e+00,-3.029999999999999916e-01,0.000000000000000000e+00
-1.582475862068965622e+00,-3.029999999999999916e-01,0.000000000000000000e+00
-1.579972413793103492e+00,-3.029999999999999916e-01,0.000000000000000000e+00
-1.577468965517241362e+00,-3.029999999999999916e-01,0.000000000000000000e+00
-1.574965517241379453e+00,-3.029999999999999916e-01,0.000000000000000000e+00
-1.572462068965517323e+00,-3.029999999999999916e-01,0.000000000000000000e+00
-1.569958620689655193e+00,-3.029999999999999916e-01,0.000000000000000000e+00
-1.567455172413793285e+00,-3.029999999999999916e-01,0.000000000000000000e+00
-1.564951724137931155e+00,-3.029999999999999916e-01,0.000000000000000000e+00
-1.562448275862069025e+00,-3.029999999999999916e-01,0.000000000000000000e+00
-1.559944827586206895e+00,-3.029999999999999916e-01,0.000000000000000000e+00
-1.557441379310344987e+00,-3.029999999999999916e-01,0.000000000000000000e+00
-1.554937931034482856e+00,-3.029999999999999916e-01,0.000000000000000000e+00
-1.552434482758620726e+00,-3.029999999999999916e-01,0.000000000000000000e+00
-1.549931034482758596e+00,-3.029999999999999916e-01,0.000000000000000000e+00
-1.547427586206896688e+00,-3.029999999999999916e-01,0.000000000000000000e+00
-1.544924137931034558e+00,-3.029999999999999916e-01,0.000000000000000000e+00
-1.542420689655172428e+00,-3.029999999999999916e-01,0.000000000000000000e+00
-1.539917241379310520e+00,-3.029999999999999916e-01,0.000000000000000000e+00
-1.537413793103448389e+00,-3.029999999999999916e-01,0.000000000000000000e+00
-1.534910344827586259e+00,-3.029999999999999916e-01,0.000000000000000000e+00
-1.532406896551724129e+00,-3.029999999999999916e-01,0.000000000000000000e+00
-1.529903448275862221e+00,-3.029999999999999916e-01,0.000000000000000000e+00
-1.527400000000000091e+00,-3.029999999999999916e-01,0.000000000000000000e+00
-1.524896551724137961e+00,-3.029999999999999916e-01,0.000000000000000000e+00
-1.522393103448275831e+00,-3.029999999999999916e-01,0.000000000000000000e+00
-1.519889655172413923e+00,-3.029999999999999916e-01,0.000000000000000000e+00
-1.517386206896551792e+00,-3.029999999999999916e-01,0.000000000000000000e+00
-1.514882758620689662e+00,-3.029999999999999916e-01,0.000000000000000000e+00
-1.512379310344827754e+00,-3.029999999999999916e-01,0.000000000000000000e+00
-1.509875862068965624e+00,-3.029999999999999916e-01,0.000000000000000000e+00
-1.507372413793103494e+00,-3.029999999999999916e-01,0.000000000000000000e+00
-1.504868965517241364e+00,-3.029999999999999916e-01,0.000000000000000000e+00
-1.502365517241379456e+00,-3.029999999999999916e-01,0.000000000000000000e+00
-1.499862068965517325e+00,-3.029999999999999916e-01,0.000000000000000000e+00
-1.497358620689655195e+00,-3.029999999999999916e-01,0.000000000000000000e+00
-1.494855172413793287e+00,-3.029999999999999916e-01,0.000000000000000000e+00
-1.492351724137931157e+00,-3.029999999999999916e-01,0.000000000000000000e+00
-1.489848275862069027e+00,-3.029999999999999916e-01,0.000000000000000000e+00
-1.487344827586206897e+00,-3.029999999999999916e-01,0.000000000000000000e+00
-1.484841379310344989e+00,-3.029999999999999916e-01,0.000000000000000000e+00
-1.482337931034482859e+00,-3.029999999999999916e-01,0.000000000000000000e+00
-1.479834482758620728e+00,-3.029999999999999916e-01,0.000000000000000000e+00
-1.477331034482758598e+00,-3.029999999999999916e-01,0.000000000000000000e+00
-1.474827586206896690e+00,-3.029999999999999916e-01,0.000000000000000000e+00
-1.472324137931034560e+00,-3.029999999999999916e-01,0.000000000000000000e+00
-1.469820689655172430e+00,-3.029999999999999916e-01,0.000000000000000000e+00
-1.467317241379310300e+00,-3.029999999999999916e-01,0.000000000000000000e+00
-1.464813793103448392e+00,-3.029999999999999916e-01,0.000000000000000000e+00
-1.462310344827586261e+00,-3.029999999999999916e-01,0.000000000000000000e+00
-1.459806896551724131e+00,-3.029999999999999916e-01,0.000000000000000000e+00
-1.457303448275862223e+00,-3.029999999999999916e-01,0.000000000000000000e+00
-1.454800000000000093e+00,-3.029999999999999916e-01,0.000000000000000000e+00
-1.452296551724137963e+00,-3.029999999999999916e-01,0.000000000000000000e+00
-1.449793103448275833e+00,-3.029999999999999916e-01,0.000000000000000000e+00
-1.447289655172413925e+00,-3.029999999999999916e-01,0.000000000000000000e+00
-1.444786206896551795e+00,-3.029999999999999916e-01,0.000000000000000000e+00
-1.442282758620689664e+00,-3.029999999999999916e-01,0.000000000000000000e+00
-1.439779310344827756e+00,-3.029999999999999916e-01,0.000000000000000000e+00
-1.437275862068965626e+00,-3.029999999999999916e-01,0.000000000000000000e+00
-1.434772413793103496e+00,-3.029999999999999916e-01,0.000000000000000000e+00
-1.432268965517241366e+00,-3.029999999999999916e-01,0.000000000000000000e+00
-1.429765517241379458e+00,-3.029999999999999916e-01,0.000000000000000000e+00
-1.427262068965517328e+00,-3.029999999999999916e-01,0.000000000000000000e+00
-1.424758620689655197e+00,-3.029999999999999916e-01,0.000000000000000000e+00
-1.422255172413793067e+00,-3.029999999999999916e-01,0.000000000000000000e+00
-1.419751724137931159e+00,-3.029999999999999916e-01,0.000000000000000000e+00
-1.417248275862069029e+00,-3.029999999999999916e-01,0.000000000000000000e+00
-1.414744827586206899e+00,-3.029999999999999916e-01,0.000000000000000000e+00
-1.412241379310344769e+00,-3.029999999999999916e-01,0.000000000000000000e+00
-1.409737931034482861e+00,-3.029999999999999916e-01,0.000000000000000000e+00
-1.407234482758620731e+00,-3.029999999999999916e-01,0.000000000000000000e+00
-1.404731034482758600e+00,-3.029999999999999916e-01,0.000000000000000000e+00
-1.402227586206896692e+00,-3.029999999999999916e-01,0.000000000000000000e+00
-1.399724137931034562e+00,-3.029999999999999916e-01,0.000000000000000000e+00
-1.397220689655172432e+00,-3.029999999999999916e-01,0.000000000000000000e+00
-1.394717241379310302e+00,-3.029999999999999916e-01,0.000000000000000000e+00
-1.392213793103448394e+00,-3.029999999999999916e-01,0.000000000000000000e+00
-1.389710344827586264e+00,-3.029999999999999916e-01,0.000000000000000000e+00
-1.387206896551724133e+00,-3.029999999999999916e-01,0.000000000000000000e+00
-1.384703448275862225e+00,-3.029999999999999916e-01,0.000000000000000000e+00
-1.382200000000000095e+00,-3.029999999999999916e-01,0.000000000000000000e+00
-1.379696551724137965e+00,-3.029999999999999916e-01,0.000000000000000000e+00
-1.377193103448275835e+00,-3.029999999999999916e-01,0.000000000000000000e+00
-1.374689655172413927e+00,-3.029999999999999916e-01,0.000000000000000000e+00
-1.372186206896551797e+00,-3.029999999999999916e-01,0.000000000000000000e+00
-1.369682758620689667e+00,-3.029999999999999916e-01,0.000000000000000000e+00
-1.367179310344827536e+00,-3.029999999999999916e-01,0.000000000000000000e+00
-1.364675862068965628e+00,-3.029999999999999916e-01,0.000000000000000000e+00
-1.362172413793103498e+00,-3.029999999999999916e-01,0.000000000000000000e+00
-1.359668965517241368e+00,-3.029999999999999916e-01,0.000000000000000000e+00
-1.357165517241379238e+00,-3.029999999999999916e-01,0.000000000000000000e+00
-1.354662068965517330e+00,-3.029999999999999916e-01,0.000000000000000000e+00
-1.352158620689655200e+00,-3.029999999999999916e-01,0.000000000000000000e+00
-1.349655172413793069e+00,-3.029999999999999916e-01,0.000000000000000000e+00
-1.347151724137931161e+00,-3.029999999999999916e-01,0.000000000000000000e+00
-1.344648275862069031e+00,-3.029999999999999916e-01,0.000000000000000000e+00
-1.342144827586206901e+00,-3.029999999999999916e-01,0.000000000000000000e+00
-1.339641379310344771e+00,-3.029999999999999916e-01,0.000000000000000000e+00
-1.337137931034482863e+00,-3.029999999999999916e-01,0.000000000000000000e+00
-1.334634482758620733e+00,-3.029999999999999916e-01,0.000000000000000000e+00
-1.332131034482758603e+00,-3.029999999999999916e-01,0.000000000000000000e+00
-1.329627586206896694e+00,-3.029999999999999916e-01,0.000000000000000000e+00
-1.327124137931034564e+00,-3.029999999999999916e-01,0.000000000000000000e+00
-1.324620689655172434e+00,-3.029999999999999916e-01,0.000000000000000000e+00
-1.322117241379310304e+00,-3.029999999999999916e-01,0.000000000000000000e+00
-1.319613793103448174e+00,-3.029999999999999916e-01,0.000000000000000000e+00
-1.317110344827586266e+00,-3.029999999999999916e-01,0.000000000000000000e+00
-1.314606896551724136e+00,-3.029999999999999916e-01,0.000000000000000000e+00
-1.312103448275862227e+00,-3.029999999999999916e-01,0.000000000000000000e+00
-1.309600000000000097e+00,-3.029999999999999916e-01,0.000000000000000000e+00
-1.307096551724137967e+00,-3.029999999999999916e-01,0.000000000000000000e+00
-1.304593103448275837e+00,-3.029999999999999916e-01,0.000000000000000000e+00
-1.302089655172413707e+00,-3.029999999999999916e-01,0.000000000000000000e+00
-1.299586206896551799e+00,-3.029999999999999916e-01,0.000000000000000000e+00
-1.297082758620689669e+00,-3.029999999999999916e-01,0.000000000000000000e+00
-1.294579310344827539e+00,-3.029999999999999916e-01,0.000000000000000000e+00
-1.292075862068965630e+00,-3.029999999999999916e-01,0.000000000000000000e+00
-1.289572413793103500e+00,-3.029999999999999916e-01,0.000000000000000000e+00
-1.287068965517241370e+00,-3.029999999999999916e-01,0.000000000000000000e+00
-1.284565517241379240e+00,-3.029999999999999916e-01,0.000000000000000000e+00
-1.282062068965517332e+00,-3.029999999999999916e-01,0.000000000000000000e+00
-1.279558620689655202e+00,-3.029999999999999916e-01,0.000000000000000000e+00
-1.277055172413793072e+00,-3.029999999999999916e-01,0.000000000000000000e+00
-1.274551724137931163e+00,-3.029999999999999916e-01,0.000000000000000000e+00
-1.272048275862069033e+00,-3.029999999999999916e-01,0.000000000000000000e+00
-1.269544827586206903e+00,-3.029999999999999916e-01,0.000000000000000000e+00
-1.267041379310344773e+00,-3.029999999999999916e-01,0.000000000000000000e+00
-1.264537931034482865e+00,-3.029999999999999916e-01,0.000000000000000000e+00
-1.262034482758620735e+00,-3.029999999999999916e-01,0.000000000000000000e+00
-1.259531034482758605e+00,-3.029999999999999916e-01,0.000000000000000000e+00
-1.257027586206896697e+00,-3.029999999999999916e-01,0.000000000000000000e+00
-1.254524137931034566e+00,-3.029999999999999916e-01,0.000000000000000000e+00
-1.252020689655172436e+00,-3.029999999999999916e-01,0.000000000000000000e+00
-1.249517241379310306e+00,-3.029999999999999916e-01,0.000000000000000000e+00
-1.247013793103448176e+00,-3.029999999999999916e-01,0.000000000000000000e+00
-1.244510344827586268e+00,-3.029999999999999916e-01,0.000000000000000000e+00
-1.242006896551724138e+00,-3.029999999999999916e-01,0.000000000000000000e+00
-1.239503448275862230e+00,-3.029999999999999916e-01,0.000000000000000000e+00
-1.237000000000000099e+00,-3.029999999999999916e-01,0.000000000000000000e+00
-1.234496551724137969e+00,-3.029999999999999916e-01,0.000000000000000000e+00
-1.231993103448275839e+00,-3.029999999999999916e-01,0.000000000000000000e+00
-1.229489655172413709e+00,-3.029999999999999916e-01,0.000000000000000000e+00
-1.226986206896551801e+00,-3.029999999999999916e-01,0.000000000000000000e+00
-1.224482758620689671e+00,-3.029999999999999916e-01,0.000000000000000000e+00
-1.221979310344827541e+00,-3.029999999999999916e-01,0.000000000000000000e+00
-1.219475862068965633e+00,-3.029999999999999916e-01,0.000000000000000000e+00
-1.216972413793103502e+00,-3.029999999999999916e-01,0.000000000000000000e+00
-1.214468965517241372e+00,-3.029999999999999916e-01,0.000000000000000000e+00
-1.211965517241379242e+00,-3.029999999999999916e-01,0.000000000000000000e+00
-1.209462068965517334e+00,-3.029999999999999916e-01,0.000000000000000000e+00
-1.206958620689655204e+00,-3.029999999999999916e-01,0.000000000000000000e+00
-1.204455172413793074e+00,-3.029999999999999916e-01,0.000000000000000000e+00
-1.201951724137931166e+00,-3.029999999999999916e-01,0.000000000000000000e+00
-1.199448275862069035e+00,-3.029999999999999916e-01,0.000000000000000000e+00
-1.196944827586206905e+00,-3.029999999999999916e-01,0.000000000000000000e+00
-1.194441379310344775e+00,-3.029999999999999916e-01,0.000000000000000000e+00
-1.191937931034482645e+00,-3.029999999999999916e-01,0.000000000000000000e+00
-1.189434482758620737e+00,-3.029999999999999916e-01,0.000000000000000000e+00
-1.186931034482758607e+00,-3.029999999999999916e-01,0.000000000000000000e+00
-1.184427586206896699e+00,-3.029999999999999916e-01,0.000000000000000000e+00
-1.181924137931034569e+00,-3.029999999999999916e-01,0.000000000000000000e+00
-1.179420689655172438e+00,-3.029999999999999916e-01,0.000000000000000000e+00
-1.176917241379310308e+00,-3.029999999999999916e-01,0.000000000000000000e+00
-1.174413793103448178e+00,-3.029999999999999916e-01,0.000000000000000000e+00
-1.171910344827586270e+00,-3.029999999999999916e-01,0.000000000000000000e+00
-1.169406896551724140e+00,-3.029999999999999916e-01,0.000000000000000000e+00
-1.166903448275862010e+00,-3.029999999999999916e-01,0.000000000000000000e+00
-1.164400000000000102e+00,-3.029999999999999916e-01,0.000000000000000000e+00
-1.161896551724137971e+00,-3.029999999999999916e-01,0.000000000000000000e+00
-1.159393103448275841e+00,-3.029999999999999916e-01,0.000000000000000000e+00
-1.156889655172413711e+00,-3.029999999999999916e-01,0.000000000000000000e+00
-1.154386206896551803e+00,-3.029999999999999916e-01,0.000000000000000000e+00
-1.151882758620689673e+00,-3.029999999999999916e-01,0.000000000000000000e+00
-1.149379310344827543e+00,-3.029999999999999916e-01,0.000000000000000000e+00
-1.146875862068965635e+00,-3.029999999999999916e-01,0.000000000000000000e+00
-1.144372413793103505e+00,-3.029999999999999916e-01,0.000000000000000000e+00
-1.141868965517241374e+00,-3.029999999999999916e-01,0.000000000000000000e+00
-1.139365517241379244e+00,-3.029999999999999916e-01,0.000000000000000000e+00
-1.136862068965517114e+00,-3.029999999999999916e-01,0.000000000000000000e+00
-1.134358620689655206e+00,-3.029999999999999916e-01,0.000000000000000000e+00
-1.131855172413793076e+00,-3.029999999999999916e-01,0.000000000000000000e+00
-1.129351724137931168e+00,-3.029999999999999916e-01,0.000000000000000000e+00
-1.126848275862069038e+00,-3.029999999999999916e-01,0.000000000000000000e+00
-1.124344827586206907e+00,-3.029999999999999916e-01,0.000000000000000000e+00
-1.121841379310344777e+00,-3.029999999999999916e-01,0.000000000000000000e+00
-1.119337931034482647e+00,-3.029999999999999916e-01,0.000000000000000000e+00
-1.116834482758620739e+00,-3.029999999999999916e-01,0.000000000000000000e+00
-1.114331034482758609e+00,-3.029999999999999916e-01,0.000000000000000000e+00
-1.111827586206896479e+00,-3.029999999999999916e-01,0.000000000000000000e+00
-1.109324137931034571e+00,-3.029999999999999916e-01,0.000000000000000000e+00
-1.106820689655172441e+00,-3.029999999999999916e-01,0.000000000000000000e+00
-1.104317241379310310e+00,-3.029999999999999916e-01,0.000000000000000000e+00
-1.101813793103448180e+00,-3.029999999999999916e-01,0.000000000000000000e+00
-1.099310344827586050e+00,-3.029999999999999916e-01,0.000000000000000000e+00
-1.096806896551724142e+00,-3.029999999999999916e-01,0.000000000000000000e+00
-1.094303448275862012e+00,-3.029999999999999916e-01,0.000000000000000000e+00
-1.091800000000000104e+00,-3.029999999999999916e-01,0.000000000000000000e+00
-1.089296551724137974e+00,-3.029999999999999916e-01,0.000000000000000000e+00
-1.086793103448275843e+00,-3.029999999999999916e-01,0.000000000000000000e+00
-1.084289655172413713e+00,-3.029999999999999916e-01,0.000000000000000000e+00
-1.081786206896551583e+00,-3.029999999999999916e-01,0.000000000000000000e+00
-1.079282758620689675e+00,-3.029999999999999916e-01,0.000000000000000000e+00
-1.076779310344827545e+00,-3.029999999999999916e-01,0.000000000000000000e+00
-1.074275862068965637e+00,-3.029999999999999916e-01,0.000000000000000000e+00
-1.071772413793103507e+00,-3.029999999999999916e-01,0.000000000000000000e+00
-1.069268965517241377e+00,-3.029999999999999916e-01,0.000000000000000000e+00
-1.066765517241379246e+00,-3.029999999999999916e-01,0.000000000000000000e+00
-1.064262068965517116e+00,-3.029999999999999916e-01,0.000000000000000000e+00
-1.061758620689655208e+00,-3.029999999999999916e-01,0.000000000000000000e+00
-1.059255172413793078e+00,-3.029999999999999916e-01,0.000000000000000000e+00
-1.056751724137931170e+00,-3.029999999999999916e-01,0.000000000000000000e+00
-1.054248275862069040e+00,-3.029999999999999916e-01,0.000000000000000000e+00
-1.051744827586206910e+00,-3.029999999999999916e-01,0.000000000000000000e+00
-1.049241379310344779e+00,-3.029999999999999916e-01,0.000000000000000000e+00
-1.046737931034482649e+00,-3.029999999999999916e-01,0.000000000000000000e+00
-1.044234482758620519e+00,-3.029999999999999916e-01,0.000000000000000000e+00
-1.041731034482758611e+00,-3.029999999999999916e-01,0.000000000000000000e+00
-1.039227586206896481e+00,-3.029999999999999916e-01,0.000000000000000000e+00
-1.036724137931034573e+00,-3.029999999999999916e-01,0.000000000000000000e+00
-1.034220689655172443e+00,-3.029999999999999916e-01,0.000000000000000000e+00
-1.031717241379310313e+00,-3.029999999999999916e-01,0.000000000000000000e+00
-1.029213793103448182e+00,-3.029999999999999916e-01,0.000000000000000000e+00
-1.026710344827586052e+00,-3.029999999999999916e-01,0.000000000000000000e+00
-1.024206896551724144e+00,-3.029999999999999916e-01,0.000000000000000000e+00
-1.021703448275862014e+00,-3.029999999999999916e-01,0.000000000000000000e+00
-1.019200000000000106e+00,-3.029999999999999916e-01,0.000000000000000000e+00
-1.016696551724137976e+00,-3.029999999999999916e-01,0.000000000000000000e+00
-1.014193103448275846e+00,-3.029999999999999916e-01,0.000000000000000000e+00
-1.011689655172413715e+00,-3.029999999999999916e-01,0.000000000000000000e+00
-1.009186206896551585e+00,-3.029999999999999916e-01,0.000000000000000000e+00
-1.006682758620689677e+00,-3.029999999999999916e-01,0.000000000000000000e+00
-1.004179310344827547e+00,-3.029999999999999916e-01,0.000000000000000000e+00
-1.001675862068965639e+00,-3.029999999999999916e-01,0.000000000000000000e+00
-9.991724137931033978e-01,-3.029999999999999916e-01,0.000000000000000000e+00
-9.966689655172413786e-01,-3.029999999999999916e-01,0.000000000000000000e+00
-9.941655172413792485e-01,-3.029999999999999916e-01,0.000000000000000000e+00
-9.916620689655172294e-01,-3.029999999999999916e-01,0.000000000000000000e+00
-9.891586206896550992e-01,-3.029999999999999916e-01,0.000000000000000000e+00
-9.866551724137930801e-01,-3.029999999999999916e-01,0.000000000000000000e+00
-9.841517241379310610e-01,-3.029999999999999916e-01,0.000000000000000000e+00
-9.816482758620689308e-01,-3.029999999999999916e-01,0.000000000000000000e+00
-9.791448275862069117e-01,-3.029999999999999916e-01,0.000000000000000000e+00
-9.766413793103447816e-01,-3.029999999999999916e-01,0.000000000000000000e+00
-9.741379310344827624e-01,-3.029999999999999916e-01,0.000000000000000000e+00
-9.716344827586206323e-01,-3.029999999999999916e-01,0.000000000000000000e+00
-9.691310344827586132e-01,-3.029999999999999916e-01,0.000000000000000000e+00
-9.666275862068964830e-01,-3.029999999999999916e-01,0.000000000000000000e+00
-9.641241379310344639e-01,-3.029999999999999916e-01,0.000000000000000000e+00
-9.616206896551723338e-01,-3.029999999999999916e-01,0.000000000000000000e+00
-9.591172413793103146e-01,-3.029999999999999916e-01,0.000000000000000000e+00
-9.566137931034482955e-01,-3.029999999999999916e-01,0.000000000000000000e+00
-9.541103448275861654e-01,-3.029999999999999916e-01,0.000000000000000000e+00
-9.516068965517241462e-01,-3.029999999999999916e-01,0.000000000000000000e+00
-9.491034482758620161e-01,-3.029999999999999916e-01,0.000000000000000000e+00
-9.465999999999999970e-01,-3.029999999999999916e-01,0.000000000000000000e+00
-9.440965517241378668e-01,-3.029999999999999916e-01,0.000000000000000000e+00
-9.415931034482758477e-01,-3.029999999999999916e-01,0.000000000000000000e+00
-9.390896551724137176e-01,-3.029999999999999916e-01,0.000000000000000000e+00
-9.365862068965516984e-01,-3.029999999999999916e-01,0.000000000000000000e+00
-9.340827586206895683e-01,-3.029999999999999916e-01,0.000000000000000000e+00
-9.315793103448275492e-01,-3.029999999999999916e-01,0.000000000000000000e+00
-9.290758620689655300e-01,-3.029999999999999916e-01,0.000000000000000000e+00
-9.265724137931033999e-01,-3.029999999999999916e-01,0.000000000000000000e+00
-9.240689655172413808e-01,-3.029999999999999916e-01,0.000000000000000000e+00
-9.215655172413792506e-01,-3.029999999999999916e-01,0.000000000000000000e+00
-9.190620689655172315e-01,-3.029999999999999916e-01,0.000000000000000000e+00
-9.165586206896551014e-01,-3.029999999999999916e-01,0.000000000000000000e+00
-9.140551724137930822e-01,-3.029999999999999916e-01,0.000000000000000000e+00
-9.115517241379309521e-01,-3.029999999999999916e-01,0.000000000000000000e+00
-9.090482758620689330e-01,-3.029999999999999916e-01,0.000000000000000000e+00
-9.065448275862068028e-01,-3.029999999999999916e-01,0.000000000000000000e+00
-9.040413793103447837e-01,-3.029999999999999916e-01,0.000000000000000000e+00
-9.015379310344827646e-01,-3.029999999999999916e-01,0.000000000000000000e+00
-8.990344827586206344e-01,-3.029999999999999916e-01,0.000000000000000000e+00
-8.965310344827586153e-01,-3.029999999999999916e-01,0.000000000000000000e+00
-8.940275862068964852e-01,-3.029999999999999916e-01,0.000000000000000000e+00
-8.915241379310344660e-01,-3.029999999999999916e-01,0.000000000000000000e+00
-8.890206896551723359e-01,-3.029999999999999916e-01,0.000000000000000000e+00
-8.865172413793103168e-01,-3.029999999999999916e-01,0.000000000000000000e+00
-8.840137931034481866e-01,-3.029999999999999916e-01,0.000000000000000000e+00
-8.815103448275861675e-01,-3.029999999999999916e-01,0.000000000000000000e+00
-8.790068965517241484e-01,-3.029999999999999916e-01,0.000000000000000000e+00
-8.765034482758620182e-01,-3.029999999999999916e-01,0.000000000000000000e+00
-8.739999999999999991e-01,-3.029999999999999916e-01,0.000000000000000000e+00
-8.714965517241378690e-01,-3.029999999999999916e-01,0.000000000000000000e+00
-8.689931034482758498e-01,-3.029999999999999916e-01,0.000000000000000000e+00
-8.664896551724137197e-01,-3.029999999999999916e-01,0.000000000000000000e+00
-8.639862068965517006e-01,-3.029999999999999916e-01,0.000000000000000000e+00
-8.614827586206895704e-01,-3.029999999999999916e-01,0.000000000000000000e+00
-8.589793103448275513e-01,-3.029999999999999916e-01,0.000000000000000000e+00
-8.564758620689654212e-01,-3.029999999999999916e-01,0.000000000000000000e+00
-8.539724137931034020e-01,-3.029999999999999916e-01,0.000000000000000000e+00
-8.514689655172413829e-01,-3.029999999999999916e-01,0.000000000000000000e+00
-8.489655172413792528e-01,-3.029999999999999916e-01,0.000000000000000000e+00
-8.464620689655172336e-01,-3.029999999999999916e-01,0.000000000000000000e+00
-8.439586206896551035e-01,-3.029999999999999916e-01,0.000000000000000000e+00
-8.414551724137930844e-01,-3.029999999999999916e-01,0.000000000000000000e+00
-8.389517241379309542e-01,-3.029999999999999916e-01,0.000000000000000000e+00
-8.364482758620689351e-01,-3.029999999999999916e-01,0.000000000000000000e+00
-8.339448275862068050e-01,-3.029999999999999916e-01,0.000000000000000000e+00
-8.314413793103447858e-01,-3.029999999999999916e-01,0.000000000000000000e+00
-8.289379310344826557e-01,-3.029999999999999916e-01,0.000000000000000000e+00
-8.264344827586206366e-01,-3.029999999999999916e-01,0.000000000000000000e+00
-8.239310344827586174e-01,-3.029999999999999916e-01,0.000000000000000000e+00
-8.214275862068964873e-01,-3.029999999999999916e-01,0.000000000000000000e+00
-8.189241379310344682e-01,-3.029999999999999916e-01,0.000000000000000000e+00
-8.164206896551723380e-01,-3.029999999999999916e-01,0.000000000000000000e+00
-8.139172413793103189e-01,-3.029999999999999916e-01,0.000000000000000000e+00
-8.114137931034481888e-01,-3.029999999999999916e-01,0.000000000000000000e+00
-8.089103448275861696e-01,-3.029999999999999916e-01,0.000000000000000000e+00
-8.064068965517240395e-01,-3.029999999999999916e-01,0.000000000000000000e+00
-8.039034482758620204e-01,-3.029999999999999916e-01,0.000000000000000000e+00
-8.013999999999998902e-01,-3.029999999999999916e-01,0.000000000000000000e+00
-7.988965517241378711e-01,-3.029999999999999916e-01,0.000000000000000000e+00
-7.963931034482758520e-01,-3.029999999999999916e-01,0.000000000000000000e+00
-7.938896551724137218e-01,-3.029999999999999916e-01,0.000000000000000000e+00
-7.913862068965517027e-01,-3.029999999999999916e-01,0.000000000000000000e+00
-7.888827586206895726e-01,-3.029999999999999916e-01,0.000000000000000000e+00
-7.863793103448275534e-01,-3.029999999999999916e-01,0.000000000000000000e+00
-7.838758620689654233e-01,-3.029999999999999916e-01,0.000000000000000000e+00
-7.813724137931034042e-01,-3.029999999999999916e-01,0.000000000000000000e+00
-7.788689655172412740e-01,-3.029999999999999916e-01,0.000000000000000000e+00
-7.763655172413792549e-01,-3.029999999999999916e-01,0.000000000000000000e+00
-7.738620689655171248e-01,-3.029999999999999916e-01,0.000000000000000000e+00
-7.713586206896551056e-01,-3.029999999999999916e-01,0.000000000000000000e+00
-7.688551724137930865e-01,-3.029999999999999916e-01,0.000000000000000000e+00
-7.663517241379309564e-01,-3.029999999999999916e-01,0.000000000000000000e+00
-7.638482758620689372e-01,-3.029999999999999916e-01,0.000000000000000000e+00
-7.613448275862068071e-01,-3.029999999999999916e-01,0.000000000000000000e+00
-7.588413793103447880e-01,-3.029999999999999916e-01,0.000000000000000000e+00
-7.563379310344826578e-01,-3.029999999999999916e-01,0.000000000000000000e+00
-7.538344827586206387e-01,-3.029999999999999916e-01,0.000000000000000000e+00
-7.513310344827585086e-01,-3.029999999999999916e-01,0.000000000000000000e+00
-7.488275862068964894e-01,-3.029999999999999916e-01,0.000000000000000000e+00
-7.463241379310343593e-01,-3.029999999999999916e-01,0.000000000000000000e+00
-7.438206896551723402e-01,-3.029999999999999916e-01,0.000000000000000000e+00
-7.413172413793103210e-01,-3.029999999999999916e-01,0.000000000000000000e+00
-7.388137931034481909e-01,-3.029999999999999916e-01,0.000000000000000000e+00
-7.363103448275861718e-01,-3.029999999999999916e-01,0.000000000000000000e+00
-7.338068965517240416e-01,-3.029999999999999916e-01,0.000000000000000000e+00
-7.313034482758620225e-01,-3.029999999999999916e-01,0.000000000000000000e+00
-7.287999999999998924e-01,-3.029999999999999916e-01,0.000000000000000000e+00
-7.262965517241378732e-01,-3.029999999999999916e-01,0.000000000000000000e+00
-7.237931034482757431e-01,-3.029999999999999916e-01,0.000000000000000000e+00
-7.212896551724137240e-01,-3.029999999999999916e-01,0.000000000000000000e+00
-7.187862068965515938e-01,-3.029999999999999916e-01,0.000000000000000000e+00
-7.162827586206895747e-01,-3.029999999999999916e-01,0.000000000000000000e+00
-7.137793103448275556e-01,-3.029999999999999916e-01,0.000000000000000000e+00
-7.112758620689654254e-01,-3.029999999999999916e-01,0.000000000000000000e+00
-7.087724137931034063e-01,-3.029999999999999916e-01,0.000000000000000000e+00
-7.062689655172412762e-01,-3.029999999999999916e-01,0.000000000000000000e+00
-7.037655172413792570e-01,-3.029999999999999916e-01,0.000000000000000000e+00
-7.012620689655171269e-01,-3.029999999999999916e-01,0.000000000000000000e+00
-6.987586206896551078e-01,-3.029999999999999916e-01,0.000000000000000000e+00
-6.962551724137929776e-01,-3.029999999999999916e-01,0.000000000000000000e+00
-6.937517241379309585e-01,-3.029999999999999916e-01,0.000000000000000000e+00
-6.912482758620689394e-01,-3.029999999999999916e-01,0.000000000000000000e+00
-6.887448275862068092e-01,-3.029999999999999916e-01,0.000000000000000000e+00
-6.862413793103447901e-01,-3.029999999999999916e-01,0.000000000000000000e+00
-6.837379310344826600e-01,-3.029999999999999916e-01,0.000000000000000000e+00
-6.812344827586206408e-01,-3.029999999999999916e-01,0.000000000000000000e+00
-6.787310344827585107e-01,-3.029999999999999916e-01,0.000000000000000000e+00
-6.762275862068964916e-01,-3.029999999999999916e-01,0.000000000000000000e+00
-6.737241379310343614e-01,-3.029999999999999916e-01,0.000000000000000000e+00
-6.712206896551723423e-01,-3.029999999999999916e-01,0.000000000000000000e+00
-6.687172413793102121e-01,-3.029999999999999916e-01,0.000000000000000000e+00
-6.662137931034481930e-01,-3.029999999999999916e-01,0.000000000000000000e+00
-6.637103448275861739e-01,-3.029999999999999916e-01,0.000000000000000000e+00
-6.612068965517240438e-01,-3.029999999999999916e-01,0.000000000000000000e+00
-6.587034482758620246e-01,-3.029999999999999916e-01,0.000000000000000000e+00
-6.561999999999998945e-01,-3.029999999999999916e-01,0.000000000000000000e+00
-6.536965517241378754e-01,-3.029999999999999916e-01,0.000000000000000000e+00
-6.511931034482757452e-01,-3.029999999999999916e-01,0.000000000000000000e+00
-6.486896551724137261e-01,-3.029999999999999916e-01,0.000000000000000000e+00
-6.461862068965515959e-01,-3.029999999999999916e-01,0.000000000000000000e+00
-6.436827586206895768e-01,-3.029999999999999916e-01,0.000000000000000000e+00
-6.411793103448274467e-01,-3.029999999999999916e-01,0.000000000000000000e+00
-6.386758620689654276e-01,-3.029999999999999916e-01,0.000000000000000000e+00
-6.361724137931034084e-01,-3.029999999999999916e-01,0.000000000000000000e+00
-6.336689655172412783e-01,-3.029999999999999916e-01,0.000000000000000000e+00
-6.311655172413792592e-01,-3.029999999999999916e-01,0.000000000000000000e+00
-6.286620689655171290e-01,-3.029999999999999916e-01,0.000000000000000000e+00
-6.261586206896551099e-01,-3.029999999999999916e-01,0.000000000000000000e+00
-6.236551724137929797e-01,-3.029999999999999916e-01,0.000000000000000000e+00
-6.211517241379309606e-01,-3.029999999999999916e-01,0.000000000000000000e+00
-6.186482758620688305e-01,-3.029999999999999916e-01,0.000000000000000000e+00
-6.161448275862068114e-01,-3.029999999999999916e-01,0.000000000000000000e+00
-6.136413793103446812e-01,-3.029999999999999916e-01,0.000000000000000000e+00
-6.111379310344826621e-01,-3.029999999999999916e-01,0.000000000000000000e+00
-6.086344827586206430e-01,-3.029999999999999916e-01,0.000000000000000000e+00
-6.061310344827585128e-01,-3.029999999999999916e-01,0.000000000000000000e+00
-6.036275862068964937e-01,-3.029999999999999916e-01,0.000000000000000000e+00
-6.011241379310343635e-01,-3.029999999999999916e-01,0.000000000000000000e+00
-5.986206896551722334e-01,-3.029999999999999916e-01,0.000000000000000000e+00
-5.961172413793103253e-01,-3.029999999999999916e-01,0.000000000000000000e+00
-5.936137931034481952e-01,-3.029999999999999916e-01,0.000000000000000000e+00
-5.911103448275860650e-01,-3.029999999999999916e-01,0.000000000000000000e+00
-5.886068965517239349e-01,-3.029999999999999916e-01,0.000000000000000000e+00
-5.861034482758620268e-01,-3.029999999999999916e-01,0.000000000000000000e+00
-5.835999999999998966e-01,-3.029999999999999916e-01,0.000000000000000000e+00
-5.810965517241377665e-01,-3.029999999999999916e-01,0.000000000000000000e+00
-5.785931034482758584e-01,-3.029999999999999916e-01,0.000000000000000000e+00
-5.760896551724137282e-01,-3.029999999999999916e-01,0.000000000000000000e+00
-5.735862068965515981e-01,-3.029999999999999916e-01,0.000000000000000000e+00
-5.710827586206894679e-01,-3.029999999999999916e-01,0.000000000000000000e+00
-5.685793103448275598e-01,-3.029999999999999916e-01,0.000000000000000000e+00
-5.660758620689654297e-01,-3.029999999999999916e-01,0.000000000000000000e+00
-5.635724137931032995e-01,-3.029999999999999916e-01,0.000000000000000000e+00
-5.610689655172411694e-01,-3.029999999999999916e-01,0.000000000000000000e+00
-5.585655172413792613e-01,-3.029999999999999916e-01,0.000000000000000000e+00
-5.560620689655171311e-01,-3.029999999999999916e-01,0.000000000000000000e+00
-5.535586206896550010e-01,-3.029999999999999916e-01,0.000000000000000000e+00
-5.510551724137930929e-01,-3.029999999999999916e-01,0.000000000000000000e+00
-5.485517241379309628e-01,-3.029999999999999916e-01,0.000000000000000000e+00
-5.460482758620688326e-01,-3.029999999999999916e-01,0.000000000000000000e+00
-5.435448275862067025e-01,-3.029999999999999916e-01,0.000000000000000000e+00
-5.410413793103447944e-01,-3.029999999999999916e-01,0.000000000000000000e+00
-5.385379310344826642e-01,-3.029999999999999916e-01,0.000000000000000000e+00
-5.360344827586205341e-01,-3.029999999999999916e-01,0.000000000000000000e+00
-5.335310344827584039e-01,-3.029999999999999916e-01,0.000000000000000000e+00
-5.310275862068964958e-01,-3.029999999999999916e-01,0.000000000000000000e+00
-5.285241379310343657e-01,-3.029999999999999916e-01,0.000000000000000000e+00
-5.260206896551722355e-01,-3.029999999999999916e-01,0.000000000000000000e+00
-5.235172413793103274e-01,-3.029999999999999916e-01,0.000000000000000000e+00
-5.210137931034481973e-01,-3.029999999999999916e-01,0.000000000000000000e+00
-5.185103448275860671e-01,-3.029999999999999916e-01,0.000000000000000000e+00
-5.160068965517239370e-01,-3.029999999999999916e-01,0.000000000000000000e+00
-5.135034482758620289e-01,-3.029999999999999916e-01,0.000000000000000000e+00
-5.109999999999998987e-01,-3.029999999999999916e-01,0.000000000000000000e+00
-5.084965517241377686e-01,-3.029999999999999916e-01,0.000000000000000000e+00
-5.059931034482756385e-01,-3.029999999999999916e-01,0.000000000000000000e+00
-5.034896551724137304e-01,-3.029999999999999916e-01,0.000000000000000000e+00
-5.009862068965516002e-01,-3.029999999999999916e-01,0.000000000000000000e+00
-4.984827586206894701e-01,-3.029999999999999916e-01,0.000000000000000000e+00
-4.959793103448275620e-01,-3.029999999999999916e-01,0.000000000000000000e+00
-4.934758620689654318e-01,-3.029999999999999916e-01,0.000000000000000000e+00
-4.909724137931033017e-01,-3.029999999999999916e-01,0.000000000000000000e+00
-4.884689655172411715e-01,-3.029999999999999916e-01,0.000000000000000000e+00
-4.859655172413792634e-01,-3.029999999999999916e-01,0.000000000000000000e+00
-4.834620689655171333e-01,-3.029999999999999916e-01,0.000000000000000000e+00
-4.809586206896550031e-01,-3.029999999999999916e-01,0.000000000000000000e+00
-4.784551724137928730e-01,-3.029999999999999916e-01,0.000000000000000000e+00
-4.759517241379309649e-01,-3.029999999999999916e-01,0.000000000000000000e+00
-4.734482758620688347e-01,-3.029999999999999916e-01,0.000000000000000000e+00
-4.709448275862067046e-01,-3.029999999999999916e-01,0.000000000000000000e+00
-4.684413793103447965e-01,-3.029999999999999916e-01,0.000000000000000000e+00
-4.659379310344826663e-01,-3.029999999999999916e-01,0.000000000000000000e+00
-4.634344827586205362e-01,-3.029999999999999916e-01,0.000000000000000000e+00
-4.609310344827584061e-01,-3.029999999999999916e-01,0.000000000000000000e+00
-4.584275862068964980e-01,-3.029999999999999916e-01,0.000000000000000000e+00
-4.559241379310343678e-01,-3.029999999999999916e-01,0.000000000000000000e+00
-4.534206896551722377e-01,-3.029999999999999916e-01,0.000000000000000000e+00
-4.509172413793103296e-01,-3.029999999999999916e-01,0.000000000000000000e+00
-4.484137931034481994e-01,-3.029999999999999916e-01,0.000000000000000000e+00
-4.459103448275860693e-01,-3.029999999999999916e-01,0.000000000000000000e+00
-4.434068965517239391e-01,-3.029999999999999916e-01,0.000000000000000000e+00
-4.409034482758620310e-01,-3.029999999999999916e-01,0.000000000000000000e+00
-4.383999999999999009e-01,-3.029999999999999916e-01,0.000000000000000000e+00
-4.358965517241377707e-01,-3.029999999999999916e-01,0.000000000000000000e+00
-4.333931034482756406e-01,-3.029999999999999916e-01,0.000000000000000000e+00
-4.308896551724137325e-01,-3.029999999999999916e-01,0.000000000000000000e+00
-4.283862068965516023e-01,-3.029999999999999916e-01,0.000000000000000000e+00
-4.258827586206894722e-01,-3.029999999999999916e-01,0.000000000000000000e+00
-4.233793103448275641e-01,-3.029999999999999916e-01,0.000000000000000000e+00
-4.208758620689654339e-01,-3.029999999999999916e-01,0.000000000000000000e+00
-4.183724137931033038e-01,-3.029999999999999916e-01,0.000000000000000000e+00
-4.158689655172411737e-01,-3.029999999999999916e-01,0.000000000000000000e+00
-4.133655172413792656e-01,-3.029999999999999916e-01,0.000000000000000000e+00
-4.108620689655171354e-01,-3.029999999999999916e-01,0.000000000000000000e+00
-4.083586206896550053e-01,-3.029999999999999916e-01,0.000000000000000000e+00
-4.058551724137928751e-01,-3.029999999999999916e-01,0.000000000000000000e+00
-4.033517241379309670e-01,-3.029999999999999916e-01,0.000000000000000000e+00
-4.008482758620688369e-01,-3.029999999999999916e-01,0.000000000000000000e+00
-3.983448275862067067e-01,-3.029999999999999916e-01,0.000000000000000000e+00
-3.958413793103447986e-01,-3.029999999999999916e-01,0.000000000000000000e+00
-3.933379310344826685e-01,-3.029999999999999916e-01,0.000000000000000000e+00
-3.908344827586205383e-01,-3.029999999999999916e-01,0.000000000000000000e+00
-3.883310344827584082e-01,-3.029999999999999916e-01,0.000000000000000000e+00
-3.858275862068965001e-01,-3.029999999999999916e-01,0.000000000000000000e+00
-3.833241379310343699e-01,-3.029999999999999916e-01,0.000000000000000000e+00
-3.808206896551722398e-01,-3.029999999999999916e-01,0.000000000000000000e+00
-3.783172413793101097e-01,-3.029999999999999916e-01,0.000000000000000000e+00
-3.758137931034482015e-01,-3.029999999999999916e-01,0.000000000000000000e+00
-3.733103448275860714e-01,-3.029999999999999916e-01,0.000000000000000000e+00
-3.708068965517239413e-01,-3.029999999999999916e-01,0.000000000000000000e+00
-3.683034482758620332e-01,-3.029999999999999916e-01,0.000000000000000000e+00
-3.657999999999999030e-01,-3.029999999999999916e-01,0.000000000000000000e+00
-3.632965517241377729e-01,-3.029999999999999916e-01,0.000000000000000000e+00
-3.607931034482756427e-01,-3.029999999999999916e-01,0.000000000000000000e+00
-3.582896551724137346e-01,-3.029999999999999916e-01,0.000000000000000000e+00
-3.557862068965516045e-01,-3.029999999999999916e-01,0.000000000000000000e+00
-3.532827586206894743e-01,-3.029999999999999916e-01,0.000000000000000000e+00
-3.507793103448273442e-01,-3.029999999999999916e-01,0.000000000000000000e+00
-3.482758620689654361e-01,-3.029999999999999916e-01,0.000000000000000000e+00
-3.457724137931033059e-01,-3.029999999999999916e-01,0.000000000000000000e+00
-3.432689655172411758e-01,-3.029999999999999916e-01,0.000000000000000000e+00
-3.407655172413792677e-01,-3.029999999999999916e-01,0.000000000000000000e+00
-3.382620689655171375e-01,-3.029999999999999916e-01,0.000000000000000000e+00
-3.357586206896550074e-01,-3.029999999999999916e-01,0.000000000000000000e+00
-3.332551724137928773e-01,-3.029999999999999916e-01,0.000000000000000000e+00
-3.307517241379309691e-01,-3.029999999999999916e-01,0.000000000000000000e+00
-3.282482758620688390e-01,-3.029999999999999916e-01,0.000000000000000000e+00
-3.257448275862067089e-01,-3.029999999999999916e-01,0.000000000000000000e+00
-3.232413793103445787e-01,-3.029999999999999916e-01,0.000000000000000000e+00
-3.207379310344826706e-01,-3.029999999999999916e-01,0.000000000000000000e+00
-3.182344827586205405e-01,-3.029999999999999916e-01,0.000000000000000000e+00
-3.157310344827584103e-01,-3.029999999999999916e-01,0.000000000000000000e+00
-3.132275862068965022e-01,-3.029999999999999916e-01,0.000000000000000000e+00
-3.107241379310343721e-01,-3.029999999999999916e-01,0.000000000000000000e+00
-3.082206896551722419e-01,-3.029999999999999916e-01,0.000000000000000000e+00
-3.057172413793101118e-01,-3.029999999999999916e-01,0.000000000000000000e+00
-3.032137931034482037e-01,-3.029999999999999916e-01,0.000000000000000000e+00
-3.007103448275860735e-01,-3.029999999999999916e-01,0.000000000000000000e+00
-2.982068965517239434e-01,-3.029999999999999916e-01,0.000000000000000000e+00
-2.957034482758618132e-01,-3.029999999999999916e-01,0.000000000000000000e+00
-2.931999999999999051e-01,-3.029999999999999916e-01,0.000000000000000000e+00
-2.906965517241377750e-01,-3.029999999999999916e-01,0.000000000000000000e+00
-2.881931034482756449e-01,-3.029999999999999916e-01,0.000000000000000000e+00
-2.856896551724137368e-01,-3.029999999999999916e-01,0.000000000000000000e+00
-2.831862068965516066e-01,-3.029999999999999916e-01,0.000000000000000000e+00
-2.806827586206894765e-01,-3.029999999999999916e-01,0.000000000000000000e+00
-2.781793103448273463e-01,-3.029999999999999916e-01,0.000000000000000000e+00
-2.756758620689654382e-01,-3.029999999999999916e-01,0.000000000000000000e+00
-2.731724137931033081e-01,-3.029999999999999916e-01,0.000000000000000000e+00
-2.706689655172411779e-01,-3.029999999999999916e-01,0.000000000000000000e+00
-2.681655172413790478e-01,-3.029999999999999916e-01,0.000000000000000000e+00
-2.656620689655171397e-01,-3.029999999999999916e-01,0.000000000000000000e+00
-2.631586206896550095e-01,-3.029999999999999916e-01,0.000000000000000000e+00
-2.606551724137928794e-01,-3.029999999999999916e-01,0.000000000000000000e+00
-2.581517241379309713e-01,-3.029999999999999916e-01,0.000000000000000000e+00
-2.556482758620688411e-01,-3.029999999999999916e-01,0.000000000000000000e+00
-2.531448275862067110e-01,-3.029999999999999916e-01,0.000000000000000000e+00
-2.506413793103445808e-01,-3.029999999999999916e-01,0.000000000000000000e+00
-2.481379310344826727e-01,-3.029999999999999916e-01,0.000000000000000000e+00
-2.456344827586205426e-01,-3.029999999999999916e-01,0.000000000000000000e+00
-2.431310344827584125e-01,-3.029999999999999916e-01,0.000000000000000000e+00
-2.406275862068962823e-01,-3.029999999999999916e-01,0.000000000000000000e+00
-2.381241379310343742e-01,-3.029999999999999916e-01,0.000000000000000000e+00
-2.356206896551722441e-01,-3.029999999999999916e-01,0.000000000000000000e+00
-2.331172413793101139e-01,-3.029999999999999916e-01,0.000000000000000000e+00
-2.306137931034482058e-01,-3.029999999999999916e-01,0.000000000000000000e+00
-2.281103448275860757e-01,-3.029999999999999916e-01,0.000000000000000000e+00
-2.256068965517239455e-01,-3.029999999999999916e-01,0.000000000000000000e+00
-2.231034482758618154e-01,-3.029999999999999916e-01,0.000000000000000000e+00
-2.205999999999999073e-01,-3.029999999999999916e-01,0.000000000000000000e+00
-2.180965517241377771e-01,-3.029999999999999916e-01,0.000000000000000000e+00
-2.155931034482756470e-01,-3.029999999999999916e-01,0.000000000000000000e+00
-2.130896551724135168e-01,-3.029999999999999916e-01,0.000000000000000000e+00
-2.105862068965516087e-01,-3.029999999999999916e-01,0.000000000000000000e+00
-2.080827586206894786e-01,-3.029999999999999916e-01,0.000000000000000000e+00
-2.055793103448273484e-01,-3.029999999999999916e-01,0.000000000000000000e+00
-2.030758620689654403e-01,-3.029999999999999916e-01,0.000000000000000000e+00
-2.005724137931033102e-01,-3.029999999999999916e-01,0.000000000000000000e+00
-1.980689655172411801e-01,-3.029999999999999916e-01,0.000000000000000000e+00
-1.955655172413790499e-01,-3.029999999999999916e-01,0.000000000000000000e+00
-1.930620689655171418e-01,-3.029999999999999916e-01,0.000000000000000000e+00
-1.905586206896550117e-01,-3.029999999999999916e-01,0.000000000000000000e+00
-1.880551724137928815e-01,-3.029999999999999916e-01,0.000000000000000000e+00
-1.855517241379307514e-01,-3.029999999999999916e-01,0.000000000000000000e+00
-1.830482758620688433e-01,-3.029999999999999916e-01,0.000000000000000000e+00
-1.805448275862067131e-01,-3.029999999999999916e-01,0.000000000000000000e+00
-1.780413793103445830e-01,-3.029999999999999916e-01,0.000000000000000000e+00
-1.755379310344826749e-01,-3.029999999999999916e-01,0.000000000000000000e+00
-1.730344827586205447e-01,-3.029999999999999916e-01,0.000000000000000000e+00
-1.705310344827584146e-01,-3.029999999999999916e-01,0.000000000000000000e+00
-1.680275862068962844e-01,-3.029999999999999916e-01,0.000000000000000000e+00
-1.655241379310343763e-01,-3.029999999999999916e-01,0.000000000000000000e+00
-1.630206896551722462e-01,-3.029999999999999916e-01,0.000000000000000000e+00
-1.605172413793101160e-01,-3.029999999999999916e-01,0.000000000000000000e+00
-1.580137931034482079e-01,-3.029999999999999916e-01,0.000000000000000000e+00
-1.555103448275860778e-01,-3.029999999999999916e-01,0.000000000000000000e+00
-1.530068965517239477e-01,-3.029999999999999916e-01,0.000000000000000000e+00
-1.505034482758618175e-01,-3.029999999999999916e-01,0.000000000000000000e+00
-1.479999999999999927e-01,-3.029999999999999916e-01,0.000000000000000000e+00
-1.479999999999999927e-01,-3.029999999999999916e-01,-1.502114493720382526e+00
-1.454647887323943511e-01,-3.029999999999999916e-01,4.786048483372645990e+00
-1.429295774647887374e-01,-3.029999999999999916e-01,2.560648127303182253e+00
-1.403943661971830958e-01,-3.029999999999999916e-01,2.147540959057488763e+00
-1.378591549295774543e-01,-3.029999999999999916e-01,2.074007924197630359e+00
-1.353239436619718128e-01,-3.029999999999999916e-01,1.959594328327360913e+00
-1.327887323943661990e-01,-3.029999999999999916e-01,1.804520421934559415e+00
-1.302535211267605575e-01,-3.029999999999999916e-01,1.626618789758875527e+00
-1.277183098591549160e-01,-3.029999999999999916e-01,1.456573793838669362e+00
-1.251830985915493022e-01,-3.029999999999999916e-01,1.297415837494497737e+00
-1.226478873239436607e-01,-3.029999999999999916e-01,1.149144920726347996e+00
-1.201126760563380191e-01,-3.029999999999999916e-01,1.011761043534215254e+00
-1.175774647887323915e-01,-3.029999999999999916e-01,8.852642059181153877e-01
-1.150422535211267638e-01,-3.029999999999999916e-01,7.696544078780310771e-01
-1.125070422535211223e-01,-3.029999999999999916e-01,6.649316494139877465e-01
-1.099718309859154808e-01,-3.029999999999999916e-01,5.710959305259398766e-01
-1.074366197183098531e-01,-3.029999999999999916e-01,4.881472512139355957e-01
-1.049014084507042255e-01,-3.029999999999999916e-01,4.160856114779379333e-01
-1.023661971830985840e-01,-3.029999999999999916e-01,3.549110113179900217e-01
-9.983098591549294243e-02,-3.029999999999999916e-01,3.046234507340580544e-01
-9.729577464788731478e-02,-3.029999999999999916e-01,2.652229297261166074e-01
-9.476056338028168713e-02,-3.029999999999999916e-01,2.367094482942429801e-01
-9.222535211267604560e-02,-3.029999999999999916e-01,2.190830064383643416e-01
-8.969014084507041795e-02,-3.029999999999999916e-01,2.122753434254250060e-01
-8.715492957746479030e-02,-3.029999999999999916e-01,2.121908152699806538e-01
-8.461971830985914877e-02,-3.029999999999999916e-01,2.124811737945647705e-01
-8.208450704225352113e-02,-3.029999999999999916e-01,2.126003331344620828e-01
-7.954929577464787960e-02,-3.029999999999999916e-01,2.125482932896718136e-01
-7.701408450704225195e-02,-3.029999999999999916e-01,2.123250542601947677e-01
-7.447887323943661042e-02,-3.029999999999999916e-01,2.119306160460301125e-01
-7.194366197183098277e-02,-3.029999999999999916e-01,2.113649786471841763e-01
-6.940845070422534124e-02,-3.029999999999999916e-01,2.106281420636232360e-01
-6.687323943661971359e-02,-3.029999999999999916e-01,2.097201062954095196e-01
-6.433802816901408594e-02,-3.029999999999999916e-01,2.086408713424828532e-01
-6.180281690140844442e-02,-3.029999999999999916e-01,2.073904372048849531e-01
-5.926760563380281677e-02,-3.029999999999999916e-01,2.059688038825893963e-01
-5.673239436619717524e-02,-3.029999999999999916e-01,2.043759713756116148e-01
-5.419718309859154759e-02,-3.029999999999999916e-01,2.026119396839307363e-01
-5.166197183098590606e-02,-3.029999999999999916e-01,2.006767088075840366e-01
-4.912676056338027841e-02,-3.029999999999999916e-01,1.985702787465397356e-01
-4.659154929577463689e-02,-3.029999999999999916e-01,1.962926495008076866e-01
-4.405633802816900924e-02,-3.029999999999999916e-01,1.938438210703736786e-01
-4.152112676056338159e-02,-3.029999999999999916e-01,1.912237934552706020e-01
-3.898591549295774006e-02,-3.029999999999999916e-01,1.884325666554796663e-01
-3.645070422535211241e-02,-3.029999999999999916e-01,1.854701406709858003e-01
-3.391549295774647088e-02,-3.029999999999999916e-01,1.823365155018204509e-01
-3.138028169014084323e-02,-3.029999999999999916e-01,1.790316911479631901e-01
-2.884507042253520170e-02,-3.029999999999999916e-01,1.755556676094069957e-01
-2.630985915492957405e-02,-3.029999999999999916e-01,1.719084448861653847e-01
-2.377464788732394640e-02,-3.029999999999999916e-01,1.680900229782602839e-01
-2.123943661971830488e-02,-3.029999999999999916e-01,1.641004018856278834e-01
-1.870422535211266335e-02,-3.029999999999999916e-01,1.599395816083401256e-01
-1.616901408450704958e-02,-3.029999999999999916e-01,1.556075621463425540e-01
-1.363380281690140805e-02,-3.029999999999999916e-01,1.511043434996731938e-01
-1.109859154929576652e-02,-3.029999999999999916e-01,1.464299256683084527e-01
-8.563380281690124995e-03,-3.029999999999999916e-01,1.415843086522443894e-01
-6.028169014084511224e-03,-3.029999999999999916e-01,1.365674924515201394e-01
-3.492957746478869696e-03,-3.029999999999999916e-01,1.313794770660856037e-01
-9.577464788732281686e-04,-9.577464788732281686e-04,1.260202624959734785e-01
1.577464788732385603e-03,-3.029999999999999916e-01,1.204898487411577152e-01
4.112676056338027131e-03,-3.029999999999999916e-01,1.147882358016752979e-01
6.647887323943668658e-03,-3.029999999999999916e-01,1.089154236774920043e-01
9.183098591549310186e-03,-3.029999999999999916e-01,1.028714123686308574e-01
1.171830985915492396e-02,-3.029999999999999916e-01,9.665620187506658578e-02
1.425352112676056549e-02,-3.029999999999999916e-01,9.026979219682444711e-02
1.678873239436620701e-02,-3.029999999999999916e-01,8.371218333389331134e-02
1.932394366197182078e-02,-3.029999999999999916e-01,7.698337528627588466e-02
2.185915492957746231e-02,-3.029999999999999916e-01,7.008336805396944702e-02
2.439436619718310384e-02,-3.029999999999999916e-01,6.301216163697308248e-02
2.692957746478874537e-02,-3.029999999999999916e-01,5.576975603528739472e-02
2.946478873239435914e-02,-3.029999999999999916e-01,4.835615124891056577e-02
3.200000000000000067e-02,-3.029999999999999916e-01,0.000000000000000000e+00
3.200000000000000067e-02,-3.029999999999999916e-01,0.000000000000000000e+00
3.500000000000000333e-02,-3.029999999999999916e-01,0.000000000000000000e+00
3.799999999999999906e-02,-3.029999999999999916e-01,0.000000000000000000e+00
4.100000000000000172e-02,-3.029999999999999916e-01,0.000000000000000000e+00
4.100000000000000172e-02,-3.029999999999999916e-01,0.000000000000000000e+00
4.333333333333333481e-02,-3.029999999999999916e-01,0.000000000000000000e+00
4.566666666666666791e-02,-3.029999999999999916e-01,5.947623346206196316e-15
4.800000000000000100e-02,-3.029999999999999916e-01,0.000000000000000000e+00
5.120000000000000245e-02,-3.029999999999999916e-01,0.000000000000000000e+00
5.440000000000000391e-02,-3.029999999999999916e-01,-4.336808689942024836e-15
5.759999999999999842e-02,-3.029999999999999916e-01,0.000000000000000000e+00
6.079999999999999988e-02,-3.029999999999999916e-01,0.000000000000000000e+00
6.400000000000000133e-02,-3.029999999999999916e-01,0.000000000000000000e+00
6.400000000000000133e-02,-3.029999999999999916e-01,0.000000000000000000e+00
6.700000000000000400e-02,-3.029999999999999916e-01,0.000000000000000000e+00
6.999999999999999278e-02,-3.029999999999999916e-01,0.000000000000000000e+00
7.299999999999999545e-02,-3.029999999999999916e-01,0.000000000000000000e+00
7.299999999999999545e-02,-3.029999999999999916e-01,-4.622092299835676710e-01
7.554687499999999944e-02,-3.029999999999999916e-01,-4.201849792970319131e-01
7.809374999999998956e-02,-3.029999999999999916e-01,-3.804024974033617945e-01
8.064062499999999356e-02,-3.029999999999999916e-01,-3.428617843026185996e-01
8.318749999999999756e-02,-3.029999999999999916e-01,-3.075628399947455405e-01
8.573437500000000155e-02,-3.029999999999999916e-01,-2.745056644797986278e-01
8.828124999999999167e-02,-3.029999999999999916e-01,-2.436902577576970930e-01
9.082812499999999567e-02,-3.029999999999999916e-01,-2.151166198285392184e-01
9.337499999999998579e-02,-3.029999999999999916e-01,-1.887847506922546159e-01
9.592187499999998979e-02,-3.029999999999999916e-01,-1.646946503488522229e-01
9.846874999999999378e-02,-3.029999999999999916e-01,-1.428463187983635696e-01
1.010156249999999978e-01,-3.029999999999999916e-01,-1.232397560407566539e-01
1.035624999999999879e-01,-3.029999999999999916e-01,-1.058749620760621457e-01
1.061093749999999919e-01,-3.029999999999999916e-01,-9.075193690423351278e-02
1.086562499999999820e-01,-3.029999999999999916e-01,-7.787068052532852835e-02
1.112031249999999860e-01,-3.029999999999999916e-01,-6.723119293930510110e-02
1.137499999999999900e-01,-3.029999999999999916e-01,-5.883347414616271753e-02
1.162968749999999940e-01,-3.029999999999999916e-01,-5.267752414594498861e-02
1.188437499999999980e-01,-3.029999999999999916e-01,-4.876334293860312696e-02
1.213906249999999881e-01,-3.029999999999999916e-01,-4.709093052415268960e-02
1.239374999999999921e-01,-3.029999999999999916e-01,-4.766028690261107231e-02
1.264843749999999822e-01,-3.029999999999999916e-01,-5.047141207394454515e-02
1.290312499999999862e-01,-3.029999999999999916e-01,-5.552430603819746846e-02
1.315781249999999902e-01,-3.029999999999999916e-01,-6.281896879532054834e-02
1.341249999999999942e-01,-3.029999999999999916e-01,-7.235540034535194176e-02
1.366718749999999982e-01,-3.029999999999999916e-01,-8.413360068826981897e-02
1.392187500000000022e-01,-3.029999999999999916e-01,-9.815356982409055575e-02
1.417656250000000062e-01,-3.029999999999999916e-01,-1.144153077528044932e-01
1.443124999999999825e-01,-3.029999999999999916e-01,-1.329188144744024302e-01
1.468593749999999865e-01,-3.029999999999999916e-01,-1.536640899889099299e-01
1.494062499999999905e-01,-3.029999999999999916e-01,-1.766511342963058562e-01
1.519531249999999667e-01,-3.029999999999999916e-01,-2.018799473965953162e-01
1.544999999999999707e-01,-3.029999999999999916e-01,-2.293505292897786707e-01
1.570468749999999747e-01,-3.029999999999999916e-01,-2.590628799758485368e-01
1.595937499999999787e-01,-3.029999999999999916e-01,-2.910169994548266748e-01
1.621406249999999827e-01,-3.029999999999999916e-01,-3.252128877266967644e-01
1.646874999999999867e-01,-3.029999999999999916e-01,-3.616505447914697413e-01
1.672343749999999907e-01,-3.029999999999999916e-01,-4.003299706491073584e-01
1.697812499999999947e-01,-3.029999999999999916e-01,-4.412511652996751188e-01
1.723281249999999987e-01,-3.029999999999999916e-01,-4.844141287431075749e-01
1.748750000000000027e-01,-3.029999999999999916e-01,-5.298188609794540760e-01
1.774218749999999789e-01,-3.029999999999999916e-01,-5.774653620086864780e-01
1.799687499999999829e-01,-3.029999999999999916e-01,-6.273536318308220450e-01
1.825156249999999869e-01,-3.029999999999999916e-01,-6.794836704458352417e-01
1.850624999999999631e-01,-3.029999999999999916e-01,-7.338554778537635936e-01
1.876093749999999671e-01,-3.029999999999999916e-01,-7.904690540545804556e-01
1.901562499999999711e-01,-3.029999999999999916e-01,-8.493248946049865022e-01
1.927031249999999751e-01,-3.029999999999999916e-01,-9.104699552350399294e-01
1.952499999999999791e-01,-3.029999999999999916e-01,-9.739891585305303634e-01
1.977968749999999831e-01,-3.029999999999999916e-01,-1.039891439641569049e+00
2.003437499999999871e-01,-3.029999999999999916e-01,-1.108176798568112353e+00
2.028906249999999911e-01,-3.029999999999999916e-01,-1.178845235310212125e+00
2.054374999999999951e-01,-3.029999999999999916e-01,-1.251896749867827507e+00
2.079843749999999991e-01,-3.029999999999999916e-01,-1.327331342240966716e+00
2.105312500000000031e-01,-3.029999999999999916e-01,-1.405149012429652178e+00
2.130781249999999516e-01,-3.029999999999999916e-01,-1.485349760433857247e+00
2.156249999999999556e-01,-3.029999999999999916e-01,-1.567933586253594802e+00
2.181718749999999596e-01,-3.029999999999999916e-01,-1.652900489888864621e+00
2.207187499999999636e-01,-3.029999999999999916e-01,-1.740250471339659377e+00
2.232656249999999676e-01,-3.029999999999999916e-01,-1.829983530605987285e+00
2.258124999999999716e-01,-3.029999999999999916e-01,-1.922099667687844571e+00
2.283593749999999756e-01,-3.029999999999999916e-01,-2.016598882585232566e+00
2.309062499999999796e-01,-3.029999999999999916e-01,-2.113481175298151715e+00
2.334531249999999836e-01,-3.029999999999999916e-01,-2.212746545826598243e+00
2.359999999999999876e-01,-3.029999999999999916e-01,0.000000000000000000e+00
2.359999999999999876e-01,-3.029999999999999916e-01,0.000000000000000000e+00
2.385027522935779798e-01,-3.029999999999999916e-01,0.000000000000000000e+00
2.410055045871559443e-01,-3.029999999999999916e-01,0.000000000000000000e+00
2.435082568807339365e-01,-3.029999999999999916e-01,0.000000000000000000e+00
2.460110091743119010e-01,-3.029999999999999916e-01,0.000000000000000000e+00
2.485137614678898932e-01,-3.029999999999999916e-01,0.000000000000000000e+00
2.510165137614678854e-01,-3.029999999999999916e-01,0.000000000000000000e+00
2.535192660550458776e-01,-3.029999999999999916e-01,0.000000000000000000e+00
2.560220183486238144e-01,-3.029999999999999916e-01,0.000000000000000000e+00
2.585247706422018066e-01,-3.029999999999999916e-01,0.000000000000000000e+00
2.610275229357797988e-01,-3.029999999999999916e-01,0.000000000000000000e+00
2.635302752293577910e-01,-3.029999999999999916e-01,0.000000000000000000e+00
2.660330275229357833e-01,-3.029999999999999916e-01,0.000000000000000000e+00
2.685357798165137755e-01,-3.029999999999999916e-01,0.000000000000000000e+00
2.710385321100917122e-01,-3.029999999999999916e-01,0.000000000000000000e+00
2.735412844036697044e-01,-3.029999999999999916e-01,0.000000000000000000e+00
2.760440366972476967e-01,-3.029999999999999916e-01,0.000000000000000000e+00
2.785467889908256889e-01,-3.029999999999999916e-01,0.000000000000000000e+00
2.810495412844036811e-01,-3.029999999999999916e-01,0.000000000000000000e+00
2.835522935779816178e-01,-3.029999999999999916e-01,0.000000000000000000e+00
2.860550458715596100e-01,-3.029999999999999916e-01,0.000000000000000000e+00
2.885577981651376023e-01,-3.029999999999999916e-01,0.000000000000000000e+00
2.910605504587155945e-01,-3.029999999999999916e-01,0.000000000000000000e+00
2.935633027522935867e-01,-3.029999999999999916e-01,0.000000000000000000e+00
2.960660550458715790e-01,-3.029999999999999916e-01,0.000000000000000000e+00
2.985688073394495157e-01,-3.029999999999999916e-01,0.000000000000000000e+00
3.010715596330275079e-01,-3.029999999999999916e-01,0.000000000000000000e+00
3.035743119266055001e-01,-3.029999999999999916e-01,0.000000000000000000e+00
3.060770642201834923e-01,-3.029999999999999916e-01,0.000000000000000000e+00
3.085798165137614291e-01,-3.029999999999999916e-01,0.000000000000000000e+00
3.110825688073394213e-01,-3.029999999999999916e-01,0.000000000000000000e+00
3.135853211009174135e-01,-3.029999999999999916e-01,0.000000000000000000e+00
3.160880733944954057e-01,-3.029999999999999916e-01,0.000000000000000000e+00
3.185908256880733980e-01,-3.029999999999999916e-01,0.000000000000000000e+00
3.210935779816513902e-01,-3.029999999999999916e-01,0.000000000000000000e+00
3.235963302752293824e-01,-3.029999999999999916e-01,0.000000000000000000e+00
3.260990825688073191e-01,-3.029999999999999916e-01,0.000000000000000000e+00
3.286018348623853114e-01,-3.029999999999999916e-01,0.000000000000000000e+00
3.311045871559633036e-01,-3.029999999999999916e-01,0.000000000000000000e+00
3.336073394495412958e-01,-3.029999999999999916e-01,0.000000000000000000e+00
3.361100917431192325e-01,-3.029999999999999916e-01,0.000000000000000000e+00
3.386128440366972248e-01,-3.029999999999999916e-01,0.000000000000000000e+00
3.411155963302752170e-01,-3.029999999999999916e-01,0.000000000000000000e+00
3.436183486238532092e-01,-3.029999999999999916e-01,0.000000000000000000e+00
3.461211009174312014e-01,-3.029999999999999916e-01,0.000000000000000000e+00
3.486238532110091937e-01,-3.029999999999999916e-01,0.000000000000000000e+00
3.511266055045871859e-01,-3.029999999999999916e-01,0.000000000000000000e+00
3.536293577981651226e-01,-3.029999999999999916e-01,0.000000000000000000e+00
3.561321100917431148e-01,-3.029999999999999916e-01,0.000000000000000000e+00
3.586348623853211071e-01,-3.029999999999999916e-01,0.000000000000000000e+00
3.611376146788990438e-01,-3.029999999999999916e-01,0.000000000000000000e+00
3.636403669724770360e-01,-3.029999999999999916e-01,0.000000000000000000e+00
3.661431192660550282e-01,-3.029999999999999916e-01,0.000000000000000000e+00
3.686458715596330205e-01,-3.029999999999999916e-01,0.000000000000000000e+00
3.711486238532110127e-01,-3.029999999999999916e-01,0.000000000000000000e+00
3.736513761467890049e-01,-3.029999999999999916e-01,0.000000000000000000e+00
3.761541284403669971e-01,-3.029999999999999916e-01,0.000000000000000000e+00
3.786568807339449894e-01,-3.029999999999999916e-01,0.000000000000000000e+00
3.811596330275229261e-01,-3.029999999999999916e-01,0.000000000000000000e+00
3.836623853211009183e-01,-3.029999999999999916e-01,0.000000000000000000e+00
3.861651376146789105e-01,-3.029999999999999916e-01,0.000000000000000000e+00
3.886678899082568472e-01,-3.029999999999999916e-01,0.000000000000000000e+00
3.911706422018348395e-01,-3.029999999999999916e-01,0.000000000000000000e+00
3.936733944954128317e-01,-3.029999999999999916e-01,0.000000000000000000e+00
3.961761467889908239e-01,-3.029999999999999916e-01,0.000000000000000000e+00
3.986788990825688161e-01,-3.029999999999999916e-01,0.000000000000000000e+00
4.011816513761468084e-01,-3.029999999999999916e-01,0.000000000000000000e+00
4.036844036697248006e-01,-3.029999999999999916e-01,0.000000000000000000e+00
4.061871559633027373e-01,-3.029999999999999916e-01,0.000000000000000000e+00
4.086899082568807295e-01,-3.029999999999999916e-01,0.000000000000000000e+00
4.111926605504587218e-01,-3.029999999999999916e-01,0.000000000000000000e+00
4.136954128440366585e-01,-3.029999999999999916e-01,0.000000000000000000e+00
4.161981651376146507e-01,-3.029999999999999916e-01,0.000000000000000000e+00
4.187009174311926429e-01,-3.029999999999999916e-01,0.000000000000000000e+00
4.212036697247706352e-01,-3.029999999999999916e-01,0.000000000000000000e+00
4.237064220183486274e-01,-3.029999999999999916e-01,0.000000000000000000e+00
4.262091743119266196e-01,-3.029999999999999916e-01,0.000000000000000000e+00
4.287119266055046118e-01,-3.029999999999999916e-01,0.000000000000000000e+00
4.312146788990826041e-01,-3.029999999999999916e-01,0.000000000000000000e+00
4.337174311926605408e-01,-3.029999999999999916e-01,0.000000000000000000e+00
4.362201834862385330e-01,-3.029999999999999916e-01,0.000000000000000000e+00
4.387229357798165252e-01,-3.029999999999999916e-01,0.000000000000000000e+00
4.412256880733944620e-01,-3.029999999999999916e-01,0.000000000000000000e+00
4.437284403669724542e-01,-3.029999999999999916e-01,0.000000000000000000e+00
4.462311926605504464e-01,-3.029999999999999916e-01,0.000000000000000000e+00
4.487339449541284386e-01,-3.029999999999999916e-01,0.000000000000000000e+00
4.512366972477064309e-01,-3.029999999999999916e-01,0.000000000000000000e+00
4.537394495412844231e-01,-3.029999999999999916e-01,0.000000000000000000e+00
4.562422018348624153e-01,-3.029999999999999916e-01,0.000000000000000000e+00
4.587449541284404075e-01,-3.029999999999999916e-01,0.000000000000000000e+00
4.612477064220183443e-01,-3.029999999999999916e-01,0.000000000000000000e+00
4.637504587155963365e-01,-3.029999999999999916e-01,0.000000000000000000e+00
4.662532110091743287e-01,-3.029999999999999916e-01,0.000000000000000000e+00
4.687559633027522654e-01,-3.029999999999999916e-01,0.000000000000000000e+00
4.712587155963302576e-01,-3.029999999999999916e-01,0.000000000000000000e+00
4.737614678899082499e-01,-3.029999999999999916e-01,0.000000000000000000e+00
4.762642201834862421e-01,-3.029999999999999916e-01,0.000000000000000000e+00
4.787669724770642343e-01,-3.029999999999999916e-01,0.000000000000000000e+00
4.812697247706422266e-01,-3.029999999999999916e-01,0.000000000000000000e+00
4.837724770642202188e-01,-3.029999999999999916e-01,0.000000000000000000e+00
4.862752293577981555e-01,-3.029999999999999916e-01,0.000000000000000000e+00
4.887779816513761477e-01,-3.029999999999999916e-01,0.000000000000000000e+00
4.912807339449541399e-01,-3.029999999999999916e-01,0.000000000000000000e+00
4.937834862385321322e-01,-3.029999999999999916e-01,0.000000000000000000e+00
4.962862385321100689e-01,-3.029999999999999916e-01,0.000000000000000000e+00
4.987889908256880611e-01,-3.029999999999999916e-01,0.000000000000000000e+00
5.012917431192660533e-01,-3.029999999999999916e-01,0.000000000000000000e+00
5.037944954128440456e-01,-3.029999999999999916e-01,0.000000000000000000e+00
5.062972477064220378e-01,-3.029999999999999916e-01,0.000000000000000000e+00
5.088000000000000300e-01,-3.029999999999999916e-01,0.000000000000000000e+00
5.113027522935780222e-01,-3.029999999999999916e-01,0.000000000000000000e+00
5.138055045871559035e-01,-3.029999999999999916e-01,0.000000000000000000e+00
5.163082568807340067e-01,-3.029999999999999916e-01,0.000000000000000000e+00
5.188110091743118879e-01,-3.029999999999999916e-01,0.000000000000000000e+00
5.213137614678899912e-01,-3.029999999999999916e-01,0.000000000000000000e+00
5.238165137614678724e-01,-3.029999999999999916e-01,0.000000000000000000e+00
5.263192660550458646e-01,-3.029999999999999916e-01,0.000000000000000000e+00
5.288220183486238568e-01,-3.029999999999999916e-01,0.000000000000000000e+00
5.313247706422018490e-01,-3.029999999999999916e-01,0.000000000000000000e+00
5.338275229357798413e-01,-3.029999999999999916e-01,0.000000000000000000e+00
5.363302752293578335e-01,-3.029999999999999916e-01,0.000000000000000000e+00
5.388330275229358257e-01,-3.029999999999999916e-01,0.000000000000000000e+00
5.413357798165137069e-01,-3.029999999999999916e-01,0.000000000000000000e+00
5.438385321100918102e-01,-3.029999999999999916e-01,0.000000000000000000e+00
5.463412844036696914e-01,-3.029999999999999916e-01,0.000000000000000000e+00
5.488440366972477946e-01,-3.029999999999999916e-01,0.000000000000000000e+00
5.513467889908256758e-01,-3.029999999999999916e-01,0.000000000000000000e+00
5.538495412844036681e-01,-3.029999999999999916e-01,0.000000000000000000e+00
5.563522935779816603e-01,-3.029999999999999916e-01,0.000000000000000000e+00
5.588550458715596525e-01,-3.029999999999999916e-01,0.000000000000000000e+00
5.613577981651376447e-01,-3.029999999999999916e-01,0.000000000000000000e+00
5.638605504587155259e-01,-3.029999999999999916e-01,0.000000000000000000e+00
5.663633027522936292e-01,-3.029999999999999916e-01,0.000000000000000000e+00
5.688660550458715104e-01,-3.029999999999999916e-01,0.000000000000000000e+00
5.713688073394496136e-01,-3.029999999999999916e-01,0.000000000000000000e+00
5.738715596330274948e-01,-3.029999999999999916e-01,0.000000000000000000e+00
5.763743119266054871e-01,-3.029999999999999916e-01,0.000000000000000000e+00
5.788770642201834793e-01,-3.029999999999999916e-01,0.000000000000000000e+00
5.813798165137614715e-01,-3.029999999999999916e-01,0.000000000000000000e+00
5.838825688073394637e-01,-3.029999999999999916e-01,0.000000000000000000e+00
5.863853211009174560e-01,-3.029999999999999916e-01,0.000000000000000000e+00
5.888880733944954482e-01,-3.029999999999999916e-01,0.000000000000000000e+00
5.913908256880733294e-01,-3.029999999999999916e-01,0.000000000000000000e+00
5.938935779816514327e-01,-3.029999999999999916e-01,0.000000000000000000e+00
5.963963302752293139e-01,-3.029999999999999916e-01,0.000000000000000000e+00
5.988990825688074171e-01,-3.029999999999999916e-01,0.000000000000000000e+00
6.014018348623852983e-01,-3.029999999999999916e-01,0.000000000000000000e+00
6.039045871559632905e-01,-3.029999999999999916e-01,0.000000000000000000e+00
6.064073394495412828e-01,-3.029999999999999916e-01,0.000000000000000000e+00
6.089100917431192750e-01,-3.029999999999999916e-01,0.000000000000000000e+00
6.114128440366972672e-01,-3.029999999999999916e-01,0.000000000000000000e+00
6.139155963302752594e-01,-3.029999999999999916e-01,0.000000000000000000e+00
6.164183486238532517e-01,-3.029999999999999916e-01,0.000000000000000000e+00
6.189211009174311329e-01,-3.029999999999999916e-01,0.000000000000000000e+00
6.214238532110092361e-01,-3.029999999999999916e-01,0.000000000000000000e+00
6.239266055045871173e-01,-3.029999999999999916e-01,0.000000000000000000e+00
6.264293577981652206e-01,-3.029999999999999916e-01,0.000000000000000000e+00
6.289321100917431018e-01,-3.029999999999999916e-01,0.000000000000000000e+00
6.314348623853210940e-01,-3.029999999999999916e-01,0.000000000000000000e+00
6.339376146788990862e-01,-3.029999999999999916e-01,0.000000000000000000e+00
6.364403669724770785e-01,-3.029999999999999916e-01,0.000000000000000000e+00
6.389431192660550707e-01,-3.029999999999999916e-01,0.000000000000000000e+00
6.414458715596330629e-01,-3.029999999999999916e-01,0.000000000000000000e+00
6.439486238532110551e-01,-3.029999999999999916e-01,0.000000000000000000e+00
6.464513761467889363e-01,-3.029999999999999916e-01,0.000000000000000000e+00
6.489541284403670396e-01,-3.029999999999999916e-01,0.000000000000000000e+00
6.514568807339449208e-01,-3.029999999999999916e-01,0.000000000000000000e+00
6.539596330275230240e-01,-3.029999999999999916e-01,0.000000000000000000e+00
6.564623853211009052e-01,-3.029999999999999916e-01,0.000000000000000000e+00
6.589651376146788975e-01,-3.029999999999999916e-01,0.000000000000000000e+00
6.614678899082568897e-01,-3.029999999999999916e-01,0.000000000000000000e+00
6.639706422018348819e-01,-3.029999999999999916e-01,0.000000000000000000e+00
6.664733944954128742e-01,-3.029999999999999916e-01,0.000000000000000000e+00
6.689761467889908664e-01,-3.029999999999999916e-01,0.000000000000000000e+00
6.714788990825688586e-01,-3.029999999999999916e-01,0.000000000000000000e+00
6.739816513761467398e-01,-3.029999999999999916e-01,0.000000000000000000e+00
6.764844036697248431e-01,-3.029999999999999916e-01,0.000000000000000000e+00
6.789871559633027243e-01,-3.029999999999999916e-01,0.000000000000000000e+00
6.814899082568808275e-01,-3.029999999999999916e-01,0.000000000000000000e+00
6.839926605504587087e-01,-3.029999999999999916e-01,0.000000000000000000e+00
6.864954128440367009e-01,-3.029999999999999916e-01,0.000000000000000000e+00
6.889981651376146932e-01,-3.029999999999999916e-01,0.000000000000000000e+00
6.915009174311926854e-01,-3.029999999999999916e-01,0.000000000000000000e+00
6.940036697247706776e-01,-3.029999999999999916e-01,0.000000000000000000e+00
6.965064220183486698e-01,-3.029999999999999916e-01,0.000000000000000000e+00
6.990091743119266621e-01,-3.029999999999999916e-01,0.000000000000000000e+00
7.015119266055045433e-01,-3.029999999999999916e-01,0.000000000000000000e+00
7.040146788990826465e-01,-3.029999999999999916e-01,0.000000000000000000e+00
7.065174311926605277e-01,-3.029999999999999916e-01,0.000000000000000000e+00
7.090201834862386310e-01,-3.029999999999999916e-01,0.000000000000000000e+00
7.115229357798165122e-01,-3.029999999999999916e-01,0.000000000000000000e+00
7.140256880733945044e-01,-3.029999999999999916e-01,0.000000000000000000e+00
7.165284403669724966e-01,-3.029999999999999916e-01,0.000000000000000000e+00
7.190311926605504889e-01,-3.029999999999999916e-01,0.000000000000000000e+00
7.215339449541284811e-01,-3.029999999999999916e-01,0.000000000000000000e+00
7.240366972477063623e-01,-3.029999999999999916e-01,0.000000000000000000e+00
7.265394495412844655e-01,-3.029999999999999916e-01,0.000000000000000000e+00
7.290422018348623467e-01,-3.029999999999999916e-01,0.000000000000000000e+00
7.315449541284404500e-01,-3.029999999999999916e-01,0.000000000000000000e+00
7.340477064220183312e-01,-3.029999999999999916e-01,0.000000000000000000e+00
7.365504587155963234e-01,-3.029999999999999916e-01,0.000000000000000000e+00
7.390532110091743156e-01,-3.029999999999999916e-01,0.000000000000000000e+00
7.415559633027523079e-01,-3.029999999999999916e-01,0.000000000000000000e+00
7.440587155963303001e-01,-3.029999999999999916e-01,0.000000000000000000e+00
7.465614678899082923e-01,-3.029999999999999916e-01,0.000000000000000000e+00
7.490642201834862846e-01,-3.029999999999999916e-01,0.000000000000000000e+00
7.515669724770642768e-01,-3.029999999999999916e-01,0.000000000000000000e+00
7.540697247706422690e-01,-3.029999999999999916e-01,0.000000000000000000e+00
7.565724770642201502e-01,-3.029999999999999916e-01,0.000000000000000000e+00
7.590752293577981424e-01,-3.029999999999999916e-01,0.000000000000000000e+00
7.615779816513761347e-01,-3.029999999999999916e-01,0.000000000000000000e+00
7.640807339449541269e-01,-3.029999999999999916e-01,0.000000000000000000e+00
7.665834862385321191e-01,-3.029999999999999916e-01,0.000000000000000000e+00
7.690862385321101113e-01,-3.029999999999999916e-01,0.000000000000000000e+00
7.715889908256881036e-01,-3.029999999999999916e-01,0.000000000000000000e+00
7.740917431192660958e-01,-3.029999999999999916e-01,0.000000000000000000e+00
7.765944954128440880e-01,-3.029999999999999916e-01,0.000000000000000000e+00
7.790972477064220802e-01,-3.029999999999999916e-01,0.000000000000000000e+00
7.816000000000000725e-01,-3.029999999999999916e-01,0.000000000000000000e+00
7.841027522935779537e-01,-3.029999999999999916e-01,0.000000000000000000e+00
7.866055045871559459e-01,-3.029999999999999916e-01,0.000000000000000000e+00
7.891082568807339381e-01,-3.029999999999999916e-01,0.000000000000000000e+00
7.916110091743119304e-01,-3.029999999999999916e-01,0.000000000000000000e+00
7.941137614678899226e-01,-3.029999999999999916e-01,0.000000000000000000e+00
7.966165137614679148e-01,-3.029999999999999916e-01,0.000000000000000000e+00
7.991192660550459070e-01,-3.029999999999999916e-01,0.000000000000000000e+00
8.016220183486238993e-01,-3.029999999999999916e-01,0.000000000000000000e+00
8.041247706422018915e-01,-3.029999999999999916e-01,0.000000000000000000e+00
8.066275229357798837e-01,-3.029999999999999916e-01,0.000000000000000000e+00
8.091302752293578759e-01,-3.029999999999999916e-01,0.000000000000000000e+00
8.116330275229357571e-01,-3.029999999999999916e-01,0.000000000000000000e+00
8.141357798165137494e-01,-3.029999999999999916e-01,0.000000000000000000e+00
8.166385321100917416e-01,-3.029999999999999916e-01,0.000000000000000000e+00
8.191412844036697338e-01,-3.029999999999999916e-01,0.000000000000000000e+00
8.216440366972477261e-01,-3.029999999999999916e-01,0.000000000000000000e+00
8.241467889908257183e-01,-3.029999999999999916e-01,0.000000000000000000e+00
8.266495412844037105e-01,-3.029999999999999916e-01,0.000000000000000000e+00
8.291522935779817027e-01,-3.029999999999999916e-01,0.000000000000000000e+00
8.316550458715596950e-01,-3.029999999999999916e-01,0.000000000000000000e+00
8.341577981651376872e-01,-3.029999999999999916e-01,0.000000000000000000e+00
8.366605504587156794e-01,-3.029999999999999916e-01,0.000000000000000000e+00
8.391633027522935606e-01,-3.029999999999999916e-01,0.000000000000000000e+00
8.416660550458715528e-01,-3.029999999999999916e-01,0.000000000000000000e+00
8.441688073394495451e-01,-3.029999999999999916e-01,0.000000000000000000e+00
8.466715596330275373e-01,-3.029999999999999916e-01,0.000000000000000000e+00
8.491743119266055295e-01,-3.029999999999999916e-01,0.000000000000000000e+00
8.516770642201835217e-01,-3.029999999999999916e-01,0.000000000000000000e+00
8.541798165137615140e-01,-3.029999999999999916e-01,0.000000000000000000e+00
8.566825688073395062e-01,-3.029999999999999916e-01,0.000000000000000000e+00
8.591853211009174984e-01,-3.029999999999999916e-01,0.000000000000000000e+00
8.616880733944954907e-01,-3.029999999999999916e-01,0.000000000000000000e+00
8.641908256880733719e-01,-3.029999999999999916e-01,0.000000000000000000e+00
8.666935779816513641e-01,-3.029999999999999916e-01,0.000000000000000000e+00
8.691963302752293563e-01,-3.029999999999999916e-01,0.000000000000000000e+00
8.716990825688073485e-01,-3.029999999999999916e-01,0.000000000000000000e+00
8.742018348623853408e-01,-3.029999999999999916e-01,0.000000000000000000e+00
8.767045871559633330e-01,-3.029999999999999916e-01,0.000000000000000000e+00
8.792073394495413252e-01,-3.029999999999999916e-01,0.000000000000000000e+00
8.817100917431193174e-01,-3.029999999999999916e-01,0.000000000000000000e+00
8.842128440366973097e-01,-3.029999999999999916e-01,0.000000000000000000e+00
8.867155963302753019e-01,-3.029999999999999916e-01,0.000000000000000000e+00
8.892183486238532941e-01,-3.029999999999999916e-01,0.000000000000000000e+00
8.917211009174311753e-01,-3.029999999999999916e-01,0.000000000000000000e+00
8.942238532110091676e-01,-3.029999999999999916e-01,0.000000000000000000e+00
8.967266055045871598e-01,-3.029999999999999916e-01,0.000000000000000000e+00
8.992293577981651520e-01,-3.029999999999999916e-01,0.000000000000000000e+00
9.017321100917431442e-01,-3.029999999999999916e-01,0.000000000000000000e+00
9.042348623853211365e-01,-3.029999999999999916e-01,0.000000000000000000e+00
9.067376146788991287e-01,-3.029999999999999916e-01,0.000000000000000000e+00
9.092403669724771209e-01,-3.029999999999999916e-01,0.000000000000000000e+00
9.117431192660551131e-01,-3.029999999999999916e-01,0.000000000000000000e+00
9.142458715596331054e-01,-3.029999999999999916e-01,0.000000000000000000e+00
9.167486238532109866e-01,-3.029999999999999916e-01,0.000000000000000000e+00
9.192513761467889788e-01,-3.029999999999999916e-01,0.000000000000000000e+00
9.217541284403669710e-01,-3.029999999999999916e-01,0.000000000000000000e+00
9.242568807339449632e-01,-3.029999999999999916e-01,0.000000000000000000e+00
9.267596330275229555e-01,-3.029999999999999916e-01,0.000000000000000000e+00
9.292623853211009477e-01,-3.029999999999999916e-01,0.000000000000000000e+00
9.317651376146789399e-01,-3.029999999999999916e-01,0.000000000000000000e+00
9.342678899082569322e-01,-3.029999999999999916e-01,0.000000000000000000e+00
9.367706422018349244e-01,-3.029999999999999916e-01,0.000000000000000000e+00
9.392733944954129166e-01,-3.029999999999999916e-01,0.000000000000000000e+00
9.417761467889909088e-01,-3.029999999999999916e-01,0.000000000000000000e+00
9.442788990825687900e-01,-3.029999999999999916e-01,0.000000000000000000e+00
9.467816513761467823e-01,-3.029999999999999916e-01,0.000000000000000000e+00
9.492844036697247745e-01,-3.029999999999999916e-01,0.000000000000000000e+00
9.517871559633027667e-01,-3.029999999999999916e-01,0.000000000000000000e+00
9.542899082568807589e-01,-3.029999999999999916e-01,0.000000000000000000e+00
9.567926605504587512e-01,-3.029999999999999916e-01,0.000000000000000000e+00
9.592954128440367434e-01,-3.029999999999999916e-01,0.000000000000000000e+00
9.617981651376147356e-01,-3.029999999999999916e-01,0.000000000000000000e+00
9.643009174311927278e-01,-3.029999999999999916e-01,0.000000000000000000e+00
9.668036697247707201e-01,-3.029999999999999916e-01,0.000000000000000000e+00
9.693064220183487123e-01,-3.029999999999999916e-01,0.000000000000000000e+00
9.718091743119265935e-01,-3.029999999999999916e-01,0.000000000000000000e+00
9.743119266055045857e-01,-3.029999999999999916e-01,0.000000000000000000e+00
9.768146788990825780e-01,-3.029999999999999916e-01,0.000000000000000000e+00
9.793174311926605702e-01,-3.029999999999999916e-01,0.000000000000000000e+00
9.818201834862385624e-01,-3.029999999999999916e-01,0.000000000000000000e+00
9.843229357798165546e-01,-3.029999999999999916e-01,0.000000000000000000e+00
9.868256880733945469e-01,-3.029999999999999916e-01,0.000000000000000000e+00
9.893284403669725391e-01,-3.029999999999999916e-01,0.000000000000000000e+00
9.918311926605505313e-01,-3.029999999999999916e-01,0.000000000000000000e+00
9.943339449541285235e-01,-3.029999999999999916e-01,0.000000000000000000e+00
9.968366972477065158e-01,-3.029999999999999916e-01,0.000000000000000000e+00
9.993394495412843970e-01,-3.029999999999999916e-01,0.000000000000000000e+00
1.001842201834862500e+00,-3.029999999999999916e-01,0.000000000000000000e+00
1.004344954128440381e+00,-3.029999999999999916e-01,0.000000000000000000e+00
1.006847706422018263e+00,-3.029999999999999916e-01,0.000000000000000000e+00
1.009350458715596366e+00,-3.029999999999999916e-01,0.000000000000000000e+00
1.011853211009174469e+00,-3.029999999999999916e-01,0.000000000000000000e+00
1.014355963302752350e+00,-3.029999999999999916e-01,0.000000000000000000e+00
1.016858715596330232e+00,-3.029999999999999916e-01,0.000000000000000000e+00
1.019361467889908335e+00,-3.029999999999999916e-01,0.000000000000000000e+00
1.021864220183486438e+00,-3.029999999999999916e-01,0.000000000000000000e+00
1.024366972477064319e+00,-3.029999999999999916e-01,0.000000000000000000e+00
1.026869724770642200e+00,-3.029999999999999916e-01,0.000000000000000000e+00
1.029372477064220082e+00,-3.029999999999999916e-01,0.000000000000000000e+00
1.031875229357798185e+00,-3.029999999999999916e-01,0.000000000000000000e+00
1.034377981651376288e+00,-3.029999999999999916e-01,0.000000000000000000e+00
1.036880733944954169e+00,-3.029999999999999916e-01,0.000000000000000000e+00
1.039383486238532051e+00,-3.029999999999999916e-01,0.000000000000000000e+00
1.041886238532110154e+00,-3.029999999999999916e-01,0.000000000000000000e+00
1.044388990825688257e+00,-3.029999999999999916e-01,0.000000000000000000e+00
1.046891743119266138e+00,-3.029999999999999916e-01,0.000000000000000000e+00
1.049394495412844019e+00,-3.029999999999999916e-01,0.000000000000000000e+00
1.051897247706421901e+00,-3.029999999999999916e-01,0.000000000000000000e+00
1.054400000000000004e+00,-3.029999999999999916e-01,0.000000000000000000e+00
1.056902752293578107e+00,-3.029999999999999916e-01,0.000000000000000000e+00
1.059405504587155988e+00,-3.029999999999999916e-01,0.000000000000000000e+00
1.061908256880733870e+00,-3.029999999999999916e-01,0.000000000000000000e+00
1.064411009174311973e+00,-3.029999999999999916e-01,0.000000000000000000e+00
1.066913761467890076e+00,-3.029999999999999916e-01,0.000000000000000000e+00
1.069416513761467957e+00,-3.029999999999999916e-01,0.000000000000000000e+00
1.071919266055045838e+00,-3.029999999999999916e-01,0.000000000000000000e+00
1.074422018348623942e+00,-3.029999999999999916e-01,0.000000000000000000e+00
1.076924770642201823e+00,-3.029999999999999916e-01,0.000000000000000000e+00
1.079427522935779926e+00,-3.029999999999999916e-01,0.000000000000000000e+00
1.081930275229357807e+00,-3.029999999999999916e-01,0.000000000000000000e+00
1.084433027522935689e+00,-3.029999999999999916e-01,0.000000000000000000e+00
1.086935779816513792e+00,-3.029999999999999916e-01,0.000000000000000000e+00
1.089438532110091895e+00,-3.029999999999999916e-01,0.000000000000000000e+00
1.091941284403669776e+00,-3.029999999999999916e-01,0.000000000000000000e+00
1.094444036697247657e+00,-3.029999999999999916e-01,0.000000000000000000e+00
1.096946788990825761e+00,-3.029999999999999916e-01,0.000000000000000000e+00
1.099449541284403864e+00,-3.029999999999999916e-01,0.000000000000000000e+00
1.101952293577981745e+00,-3.029999999999999916e-01,0.000000000000000000e+00
1.104455045871559626e+00,-3.029999999999999916e-01,0.000000000000000000e+00
1.106957798165137508e+00,-3.029999999999999916e-01,0.000000000000000000e+00
1.109460550458715611e+00,-3.029999999999999916e-01,0.000000000000000000e+00
1.111963302752293714e+00,-3.029999999999999916e-01,0.000000000000000000e+00
1.114466055045871595e+00,-3.029999999999999916e-01,0.000000000000000000e+00
1.116968807339449477e+00,-3.029999999999999916e-01,0.000000000000000000e+00
1.119471559633027580e+00,-3.029999999999999916e-01,0.000000000000000000e+00
1.121974311926605683e+00,-3.029999999999999916e-01,0.000000000000000000e+00
1.124477064220183564e+00,-3.029999999999999916e-01,0.000000000000000000e+00
1.126979816513761445e+00,-3.029999999999999916e-01,0.000000000000000000e+00
1.129482568807339549e+00,-3.029999999999999916e-01,0.000000000000000000e+00
1.131985321100917430e+00,-3.029999999999999916e-01,0.000000000000000000e+00
1.134488073394495533e+00,-3.029999999999999916e-01,0.000000000000000000e+00
1.136990825688073414e+00,-3.029999999999999916e-01,0.000000000000000000e+00
1.139493577981651296e+00,-3.029999999999999916e-01,0.000000000000000000e+00
1.141996330275229399e+00,-3.029999999999999916e-01,0.000000000000000000e+00
1.144499082568807502e+00,-3.029999999999999916e-01,0.000000000000000000e+00
1.147001834862385383e+00,-3.029999999999999916e-01,0.000000000000000000e+00
1.149504587155963264e+00,-3.029999999999999916e-01,0.000000000000000000e+00
1.152007339449541368e+00,-3.029999999999999916e-01,0.000000000000000000e+00
1.154510091743119471e+00,-3.029999999999999916e-01,0.000000000000000000e+00
1.157012844036697352e+00,-3.029999999999999916e-01,0.000000000000000000e+00
1.159515596330275233e+00,-3.029999999999999916e-01,0.000000000000000000e+00
1.162018348623853115e+00,-3.029999999999999916e-01,0.000000000000000000e+00
1.164521100917431218e+00,-3.029999999999999916e-01,0.000000000000000000e+00
1.167023853211009321e+00,-3.029999999999999916e-01,0.000000000000000000e+00
1.169526605504587202e+00,-3.029999999999999916e-01,0.000000000000000000e+00
1.172029357798165083e+00,-3.029999999999999916e-01,0.000000000000000000e+00
1.174532110091743187e+00,-3.029999999999999916e-01,0.000000000000000000e+00
1.177034862385321290e+00,-3.029999999999999916e-01,0.000000000000000000e+00
1.179537614678899171e+00,-3.029999999999999916e-01,0.000000000000000000e+00
1.182040366972477052e+00,-3.029999999999999916e-01,0.000000000000000000e+00
1.184543119266054934e+00,-3.029999999999999916e-01,0.000000000000000000e+00
1.187045871559633037e+00,-3.029999999999999916e-01,0.000000000000000000e+00
1.189548623853211140e+00,-3.029999999999999916e-01,0.000000000000000000e+00
1.192051376146789021e+00,-3.029999999999999916e-01,0.000000000000000000e+00
1.194554128440366902e+00,-3.029999999999999916e-01,0.000000000000000000e+00
1.197056880733945006e+00,-3.029999999999999916e-01,0.000000000000000000e+00
1.199559633027523109e+00,-3.029999999999999916e-01,0.000000000000000000e+00
1.202062385321100990e+00,-3.029999999999999916e-01,0.000000000000000000e+00
1.204565137614678871e+00,-3.029999999999999916e-01,0.000000000000000000e+00
1.207067889908256975e+00,-3.029999999999999916e-01,0.000000000000000000e+00
1.209570642201835078e+00,-3.029999999999999916e-01,0.000000000000000000e+00
1.212073394495412959e+00,-3.029999999999999916e-01,0.000000000000000000e+00
1.214576146788990840e+00,-3.029999999999999916e-01,0.000000000000000000e+00
1.217078899082568721e+00,-3.029999999999999916e-01,0.000000000000000000e+00
1.219581651376146825e+00,-3.029999999999999916e-01,0.000000000000000000e+00
1.222084403669724928e+00,-3.029999999999999916e-01,0.000000000000000000e+00
1.224587155963302809e+00,-3.029999999999999916e-01,0.000000000000000000e+00
1.227089908256880690e+00,-3.029999999999999916e-01,0.000000000000000000e+00
1.229592660550458794e+00,-3.029999999999999916e-01,0.000000000000000000e+00
1.232095412844036897e+00,-3.029999999999999916e-01,0.000000000000000000e+00
1.234598165137614778e+00,-3.029999999999999916e-01,0.000000000000000000e+00
1.237100917431192659e+00,-3.029999999999999916e-01,0.000000000000000000e+00
1.239603669724770763e+00,-3.029999999999999916e-01,0.000000000000000000e+00
1.242106422018348644e+00,-3.029999999999999916e-01,0.000000000000000000e+00
1.244609174311926747e+00,-3.029999999999999916e-01,0.000000000000000000e+00
1.247111926605504628e+00,-3.029999999999999916e-01,0.000000000000000000e+00
1.249614678899082731e+00,-3.029999999999999916e-01,0.000000000000000000e+00
1.252117431192660613e+00,-3.029999999999999916e-01,0.000000000000000000e+00
1.254620183486238494e+00,-3.029999999999999916e-01,0.000000000000000000e+00
1.257122935779816597e+00,-3.029999999999999916e-01,0.000000000000000000e+00
1.259625688073394478e+00,-3.029999999999999916e-01,0.000000000000000000e+00
1.262128440366972582e+00,-3.029999999999999916e-01,0.000000000000000000e+00
1.264631192660550463e+00,-3.029999999999999916e-01,0.000000000000000000e+00
1.267133944954128566e+00,-3.029999999999999916e-01,0.000000000000000000e+00
1.269636697247706447e+00,-3.029999999999999916e-01,0.000000000000000000e+00
1.272139449541284550e+00,-3.029999999999999916e-01,0.000000000000000000e+00
1.274642201834862432e+00,-3.029999999999999916e-01,0.000000000000000000e+00
1.277144954128440313e+00,-3.029999999999999916e-01,0.000000000000000000e+00
1.279647706422018416e+00,-3.029999999999999916e-01,0.000000000000000000e+00
1.282150458715596297e+00,-3.029999999999999916e-01,0.000000000000000000e+00
1.284653211009174401e+00,-3.029999999999999916e-01,0.000000000000000000e+00
1.287155963302752282e+00,-3.029999999999999916e-01,0.000000000000000000e+00
1.289658715596330385e+00,-3.029999999999999916e-01,0.000000000000000000e+00
1.292161467889908266e+00,-3.029999999999999916e-01,0.000000000000000000e+00
1.294664220183486369e+00,-3.029999999999999916e-01,0.000000000000000000e+00
1.297166972477064251e+00,-3.029999999999999916e-01,0.000000000000000000e+00
1.299669724770642354e+00,-3.029999999999999916e-01,0.000000000000000000e+00
1.302172477064220235e+00,-3.029999999999999916e-01,0.000000000000000000e+00
1.304675229357798116e+00,-3.029999999999999916e-01,0.000000000000000000e+00
1.307177981651376220e+00,-3.029999999999999916e-01,0.000000000000000000e+00
1.309680733944954101e+00,-3.029999999999999916e-01,0.000000000000000000e+00
1.312183486238532204e+00,-3.029999999999999916e-01,0.000000000000000000e+00
1.314686238532110085e+00,-3.029999999999999916e-01,0.000000000000000000e+00
1.317188990825688188e+00,-3.029999999999999916e-01,0.000000000000000000e+00
1.319691743119266070e+00,-3.029999999999999916e-01,0.000000000000000000e+00
1.322194495412844173e+00,-3.029999999999999916e-01,0.000000000000000000e+00
1.324697247706422054e+00,-3.029999999999999916e-01,0.000000000000000000e+00
1.327200000000000157e+00,-3.029999999999999916e-01,0.000000000000000000e+00
1.329702752293578039e+00,-3.029999999999999916e-01,0.000000000000000000e+00
1.332205504587155920e+00,-3.029999999999999916e-01,0.000000000000000000e+00
1.334708256880734023e+00,-3.029999999999999916e-01,0.000000000000000000e+00
1.337211009174311904e+00,-3.029999999999999916e-01,0.000000000000000000e+00
1.339713761467890007e+00,-3.029999999999999916e-01,0.000000000000000000e+00
1.342216513761467889e+00,-3.029999999999999916e-01,0.000000000000000000e+00
1.344719266055045992e+00,-3.029999999999999916e-01,0.000000000000000000e+00
1.347222018348623873e+00,-3.029999999999999916e-01,0.000000000000000000e+00
1.349724770642201976e+00,-3.029999999999999916e-01,0.000000000000000000e+00
1.352227522935779858e+00,-3.029999999999999916e-01,0.000000000000000000e+00
1.354730275229357961e+00,-3.029999999999999916e-01,0.000000000000000000e+00
1.357233027522935842e+00,-3.029999999999999916e-01,0.000000000000000000e+00
1.359735779816513723e+00,-3.029999999999999916e-01,0.000000000000000000e+00
1.362238532110091827e+00,-3.029999999999999916e-01,0.000000000000000000e+00
1.364741284403669708e+00,-3.029999999999999916e-01,0.000000000000000000e+00
1.367244036697247811e+00,-3.029999999999999916e-01,0.000000000000000000e+00
1.369746788990825692e+00,-3.029999999999999916e-01,0.000000000000000000e+00
1.372249541284403795e+00,-3.029999999999999916e-01,0.000000000000000000e+00
1.374752293577981677e+00,-3.029999999999999916e-01,0.000000000000000000e+00
1.377255045871559780e+00,-3.029999999999999916e-01,0.000000000000000000e+00
1.379757798165137661e+00,-3.029999999999999916e-01,0.000000000000000000e+00
1.382260550458715764e+00,-3.029999999999999916e-01,0.000000000000000000e+00
1.384763302752293646e+00,-3.029999999999999916e-01,0.000000000000000000e+00
1.387266055045871527e+00,-3.029999999999999916e-01,0.000000000000000000e+00
1.389768807339449630e+00,-3.029999999999999916e-01,0.000000000000000000e+00
1.392271559633027511e+00,-3.029999999999999916e-01,0.000000000000000000e+00
1.394774311926605614e+00,-3.029999999999999916e-01,0.000000000000000000e+00
1.397277064220183496e+00,-3.029999999999999916e-01,0.000000000000000000e+00
1.399779816513761599e+00,-3.029999999999999916e-01,0.000000000000000000e+00
1.402282568807339480e+00,-3.029999999999999916e-01,0.000000000000000000e+00
1.404785321100917583e+00,-3.029999999999999916e-01,0.000000000000000000e+00
1.407288073394495465e+00,-3.029999999999999916e-01,0.000000000000000000e+00
1.409790825688073568e+00,-3.029999999999999916e-01,0.000000000000000000e+00
1.412293577981651449e+00,-3.029999999999999916e-01,0.000000000000000000e+00
1.414796330275229330e+00,-3.029999999999999916e-01,0.000000000000000000e+00
1.417299082568807433e+00,-3.029999999999999916e-01,0.000000000000000000e+00
1.419801834862385315e+00,-3.029999999999999916e-01,0.000000000000000000e+00
1.422304587155963418e+00,-3.029999999999999916e-01,0.000000000000000000e+00
1.424807339449541299e+00,-3.029999999999999916e-01,0.000000000000000000e+00
1.427310091743119402e+00,-3.029999999999999916e-01,0.000000000000000000e+00
1.429812844036697284e+00,-3.029999999999999916e-01,0.000000000000000000e+00
1.432315596330275387e+00,-3.029999999999999916e-01,0.000000000000000000e+00
1.434818348623853268e+00,-3.029999999999999916e-01,0.000000000000000000e+00
1.437321100917431371e+00,-3.029999999999999916e-01,0.000000000000000000e+00
1.439823853211009252e+00,-3.029999999999999916e-01,0.000000000000000000e+00
1.442326605504587134e+00,-3.029999999999999916e-01,0.000000000000000000e+00
1.444829357798165237e+00,-3.029999999999999916e-01,0.000000000000000000e+00
1.447332110091743118e+00,-3.029999999999999916e-01,0.000000000000000000e+00
1.449834862385321221e+00,-3.029999999999999916e-01,0.000000000000000000e+00
1.452337614678899103e+00,-3.029999999999999916e-01,0.000000000000000000e+00
1.454840366972477206e+00,-3.029999999999999916e-01,0.000000000000000000e+00
1.457343119266055087e+00,-3.029999999999999916e-01,0.000000000000000000e+00
1.459845871559633190e+00,-3.029999999999999916e-01,0.000000000000000000e+00
1.462348623853211071e+00,-3.029999999999999916e-01,0.000000000000000000e+00
1.464851376146788953e+00,-3.029999999999999916e-01,0.000000000000000000e+00
1.467354128440367056e+00,-3.029999999999999916e-01,0.000000000000000000e+00
1.469856880733944937e+00,-3.029999999999999916e-01,0.000000000000000000e+00
1.472359633027523040e+00,-3.029999999999999916e-01,0.000000000000000000e+00
1.474862385321100922e+00,-3.029999999999999916e-01,0.000000000000000000e+00
1.477365137614679025e+00,-3.029999999999999916e-01,0.000000000000000000e+00
1.479867889908256906e+00,-3.029999999999999916e-01,0.000000000000000000e+00
1.482370642201835009e+00,-3.029999999999999916e-01,0.000000000000000000e+00
1.484873394495412890e+00,-3.029999999999999916e-01,0.000000000000000000e+00
1.487376146788990994e+00,-3.029999999999999916e-01,0.000000000000000000e+00
1.489878899082568875e+00,-3.029999999999999916e-01,0.000000000000000000e+00
1.492381651376146756e+00,-3.029999999999999916e-01,0.000000000000000000e+00
1.494884403669724859e+00,-3.029999999999999916e-01,0.000000000000000000e+00
1.497387155963302741e+00,-3.029999999999999916e-01,0.000000000000000000e+00
1.499889908256880844e+00,-3.029999999999999916e-01,0.000000000000000000e+00
1.502392660550458725e+00,-3.029999999999999916e-01,0.000000000000000000e+00
1.504895412844036828e+00,-3.029999999999999916e-01,0.000000000000000000e+00
1.507398165137614710e+00,-3.029999999999999916e-01,0.000000000000000000e+00
1.509900917431192813e+00,-3.029999999999999916e-01,0.000000000000000000e+00
1.512403669724770694e+00,-3.029999999999999916e-01,0.000000000000000000e+00
1.514906422018348797e+00,-3.029999999999999916e-01,0.000000000000000000e+00
1.517409174311926678e+00,-3.029999999999999916e-01,0.000000000000000000e+00
1.519911926605504560e+00,-3.029999999999999916e-01,0.000000000000000000e+00
1.522414678899082663e+00,-3.029999999999999916e-01,0.000000000000000000e+00
1.524917431192660544e+00,-3.029999999999999916e-01,0.000000000000000000e+00
1.527420183486238647e+00,-3.029999999999999916e-01,0.000000000000000000e+00
1.529922935779816529e+00,-3.029999999999999916e-01,0.000000000000000000e+00
1.532425688073394632e+00,-3.029999999999999916e-01,0.000000000000000000e+00
1.534928440366972513e+00,-3.029999999999999916e-01,0.000000000000000000e+00
1.537431192660550616e+00,-3.029999999999999916e-01,0.000000000000000000e+00
1.539933944954128497e+00,-3.029999999999999916e-01,0.000000000000000000e+00
1.542436697247706601e+00,-3.029999999999999916e-01,0.000000000000000000e+00
1.544939449541284482e+00,-3.029999999999999916e-01,0.000000000000000000e+00
1.547442201834862363e+00,-3.029999999999999916e-01,0.000000000000000000e+00
1.549944954128440466e+00,-3.029999999999999916e-01,0.000000000000000000e+00
1.552447706422018348e+00,-3.029999999999999916e-01,0.000000000000000000e+00
1.554950458715596451e+00,-3.029999999999999916e-01,0.000000000000000000e+00
1.557453211009174332e+00,-3.029999999999999916e-01,0.000000000000000000e+00
1.559955963302752435e+00,-3.029999999999999916e-01,0.000000000000000000e+00
1.562458715596330316e+00,-3.029999999999999916e-01,0.000000000000000000e+00
1.564961467889908420e+00,-3.029999999999999916e-01,0.000000000000000000e+00
1.567464220183486301e+00,-3.029999999999999916e-01,0.000000000000000000e+00
1.569966972477064404e+00,-3.029999999999999916e-01,0.000000000000000000e+00
1.572469724770642285e+00,-3.029999999999999916e-01,0.000000000000000000e+00
1.574972477064220167e+00,-3.029999999999999916e-01,0.000000000000000000e+00
1.577475229357798270e+00,-3.029999999999999916e-01,0.000000000000000000e+00
1.579977981651376151e+00,-3.029999999999999916e-01,0.000000000000000000e+00
1.582480733944954254e+00,-3.029999999999999916e-01,0.000000000000000000e+00
1.584983486238532135e+00,-3.029999999999999916e-01,0.000000000000000000e+00
1.587486238532110239e+00,-3.029999999999999916e-01,0.000000000000000000e+00
1.589988990825688120e+00,-3.029999999999999916e-01,0.000000000000000000e+00
1.592491743119266223e+00,-3.029999999999999916e-01,0.000000000000000000e+00
1.594994495412844104e+00,-3.029999999999999916e-01,0.000000000000000000e+00
1.597497247706421986e+00,-3.029999999999999916e-01,0.000000000000000000e+00
