-1.600000000000000089e+00,-1.749999999999999889e-01,0.000000000000000000e+00
-1.597495429616087925e+00,-1.749999999999999889e-01,0.000000000000000000e+00
-1.594990859232175540e+00,-1.749999999999999889e-01,0.000000000000000000e+00
-1.592486288848263376e+00,-1.749999999999999889e-01,0.000000000000000000e+00
-1.589981718464350990e+00,-1.749999999999999889e-01,0.000000000000000000e+00
-1.587477148080438827e+00,-1.749999999999999889e-01,0.000000000000000000e+00
-1.584972577696526663e+00,-1.749999999999999889e-01,0.000000000000000000e+00
-1.582468007312614278e+00,-1.749999999999999889e-01,0.000000000000000000e+00
-1.579963436928702114e+00,-1.749999999999999889e-01,0.000000000000000000e+00
-1.577458866544789950e+00,-1.749999999999999889e-01,0.000000000000000000e+00
-1.574954296160877565e+00,-1.749999999999999889e-01,0.000000000000000000e+00
-1.572449725776965401e+00,-1.749999999999999889e-01,0.000000000000000000e+00
-1.569945155393053016e+00,-1.749999999999999889e-01,0.000000000000000000e+00
-1.567440585009140852e+00,-1.749999999999999889e-01,0.000000000000000000e+00
-1.564936014625228689e+00,-1.749999999999999889e-01,0.000000000000000000e+00
-1.562431444241316303e+00,-1.749999999999999889e-01,0.000000000000000000e+00
-1.559926873857404139e+00,-1.749999999999999889e-01,0.000000000000000000e+00
-1.557422303473491754e+00,-1.749999999999999889e-01,0.000000000000000000e+00
-1.554917733089579590e+00,-1.749999999999999889e-01,0.000000000000000000e+00
-1.552413162705667427e+00,-1.749999999999999889e-01,0.000000000000000000e+00
-1.549908592321755041e+00,-1.749999999999999889e-01,0.000000000000000000e+00
-1.547404021937842877e+00,-1.749999999999999889e-01,0.000000000000000000e+00
-1.544899451553930714e+00,-1.749999999999999889e-01,0.000000000000000000e+00
-1.542394881170018328e+00,-1.749999999999999889e-01,0.000000000000000000e+00
-1.539890310786106165e+00,-1.749999999999999889e-01,0.000000000000000000e+00
-1.537385740402193779e+00,-1.749999999999999889e-01,0.000000000000000000e+00
-1.534881170018281615e+00,-1.749999999999999889e-01,0.000000000000000000e+00
-1.532376599634369452e+00,-1.749999999999999889e-01,0.000000000000000000e+00
-1.529872029250457066e+00,-1.749999999999999889e-01,0.000000000000000000e+00
-1.527367458866544903e+00,-1.749999999999999889e-01,0.000000000000000000e+00
-1.524862888482632517e+00,-1.749999999999999889e-01,0.000000000000000000e+00
-1.522358318098720353e+00,-1.749999999999999889e-01,0.000000000000000000e+00
-1.519853747714808190e+00,-1.749999999999999889e-01,0.000000000000000000e+00
-1.517349177330895804e+00,-1.749999999999999889e-01,0.000000000000000000e+00
-1.514844606946983641e+00,-1.749999999999999889e-01,0.000000000000000000e+00
-1.512340036563071477e+00,-1.749999999999999889e-01,0.000000000000000000e+00
-1.509835466179159091e+00,-1.749999999999999889e-01,0.000000000000000000e+00
-1.507330895795246928e+00,-1.749999999999999889e-01,0.000000000000000000e+00
-1.504826325411334542e+00,-1.749999999999999889e-01,0.000000000000000000e+00
-1.502321755027422379e+00,-1.749999999999999889e-01,0.000000000000000000e+00
-1.499817184643510215e+00,-1.749999999999999889e-01,0.000000000000000000e+00
-1.497312614259597829e+00,-1.749999999999999889e-01,0.000000000000000000e+00
-1.494808043875685666e+00,-1.749999999999999889e-01,0.000000000000000000e+00
-1.492303473491773280e+00,-1.749999999999999889e-01,0.000000000000000000e+00
-1.489798903107861117e+00,-1.749999999999999889e-01,0.000000000000000000e+00
-1.487294332723948953e+00,-1.749999999999999889e-01,0.000000000000000000e+00
-1.484789762340036567e+00,-1.749999999999999889e-01,0.000000000000000000e+00
-1.482285191956124404e+00,-1.749999999999999889e-01,0.000000000000000000e+00
-1.479780621572212240e+00,-1.749999999999999889e-01,0.000000000000000000e+00
-1.477276051188299855e+00,-1.749999999999999889e-01,0.000000000000000000e+00
-1.474771480804387691e+00,-1.749999999999999889e-01,0.000000000000000000e+00
-1.472266910420475305e+00,-1.749999999999999889e-01,0.000000000000000000e+00
-1.469762340036563142e+00,-1.749999999999999889e-01,0.000000000000000000e+00
-1.467257769652650978e+00,-1.749999999999999889e-01,0.000000000000000000e+00
-1.464753199268738593e+00,-1.749999999999999889e-01,0.000000000000000000e+00
-1.462248628884826429e+00,-1.749999999999999889e-01,0.000000000000000000e+00
-1.459744058500914043e+00,-1.749999999999999889e-01,0.000000000000000000e+00
-1.457239488117001880e+00,-1.749999999999999889e-01,0.000000000000000000e+00
-1.454734917733089716e+00,-1.749999999999999889e-01,0.000000000000000000e+00
-1.452230347349177331e+00,-1.749999999999999889e-01,0.000000000000000000e+00
-1.449725776965265167e+00,-1.749999999999999889e-01,0.000000000000000000e+00
-1.447221206581352781e+00,-1.749999999999999889e-01,0.000000000000000000e+00
-1.444716636197440618e+00,-1.749999999999999889e-01,0.000000000000000000e+00
-1.442212065813528454e+00,-1.749999999999999889e-01,0.000000000000000000e+00
-1.439707495429616069e+00,-1.749999999999999889e-01,0.000000000000000000e+00
-1.437202925045703905e+00,-1.749999999999999889e-01,0.000000000000000000e+00
-1.434698354661791742e+00,-1.749999999999999889e-01,0.000000000000000000e+00
-1.432193784277879356e+00,-1.749999999999999889e-01,0.000000000000000000e+00
-1.429689213893967192e+00,-1.749999999999999889e-01,0.000000000000000000e+00
-1.427184643510055029e+00,-1.749999999999999889e-01,0.000000000000000000e+00
-1.424680073126142643e+00,-1.749999999999999889e-01,0.000000000000000000e+00
-1.422175502742230480e+00,-1.749999999999999889e-01,0.000000000000000000e+00
-1.419670932358318094e+00,-1.749999999999999889e-01,0.000000000000000000e+00
-1.417166361974405930e+00,-1.749999999999999889e-01,0.000000000000000000e+00
-1.414661791590493767e+00,-1.749999999999999889e-01,0.000000000000000000e+00
-1.412157221206581381e+00,-1.749999999999999889e-01,0.000000000000000000e+00
-1.409652650822669218e+00,-1.749999999999999889e-01,0.000000000000000000e+00
-1.407148080438756832e+00,-1.749999999999999889e-01,0.000000000000000000e+00
-1.404643510054844668e+00,-1.749999999999999889e-01,0.000000000000000000e+00
-1.402138939670932505e+00,-1.749999999999999889e-01,0.000000000000000000e+00
-1.399634369287020119e+00,-1.749999999999999889e-01,0.000000000000000000e+00
-1.397129798903107956e+00,-1.749999999999999889e-01,0.000000000000000000e+00
-1.394625228519195570e+00,-1.749999999999999889e-01,0.000000000000000000e+00
-1.392120658135283406e+00,-1.749999999999999889e-01,0.000000000000000000e+00
-1.389616087751371243e+00,-1.749999999999999889e-01,0.000000000000000000e+00
-1.387111517367458857e+00,-1.749999999999999889e-01,0.000000000000000000e+00
-1.384606946983546694e+00,-1.749999999999999889e-01,0.000000000000000000e+00
-1.382102376599634308e+00,-1.749999999999999889e-01,0.000000000000000000e+00
-1.379597806215722144e+00,-1.749999999999999889e-01,0.000000000000000000e+00
-1.377093235831809981e+00,-1.749999999999999889e-01,0.000000000000000000e+00
-1.374588665447897595e+00,-1.749999999999999889e-01,0.000000000000000000e+00
-1.372084095063985432e+00,-1.749999999999999889e-01,0.000000000000000000e+00
-1.369579524680073268e+00,-1.749999999999999889e-01,0.000000000000000000e+00
-1.367074954296160882e+00,-1.749999999999999889e-01,0.000000000000000000e+00
-1.364570383912248719e+00,-1.749999999999999889e-01,0.000000000000000000e+00
-1.362065813528336555e+00,-1.749999999999999889e-01,0.000000000000000000e+00
-1.359561243144424170e+00,-1.749999999999999889e-01,0.000000000000000000e+00
-1.357056672760512006e+00,-1.749999999999999889e-01,0.000000000000000000e+00
-1.354552102376599620e+00,-1.749999999999999889e-01,0.000000000000000000e+00
-1.352047531992687457e+00,-1.749999999999999889e-01,0.000000000000000000e+00
-1.349542961608775293e+00,-1.749999999999999889e-01,0.000000000000000000e+00
-1.347038391224862908e+00,-1.749999999999999889e-01,0.000000000000000000e+00
-1.344533820840950744e+00,-1.749999999999999889e-01,0.000000000000000000e+00
-1.342029250457038358e+00,-1.749999999999999889e-01,0.000000000000000000e+00
-1.339524680073126195e+00,-1.749999999999999889e-01,0.000000000000000000e+00
-1.337020109689214031e+00,-1.749999999999999889e-01,0.000000000000000000e+00
-1.334515539305301646e+00,-1.749999999999999889e-01,0.000000000000000000e+00
-1.332010968921389482e+00,-1.749999999999999889e-01,0.000000000000000000e+00
-1.329506398537477097e+00,-1.749999999999999889e-01,0.000000000000000000e+00
-1.327001828153564933e+00,-1.749999999999999889e-01,0.000000000000000000e+00
-1.324497257769652769e+00,-1.749999999999999889e-01,0.000000000000000000e+00
-1.321992687385740384e+00,-1.749999999999999889e-01,0.000000000000000000e+00
-1.319488117001828220e+00,-1.749999999999999889e-01,0.000000000000000000e+00
-1.316983546617915835e+00,-1.749999999999999889e-01,0.000000000000000000e+00
-1.314478976234003671e+00,-1.749999999999999889e-01,0.000000000000000000e+00
-1.311974405850091507e+00,-1.749999999999999889e-01,0.000000000000000000e+00
-1.309469835466179122e+00,-1.749999999999999889e-01,0.000000000000000000e+00
-1.306965265082266958e+00,-1.749999999999999889e-01,0.000000000000000000e+00
-1.304460694698354573e+00,-1.749999999999999889e-01,0.000000000000000000e+00
-1.301956124314442409e+00,-1.749999999999999889e-01,0.000000000000000000e+00
-1.299451553930530245e+00,-1.749999999999999889e-01,0.000000000000000000e+00
-1.296946983546618082e+00,-1.749999999999999889e-01,0.000000000000000000e+00
-1.294442413162705696e+00,-1.749999999999999889e-01,0.000000000000000000e+00
-1.291937842778793533e+00,-1.749999999999999889e-01,0.000000000000000000e+00
-1.289433272394881147e+00,-1.749999999999999889e-01,0.000000000000000000e+00
-1.286928702010968983e+00,-1.749999999999999889e-01,0.000000000000000000e+00
-1.284424131627056820e+00,-1.749999999999999889e-01,0.000000000000000000e+00
-1.281919561243144434e+00,-1.749999999999999889e-01,0.000000000000000000e+00
-1.279414990859232271e+00,-1.749999999999999889e-01,0.000000000000000000e+00
-1.276910420475319885e+00,-1.749999999999999889e-01,0.000000000000000000e+00
-1.274405850091407721e+00,-1.749999999999999889e-01,0.000000000000000000e+00
-1.271901279707495558e+00,-1.749999999999999889e-01,0.000000000000000000e+00
-1.269396709323583172e+00,-1.749999999999999889e-01,0.000000000000000000e+00
-1.266892138939671009e+00,-1.749999999999999889e-01,0.000000000000000000e+00
-1.264387568555758623e+00,-1.749999999999999889e-01,0.000000000000000000e+00
-1.261882998171846459e+00,-1.749999999999999889e-01,0.000000000000000000e+00
-1.259378427787934296e+00,-1.749999999999999889e-01,0.000000000000000000e+00
-1.256873857404021910e+00,-1.749999999999999889e-01,0.000000000000000000e+00
-1.254369287020109747e+00,-1.749999999999999889e-01,0.000000000000000000e+00
-1.251864716636197361e+00,-1.749999999999999889e-01,0.000000000000000000e+00
-1.249360146252285197e+00,-1.749999999999999889e-01,0.000000000000000000e+00
-1.246855575868373034e+00,-1.749999999999999889e-01,0.000000000000000000e+00
-1.244351005484460648e+00,-1.749999999999999889e-01,0.000000000000000000e+00
-1.241846435100548485e+00,-1.749999999999999889e-01,0.000000000000000000e+00
-1.239341864716636099e+00,-1.749999999999999889e-01,0.000000000000000000e+00
-1.236837294332723935e+00,-1.749999999999999889e-01,0.000000000000000000e+00
-1.234332723948811772e+00,-1.749999999999999889e-01,0.000000000000000000e+00
-1.231828153564899608e+00,-1.749999999999999889e-01,0.000000000000000000e+00
-1.229323583180987223e+00,-1.749999999999999889e-01,0.000000000000000000e+00
-1.226819012797075059e+00,-1.749999999999999889e-01,0.000000000000000000e+00
-1.224314442413162674e+00,-1.749999999999999889e-01,0.000000000000000000e+00
-1.221809872029250510e+00,-1.749999999999999889e-01,0.000000000000000000e+00
-1.219305301645338346e+00,-1.749999999999999889e-01,0.000000000000000000e+00
-1.216800731261425961e+00,-1.749999999999999889e-01,0.000000000000000000e+00
-1.214296160877513797e+00,-1.749999999999999889e-01,0.000000000000000000e+00
-1.211791590493601412e+00,-1.749999999999999889e-01,0.000000000000000000e+00
-1.209287020109689248e+00,-1.749999999999999889e-01,0.000000000000000000e+00
-1.206782449725777084e+00,-1.749999999999999889e-01,0.000000000000000000e+00
-1.204277879341864699e+00,-1.749999999999999889e-01,0.000000000000000000e+00
-1.201773308957952535e+00,-1.749999999999999889e-01,0.000000000000000000e+00
-1.199268738574040150e+00,-1.749999999999999889e-01,0.000000000000000000e+00
-1.196764168190127986e+00,-1.749999999999999889e-01,0.000000000000000000e+00
-1.194259597806215822e+00,-1.749999999999999889e-01,0.000000000000000000e+00
-1.191755027422303437e+00,-1.749999999999999889e-01,0.000000000000000000e+00
-1.189250457038391273e+00,-1.749999999999999889e-01,0.000000000000000000e+00
-1.186745886654478888e+00,-1.749999999999999889e-01,0.000000000000000000e+00
-1.184241316270566724e+00,-1.749999999999999889e-01,0.000000000000000000e+00
-1.181736745886654560e+00,-1.749999999999999889e-01,0.000000000000000000e+00
-1.179232175502742175e+00,-1.749999999999999889e-01,0.000000000000000000e+00
-1.176727605118830011e+00,-1.749999999999999889e-01,0.000000000000000000e+00
-1.174223034734917626e+00,-1.749999999999999889e-01,0.000000000000000000e+00
-1.171718464351005462e+00,-1.749999999999999889e-01,0.000000000000000000e+00
-1.169213893967093298e+00,-1.749999999999999889e-01,0.000000000000000000e+00
-1.166709323583181135e+00,-1.749999999999999889e-01,0.000000000000000000e+00
-1.164204753199268749e+00,-1.749999999999999889e-01,0.000000000000000000e+00
-1.161700182815356586e+00,-1.749999999999999889e-01,0.000000000000000000e+00
-1.159195612431444200e+00,-1.749999999999999889e-01,0.000000000000000000e+00
-1.156691042047532036e+00,-1.749999999999999889e-01,0.000000000000000000e+00
-1.154186471663619873e+00,-1.749999999999999889e-01,0.000000000000000000e+00
-1.151681901279707487e+00,-1.749999999999999889e-01,0.000000000000000000e+00
-1.149177330895795324e+00,-1.749999999999999889e-01,0.000000000000000000e+00
-1.146672760511882938e+00,-1.749999999999999889e-01,0.000000000000000000e+00
-1.144168190127970774e+00,-1.749999999999999889e-01,0.000000000000000000e+00
-1.141663619744058611e+00,-1.749999999999999889e-01,0.000000000000000000e+00
-1.139159049360146225e+00,-1.749999999999999889e-01,0.000000000000000000e+00
-1.136654478976234062e+00,-1.749999999999999889e-01,0.000000000000000000e+00
-1.134149908592321676e+00,-1.749999999999999889e-01,0.000000000000000000e+00
-1.131645338208409513e+00,-1.749999999999999889e-01,0.000000000000000000e+00
-1.129140767824497349e+00,-1.749999999999999889e-01,0.000000000000000000e+00
-1.126636197440584963e+00,-1.749999999999999889e-01,0.000000000000000000e+00
-1.124131627056672800e+00,-1.749999999999999889e-01,0.000000000000000000e+00
-1.121627056672760414e+00,-1.749999999999999889e-01,0.000000000000000000e+00
-1.119122486288848251e+00,-1.749999999999999889e-01,0.000000000000000000e+00
-1.116617915904936087e+00,-1.749999999999999889e-01,0.000000000000000000e+00
-1.114113345521023701e+00,-1.749999999999999889e-01,0.000000000000000000e+00
-1.111608775137111538e+00,-1.749999999999999889e-01,0.000000000000000000e+00
-1.109104204753199152e+00,-1.749999999999999889e-01,0.000000000000000000e+00
-1.106599634369286989e+00,-1.749999999999999889e-01,0.000000000000000000e+00
-1.104095063985374825e+00,-1.749999999999999889e-01,0.000000000000000000e+00
-1.101590493601462661e+00,-1.749999999999999889e-01,0.000000000000000000e+00
-1.099085923217550276e+00,-1.749999999999999889e-01,0.000000000000000000e+00
-1.096581352833637890e+00,-1.749999999999999889e-01,0.000000000000000000e+00
-1.094076782449725727e+00,-1.749999999999999889e-01,0.000000000000000000e+00
-1.091572212065813563e+00,-1.749999999999999889e-01,0.000000000000000000e+00
-1.089067641681901399e+00,-1.749999999999999889e-01,0.000000000000000000e+00
-1.086563071297989014e+00,-1.749999999999999889e-01,0.000000000000000000e+00
-1.084058500914076628e+00,-1.749999999999999889e-01,0.000000000000000000e+00
-1.081553930530164465e+00,-1.749999999999999889e-01,0.000000000000000000e+00
-1.079049360146252301e+00,-1.749999999999999889e-01,0.000000000000000000e+00
-1.076544789762340137e+00,-1.749999999999999889e-01,0.000000000000000000e+00
-1.074040219378427752e+00,-1.749999999999999889e-01,0.000000000000000000e+00
-1.071535648994515588e+00,-1.749999999999999889e-01,0.000000000000000000e+00
-1.069031078610603203e+00,-1.749999999999999889e-01,0.000000000000000000e+00
-1.066526508226691039e+00,-1.749999999999999889e-01,0.000000000000000000e+00
-1.064021937842778875e+00,-1.749999999999999889e-01,0.000000000000000000e+00
-1.061517367458866712e+00,-1.749999999999999889e-01,0.000000000000000000e+00
-1.059012797074954326e+00,-1.749999999999999889e-01,0.000000000000000000e+00
-1.056508226691041941e+00,-1.749999999999999889e-01,0.000000000000000000e+00
-1.054003656307129777e+00,-1.749999999999999889e-01,0.000000000000000000e+00
-1.051499085923217613e+00,-1.749999999999999889e-01,0.000000000000000000e+00
-1.048994515539305450e+00,-1.749999999999999889e-01,0.000000000000000000e+00
-1.046489945155393064e+00,-1.749999999999999889e-01,0.000000000000000000e+00
-1.043985374771480679e+00,-1.749999999999999889e-01,0.000000000000000000e+00
-1.041480804387568515e+00,-1.749999999999999889e-01,0.000000000000000000e+00
-1.038976234003656351e+00,-1.749999999999999889e-01,0.000000000000000000e+00
-1.036471663619744188e+00,-1.749999999999999889e-01,0.000000000000000000e+00
-1.033967093235831802e+00,-1.749999999999999889e-01,0.000000000000000000e+00
-1.031462522851919417e+00,-1.749999999999999889e-01,0.000000000000000000e+00
-1.028957952468007253e+00,-1.749999999999999889e-01,0.000000000000000000e+00
-1.026453382084095090e+00,-1.749999999999999889e-01,0.000000000000000000e+00
-1.023948811700182926e+00,-1.749999999999999889e-01,0.000000000000000000e+00
-1.021444241316270540e+00,-1.749999999999999889e-01,0.000000000000000000e+00
-1.018939670932358155e+00,-1.749999999999999889e-01,0.000000000000000000e+00
-1.016435100548445991e+00,-1.749999999999999889e-01,0.000000000000000000e+00
-1.013930530164533828e+00,-1.749999999999999889e-01,0.000000000000000000e+00
-1.011425959780621664e+00,-1.749999999999999889e-01,0.000000000000000000e+00
-1.008921389396709278e+00,-1.749999999999999889e-01,0.000000000000000000e+00
-1.006416819012797115e+00,-1.749999999999999889e-01,0.000000000000000000e+00
-1.003912248628884729e+00,-1.749999999999999889e-01,0.000000000000000000e+00
-1.001407678244972566e+00,-1.749999999999999889e-01,0.000000000000000000e+00
-9.989031078610602910e-01,-1.749999999999999889e-01,0.000000000000000000e+00
-9.963985374771481274e-01,-1.749999999999999889e-01,0.000000000000000000e+00
-9.938939670932358528e-01,-1.749999999999999889e-01,0.000000000000000000e+00
-9.913893967093235782e-01,-1.749999999999999889e-01,0.000000000000000000e+00
-9.888848263254113036e-01,-1.749999999999999889e-01,0.000000000000000000e+00
-9.863802559414990290e-01,-1.749999999999999889e-01,0.000000000000000000e+00
-9.838756855575868654e-01,-1.749999999999999889e-01,0.000000000000000000e+00
-9.813711151736745908e-01,-1.749999999999999889e-01,0.000000000000000000e+00
-9.788665447897623162e-01,-1.749999999999999889e-01,0.000000000000000000e+00
-9.763619744058500416e-01,-1.749999999999999889e-01,0.000000000000000000e+00
-9.738574040219378780e-01,-1.749999999999999889e-01,0.000000000000000000e+00
-9.713528336380256034e-01,-1.749999999999999889e-01,0.000000000000000000e+00
-9.688482632541133288e-01,-1.749999999999999889e-01,0.000000000000000000e+00
-9.663436928702010542e-01,-1.749999999999999889e-01,0.000000000000000000e+00
-9.638391224862888906e-01,-1.749999999999999889e-01,0.000000000000000000e+00
-9.613345521023766160e-01,-1.749999999999999889e-01,0.000000000000000000e+00
-9.588299817184643414e-01,-1.749999999999999889e-01,0.000000000000000000e+00
-9.563254113345520668e-01,-1.749999999999999889e-01,0.000000000000000000e+00
-9.538208409506397922e-01,-1.749999999999999889e-01,0.000000000000000000e+00
-9.513162705667276287e-01,-1.749999999999999889e-01,0.000000000000000000e+00
-9.488117001828153541e-01,-1.749999999999999889e-01,0.000000000000000000e+00
-9.463071297989030795e-01,-1.749999999999999889e-01,0.000000000000000000e+00
-9.438025594149908049e-01,-1.749999999999999889e-01,0.000000000000000000e+00
-9.412979890310786413e-01,-1.749999999999999889e-01,0.000000000000000000e+00
-9.387934186471663667e-01,-1.749999999999999889e-01,0.000000000000000000e+00
-9.362888482632540921e-01,-1.749999999999999889e-01,0.000000000000000000e+00
-9.337842778793418175e-01,-1.749999999999999889e-01,0.000000000000000000e+00
-9.312797074954296539e-01,-1.749999999999999889e-01,0.000000000000000000e+00
-9.287751371115173793e-01,-1.749999999999999889e-01,0.000000000000000000e+00
-9.262705667276051047e-01,-1.749999999999999889e-01,0.000000000000000000e+00
-9.237659963436928301e-01,-1.749999999999999889e-01,0.000000000000000000e+00
-9.212614259597805555e-01,-1.749999999999999889e-01,0.000000000000000000e+00
-9.187568555758683919e-01,-1.749999999999999889e-01,0.000000000000000000e+00
-9.162522851919561173e-01,-1.749999999999999889e-01,0.000000000000000000e+00
-9.137477148080438427e-01,-1.749999999999999889e-01,0.000000000000000000e+00
-9.112431444241315681e-01,-1.749999999999999889e-01,0.000000000000000000e+00
-9.087385740402194045e-01,-1.749999999999999889e-01,0.000000000000000000e+00
-9.062340036563071299e-01,-1.749999999999999889e-01,0.000000000000000000e+00
-9.037294332723948553e-01,-1.749999999999999889e-01,0.000000000000000000e+00
-9.012248628884825807e-01,-1.749999999999999889e-01,0.000000000000000000e+00
-8.987202925045704172e-01,-1.749999999999999889e-01,0.000000000000000000e+00
-8.962157221206581426e-01,-1.749999999999999889e-01,0.000000000000000000e+00
-8.937111517367458680e-01,-1.749999999999999889e-01,0.000000000000000000e+00
-8.912065813528335934e-01,-1.749999999999999889e-01,0.000000000000000000e+00
-8.887020109689213188e-01,-1.749999999999999889e-01,0.000000000000000000e+00
-8.861974405850091552e-01,-1.749999999999999889e-01,0.000000000000000000e+00
-8.836928702010968806e-01,-1.749999999999999889e-01,0.000000000000000000e+00
-8.811882998171846060e-01,-1.749999999999999889e-01,0.000000000000000000e+00
-8.786837294332723314e-01,-1.749999999999999889e-01,0.000000000000000000e+00
-8.761791590493601678e-01,-1.749999999999999889e-01,0.000000000000000000e+00
-8.736745886654478932e-01,-1.749999999999999889e-01,0.000000000000000000e+00
-8.711700182815356186e-01,-1.749999999999999889e-01,0.000000000000000000e+00
-8.686654478976233440e-01,-1.749999999999999889e-01,0.000000000000000000e+00
-8.661608775137111804e-01,-1.749999999999999889e-01,0.000000000000000000e+00
-8.636563071297989058e-01,-1.749999999999999889e-01,0.000000000000000000e+00
-8.611517367458866312e-01,-1.749999999999999889e-01,0.000000000000000000e+00
-8.586471663619743566e-01,-1.749999999999999889e-01,0.000000000000000000e+00
-8.561425959780620820e-01,-1.749999999999999889e-01,0.000000000000000000e+00
-8.536380255941499184e-01,-1.749999999999999889e-01,0.000000000000000000e+00
-8.511334552102376438e-01,-1.749999999999999889e-01,0.000000000000000000e+00
-8.486288848263253692e-01,-1.749999999999999889e-01,0.000000000000000000e+00
-8.461243144424130946e-01,-1.749999999999999889e-01,0.000000000000000000e+00
-8.436197440585009311e-01,-1.749999999999999889e-01,0.000000000000000000e+00
-8.411151736745886565e-01,-1.749999999999999889e-01,0.000000000000000000e+00
-8.386106032906763819e-01,-1.749999999999999889e-01,0.000000000000000000e+00
-8.361060329067641073e-01,-1.749999999999999889e-01,0.000000000000000000e+00
-8.336014625228519437e-01,-1.749999999999999889e-01,0.000000000000000000e+00
-8.310968921389396691e-01,-1.749999999999999889e-01,0.000000000000000000e+00
-8.285923217550273945e-01,-1.749999999999999889e-01,0.000000000000000000e+00
-8.260877513711151199e-01,-1.749999999999999889e-01,0.000000000000000000e+00
-8.235831809872028453e-01,-1.749999999999999889e-01,0.000000000000000000e+00
-8.210786106032906817e-01,-1.749999999999999889e-01,0.000000000000000000e+00
-8.185740402193784071e-01,-1.749999999999999889e-01,0.000000000000000000e+00
-8.160694698354661325e-01,-1.749999999999999889e-01,0.000000000000000000e+00
-8.135648994515538579e-01,-1.749999999999999889e-01,0.000000000000000000e+00
-8.110603290676416943e-01,-1.749999999999999889e-01,0.000000000000000000e+00
-8.085557586837294197e-01,-1.749999999999999889e-01,0.000000000000000000e+00
-8.060511882998171451e-01,-1.749999999999999889e-01,0.000000000000000000e+00
-8.035466179159048705e-01,-1.749999999999999889e-01,0.000000000000000000e+00
-8.010420475319927069e-01,-1.749999999999999889e-01,0.000000000000000000e+00
-7.985374771480804323e-01,-1.749999999999999889e-01,0.000000000000000000e+00
-7.960329067641681577e-01,-1.749999999999999889e-01,0.000000000000000000e+00
-7.935283363802558831e-01,-1.749999999999999889e-01,0.000000000000000000e+00
-7.910237659963436085e-01,-1.749999999999999889e-01,0.000000000000000000e+00
-7.885191956124314450e-01,-1.749999999999999889e-01,0.000000000000000000e+00
-7.860146252285191704e-01,-1.749999999999999889e-01,0.000000000000000000e+00
-7.835100548446068958e-01,-1.749999999999999889e-01,0.000000000000000000e+00
-7.810054844606946212e-01,-1.749999999999999889e-01,0.000000000000000000e+00
-7.785009140767824576e-01,-1.749999999999999889e-01,0.000000000000000000e+00
-7.759963436928701830e-01,-1.749999999999999889e-01,0.000000000000000000e+00
-7.734917733089579084e-01,-1.749999999999999889e-01,0.000000000000000000e+00
-7.709872029250456338e-01,-1.749999999999999889e-01,0.000000000000000000e+00
-7.684826325411334702e-01,-1.749999999999999889e-01,0.000000000000000000e+00
-7.659780621572211956e-01,-1.749999999999999889e-01,0.000000000000000000e+00
-7.634734917733089210e-01,-1.749999999999999889e-01,0.000000000000000000e+00
-7.609689213893966464e-01,-1.749999999999999889e-01,0.000000000000000000e+00
-7.584643510054843718e-01,-1.749999999999999889e-01,0.000000000000000000e+00
-7.559597806215722082e-01,-1.749999999999999889e-01,0.000000000000000000e+00
-7.534552102376599336e-01,-1.749999999999999889e-01,0.000000000000000000e+00
-7.509506398537476590e-01,-1.749999999999999889e-01,0.000000000000000000e+00
-7.484460694698353844e-01,-1.749999999999999889e-01,0.000000000000000000e+00
-7.459414990859232208e-01,-1.749999999999999889e-01,0.000000000000000000e+00
-7.434369287020109462e-01,-1.749999999999999889e-01,0.000000000000000000e+00
-7.409323583180986716e-01,-1.749999999999999889e-01,0.000000000000000000e+00
-7.384277879341863970e-01,-1.749999999999999889e-01,0.000000000000000000e+00
-7.359232175502742335e-01,-1.749999999999999889e-01,0.000000000000000000e+00
-7.334186471663619589e-01,-1.749999999999999889e-01,0.000000000000000000e+00
-7.309140767824496843e-01,-1.749999999999999889e-01,0.000000000000000000e+00
-7.284095063985374097e-01,-1.749999999999999889e-01,0.000000000000000000e+00
-7.259049360146251351e-01,-1.749999999999999889e-01,0.000000000000000000e+00
-7.234003656307129715e-01,-1.749999999999999889e-01,0.000000000000000000e+00
-7.208957952468006969e-01,-1.749999999999999889e-01,0.000000000000000000e+00
-7.183912248628884223e-01,-1.749999999999999889e-01,0.000000000000000000e+00
-7.158866544789761477e-01,-1.749999999999999889e-01,0.000000000000000000e+00
-7.133820840950639841e-01,-1.749999999999999889e-01,0.000000000000000000e+00
-7.108775137111517095e-01,-1.749999999999999889e-01,0.000000000000000000e+00
-7.083729433272394349e-01,-1.749999999999999889e-01,0.000000000000000000e+00
-7.058683729433271603e-01,-1.749999999999999889e-01,0.000000000000000000e+00
-7.033638025594149967e-01,-1.749999999999999889e-01,0.000000000000000000e+00
-7.008592321755027221e-01,-1.749999999999999889e-01,0.000000000000000000e+00
-6.983546617915904475e-01,-1.749999999999999889e-01,0.000000000000000000e+00
-6.958500914076781729e-01,-1.749999999999999889e-01,0.000000000000000000e+00
-6.933455210237658983e-01,-1.749999999999999889e-01,0.000000000000000000e+00
-6.908409506398537347e-01,-1.749999999999999889e-01,0.000000000000000000e+00
-6.883363802559414601e-01,-1.749999999999999889e-01,0.000000000000000000e+00
-6.858318098720291855e-01,-1.749999999999999889e-01,0.000000000000000000e+00
-6.833272394881169109e-01,-1.749999999999999889e-01,0.000000000000000000e+00
-6.808226691042047474e-01,-1.749999999999999889e-01,0.000000000000000000e+00
-6.783180987202924728e-01,-1.749999999999999889e-01,0.000000000000000000e+00
-6.758135283363801982e-01,-1.749999999999999889e-01,0.000000000000000000e+00
-6.733089579524679236e-01,-1.749999999999999889e-01,0.000000000000000000e+00
-6.708043875685557600e-01,-1.749999999999999889e-01,0.000000000000000000e+00
-6.682998171846434854e-01,-1.749999999999999889e-01,0.000000000000000000e+00
-6.657952468007312108e-01,-1.749999999999999889e-01,0.000000000000000000e+00
-6.632906764168189362e-01,-1.749999999999999889e-01,0.000000000000000000e+00
-6.607861060329066616e-01,-1.749999999999999889e-01,0.000000000000000000e+00
-6.582815356489944980e-01,-1.749999999999999889e-01,0.000000000000000000e+00
-6.557769652650822234e-01,-1.749999999999999889e-01,0.000000000000000000e+00
-6.532723948811699488e-01,-1.749999999999999889e-01,0.000000000000000000e+00
-6.507678244972576742e-01,-1.749999999999999889e-01,0.000000000000000000e+00
-6.482632541133455106e-01,-1.749999999999999889e-01,0.000000000000000000e+00
-6.457586837294332360e-01,-1.749999999999999889e-01,0.000000000000000000e+00
-6.432541133455209614e-01,-1.749999999999999889e-01,0.000000000000000000e+00
-6.407495429616086868e-01,-1.749999999999999889e-01,0.000000000000000000e+00
-6.382449725776964122e-01,-1.749999999999999889e-01,0.000000000000000000e+00
-6.357404021937842487e-01,-1.749999999999999889e-01,0.000000000000000000e+00
-6.332358318098719741e-01,-1.749999999999999889e-01,0.000000000000000000e+00
-6.307312614259596995e-01,-1.749999999999999889e-01,0.000000000000000000e+00
-6.282266910420474249e-01,-1.749999999999999889e-01,0.000000000000000000e+00
-6.257221206581352613e-01,-1.749999999999999889e-01,0.000000000000000000e+00
-6.232175502742229867e-01,-1.749999999999999889e-01,0.000000000000000000e+00
-6.207129798903107121e-01,-1.749999999999999889e-01,0.000000000000000000e+00
-6.182084095063984375e-01,-1.749999999999999889e-01,0.000000000000000000e+00
-6.157038391224862739e-01,-1.749999999999999889e-01,0.000000000000000000e+00
-6.131992687385739993e-01,-1.749999999999999889e-01,0.000000000000000000e+00
-6.106946983546617247e-01,-1.749999999999999889e-01,0.000000000000000000e+00
-6.081901279707494501e-01,-1.749999999999999889e-01,0.000000000000000000e+00
-6.056855575868371755e-01,-1.749999999999999889e-01,0.000000000000000000e+00
-6.031809872029250119e-01,-1.749999999999999889e-01,0.000000000000000000e+00
-6.006764168190127373e-01,-1.749999999999999889e-01,0.000000000000000000e+00
-5.981718464351004627e-01,-1.749999999999999889e-01,0.000000000000000000e+00
-5.956672760511882991e-01,-1.749999999999999889e-01,0.000000000000000000e+00
-5.931627056672759135e-01,-1.749999999999999889e-01,0.000000000000000000e+00
-5.906581352833637499e-01,-1.749999999999999889e-01,0.000000000000000000e+00
-5.881535648994515864e-01,-1.749999999999999889e-01,0.000000000000000000e+00
-5.856489945155392007e-01,-1.749999999999999889e-01,0.000000000000000000e+00
-5.831444241316270372e-01,-1.749999999999999889e-01,0.000000000000000000e+00
-5.806398537477146515e-01,-1.749999999999999889e-01,0.000000000000000000e+00
-5.781352833638024880e-01,-1.749999999999999889e-01,0.000000000000000000e+00
-5.756307129798903244e-01,-1.749999999999999889e-01,0.000000000000000000e+00
-5.731261425959779388e-01,-1.749999999999999889e-01,0.000000000000000000e+00
-5.706215722120657752e-01,-1.749999999999999889e-01,0.000000000000000000e+00
-5.681170018281533896e-01,-1.749999999999999889e-01,0.000000000000000000e+00
-5.656124314442412260e-01,-1.749999999999999889e-01,0.000000000000000000e+00
-5.631078610603290624e-01,-1.749999999999999889e-01,0.000000000000000000e+00
-5.606032906764166768e-01,-1.749999999999999889e-01,0.000000000000000000e+00
-5.580987202925045132e-01,-1.749999999999999889e-01,0.000000000000000000e+00
-5.555941499085923496e-01,-1.749999999999999889e-01,0.000000000000000000e+00
-5.530895795246799640e-01,-1.749999999999999889e-01,0.000000000000000000e+00
-5.505850091407678004e-01,-1.749999999999999889e-01,0.000000000000000000e+00
-5.480804387568554148e-01,-1.749999999999999889e-01,0.000000000000000000e+00
-5.455758683729432512e-01,-1.749999999999999889e-01,0.000000000000000000e+00
-5.430712979890310876e-01,-1.749999999999999889e-01,0.000000000000000000e+00
-5.405667276051187020e-01,-1.749999999999999889e-01,0.000000000000000000e+00
-5.380621572212065384e-01,-1.749999999999999889e-01,0.000000000000000000e+00
-5.355575868372941528e-01,-1.749999999999999889e-01,0.000000000000000000e+00
-5.330530164533819892e-01,-1.749999999999999889e-01,0.000000000000000000e+00
-5.305484460694698257e-01,-1.749999999999999889e-01,0.000000000000000000e+00
-5.280438756855574400e-01,-1.749999999999999889e-01,0.000000000000000000e+00
-5.255393053016452765e-01,-1.749999999999999889e-01,0.000000000000000000e+00
-5.230347349177331129e-01,-1.749999999999999889e-01,0.000000000000000000e+00
-5.205301645338207273e-01,-1.749999999999999889e-01,0.000000000000000000e+00
-5.180255941499085637e-01,-1.749999999999999889e-01,0.000000000000000000e+00
-5.155210237659961781e-01,-1.749999999999999889e-01,0.000000000000000000e+00
-5.130164533820840145e-01,-1.749999999999999889e-01,0.000000000000000000e+00
-5.105118829981718509e-01,-1.749999999999999889e-01,0.000000000000000000e+00
-5.080073126142594653e-01,-1.749999999999999889e-01,0.000000000000000000e+00
-5.055027422303473017e-01,-1.749999999999999889e-01,0.000000000000000000e+00
-5.029981718464349161e-01,-1.749999999999999889e-01,0.000000000000000000e+00
-5.004936014625227525e-01,-1.749999999999999889e-01,0.000000000000000000e+00
-4.979890310786105889e-01,-1.749999999999999889e-01,0.000000000000000000e+00
-4.954844606946982033e-01,-1.749999999999999889e-01,0.000000000000000000e+00
-4.929798903107860397e-01,-1.749999999999999889e-01,0.000000000000000000e+00
-4.904753199268738761e-01,-1.749999999999999889e-01,0.000000000000000000e+00
-4.879707495429614905e-01,-1.749999999999999889e-01,0.000000000000000000e+00
-4.854661791590493269e-01,-1.749999999999999889e-01,0.000000000000000000e+00
-4.829616087751369413e-01,-1.749999999999999889e-01,0.000000000000000000e+00
-4.804570383912247777e-01,-1.749999999999999889e-01,0.000000000000000000e+00
-4.779524680073126142e-01,-1.749999999999999889e-01,0.000000000000000000e+00
-4.754478976234002285e-01,-1.749999999999999889e-01,0.000000000000000000e+00
-4.729433272394880650e-01,-1.749999999999999889e-01,0.000000000000000000e+00
-4.704387568555756793e-01,-1.749999999999999889e-01,0.000000000000000000e+00
-4.679341864716635158e-01,-1.749999999999999889e-01,0.000000000000000000e+00
-4.654296160877513522e-01,-1.749999999999999889e-01,0.000000000000000000e+00
-4.629250457038389666e-01,-1.749999999999999889e-01,0.000000000000000000e+00
-4.604204753199268030e-01,-1.749999999999999889e-01,0.000000000000000000e+00
-4.579159049360146394e-01,-1.749999999999999889e-01,0.000000000000000000e+00
-4.554113345521022538e-01,-1.749999999999999889e-01,0.000000000000000000e+00
-4.529067641681900902e-01,-1.749999999999999889e-01,0.000000000000000000e+00
-4.504021937842777046e-01,-1.749999999999999889e-01,0.000000000000000000e+00
-4.478976234003655410e-01,-1.749999999999999889e-01,0.000000000000000000e+00
-4.453930530164533774e-01,-1.749999999999999889e-01,0.000000000000000000e+00
-4.428884826325409918e-01,-1.749999999999999889e-01,0.000000000000000000e+00
-4.403839122486288282e-01,-1.749999999999999889e-01,0.000000000000000000e+00
-4.378793418647164426e-01,-1.749999999999999889e-01,0.000000000000000000e+00
-4.353747714808042790e-01,-1.749999999999999889e-01,0.000000000000000000e+00
-4.328702010968921154e-01,-1.749999999999999889e-01,0.000000000000000000e+00
-4.303656307129797298e-01,-1.749999999999999889e-01,0.000000000000000000e+00
-4.278610603290675662e-01,-1.749999999999999889e-01,0.000000000000000000e+00
-4.253564899451554027e-01,-1.749999999999999889e-01,0.000000000000000000e+00
-4.228519195612430170e-01,-1.749999999999999889e-01,0.000000000000000000e+00
-4.203473491773308535e-01,-1.749999999999999889e-01,0.000000000000000000e+00
-4.178427787934184678e-01,-1.749999999999999889e-01,0.000000000000000000e+00
-4.153382084095063043e-01,-1.749999999999999889e-01,0.000000000000000000e+00
-4.128336380255941407e-01,-1.749999999999999889e-01,0.000000000000000000e+00
-4.103290676416817551e-01,-1.749999999999999889e-01,0.000000000000000000e+00
-4.078244972577695915e-01,-1.749999999999999889e-01,0.000000000000000000e+00
-4.053199268738572059e-01,-1.749999999999999889e-01,0.000000000000000000e+00
-4.028153564899450423e-01,-1.749999999999999889e-01,0.000000000000000000e+00
-4.003107861060328787e-01,-1.749999999999999889e-01,0.000000000000000000e+00
-3.978062157221204931e-01,-1.749999999999999889e-01,0.000000000000000000e+00
-3.953016453382083295e-01,-1.749999999999999889e-01,0.000000000000000000e+00
-3.927970749542961659e-01,-1.749999999999999889e-01,0.000000000000000000e+00
-3.902925045703837803e-01,-1.749999999999999889e-01,0.000000000000000000e+00
-3.877879341864716167e-01,-1.749999999999999889e-01,0.000000000000000000e+00
-3.852833638025592311e-01,-1.749999999999999889e-01,0.000000000000000000e+00
-3.827787934186470675e-01,-1.749999999999999889e-01,0.000000000000000000e+00
-3.802742230347349039e-01,-1.749999999999999889e-01,0.000000000000000000e+00
-3.777696526508225183e-01,-1.749999999999999889e-01,0.000000000000000000e+00
-3.752650822669103547e-01,-1.749999999999999889e-01,0.000000000000000000e+00
-3.727605118829979691e-01,-1.749999999999999889e-01,0.000000000000000000e+00
-3.702559414990858055e-01,-1.749999999999999889e-01,0.000000000000000000e+00
-3.677513711151736420e-01,-1.749999999999999889e-01,0.000000000000000000e+00
-3.652468007312612563e-01,-1.749999999999999889e-01,0.000000000000000000e+00
-3.627422303473490928e-01,-1.749999999999999889e-01,0.000000000000000000e+00
-3.602376599634369292e-01,-1.749999999999999889e-01,0.000000000000000000e+00
-3.577330895795245436e-01,-1.749999999999999889e-01,0.000000000000000000e+00
-3.552285191956123800e-01,-1.749999999999999889e-01,0.000000000000000000e+00
-3.527239488116999944e-01,-1.749999999999999889e-01,0.000000000000000000e+00
-3.502193784277878308e-01,-1.749999999999999889e-01,0.000000000000000000e+00
-3.477148080438756672e-01,-1.749999999999999889e-01,0.000000000000000000e+00
-3.452102376599632816e-01,-1.749999999999999889e-01,0.000000000000000000e+00
-3.427056672760511180e-01,-1.749999999999999889e-01,0.000000000000000000e+00
-3.402010968921387324e-01,-1.749999999999999889e-01,0.000000000000000000e+00
-3.376965265082265688e-01,-1.749999999999999889e-01,0.000000000000000000e+00
-3.351919561243144052e-01,-1.749999999999999889e-01,0.000000000000000000e+00
-3.326873857404020196e-01,-1.749999999999999889e-01,0.000000000000000000e+00
-3.301828153564898560e-01,-1.749999999999999889e-01,0.000000000000000000e+00
-3.276782449725776925e-01,-1.749999999999999889e-01,0.000000000000000000e+00
-3.251736745886653068e-01,-1.749999999999999889e-01,0.000000000000000000e+00
-3.226691042047531433e-01,-1.749999999999999889e-01,0.000000000000000000e+00
-3.201645338208407576e-01,-1.749999999999999889e-01,0.000000000000000000e+00
-3.176599634369285940e-01,-1.749999999999999889e-01,0.000000000000000000e+00
-3.151553930530164305e-01,-1.749999999999999889e-01,0.000000000000000000e+00
-3.126508226691040448e-01,-1.749999999999999889e-01,0.000000000000000000e+00
-3.101462522851918813e-01,-1.749999999999999889e-01,0.000000000000000000e+00
-3.076416819012794956e-01,-1.749999999999999889e-01,0.000000000000000000e+00
-3.051371115173673321e-01,-1.749999999999999889e-01,0.000000000000000000e+00
-3.026325411334551685e-01,-1.749999999999999889e-01,0.000000000000000000e+00
-3.001279707495427829e-01,-1.749999999999999889e-01,0.000000000000000000e+00
-2.976234003656306193e-01,-1.749999999999999889e-01,0.000000000000000000e+00
-2.951188299817184557e-01,-1.749999999999999889e-01,0.000000000000000000e+00
-2.926142595978060701e-01,-1.749999999999999889e-01,0.000000000000000000e+00
-2.901096892138939065e-01,-1.749999999999999889e-01,0.000000000000000000e+00
-2.876051188299815209e-01,-1.749999999999999889e-01,0.000000000000000000e+00
-2.851005484460693573e-01,-1.749999999999999889e-01,0.000000000000000000e+00
-2.825959780621571937e-01,-1.749999999999999889e-01,0.000000000000000000e+00
-2.800914076782448081e-01,-1.749999999999999889e-01,0.000000000000000000e+00
-2.775868372943326445e-01,-1.749999999999999889e-01,0.000000000000000000e+00
-2.750822669104202589e-01,-1.749999999999999889e-01,0.000000000000000000e+00
-2.725776965265080953e-01,-1.749999999999999889e-01,0.000000000000000000e+00
-2.700731261425959318e-01,-1.749999999999999889e-01,0.000000000000000000e+00
-2.675685557586835461e-01,-1.749999999999999889e-01,0.000000000000000000e+00
-2.650639853747713826e-01,-1.749999999999999889e-01,0.000000000000000000e+00
-2.625594149908592190e-01,-1.749999999999999889e-01,0.000000000000000000e+00
-2.600548446069468334e-01,-1.749999999999999889e-01,0.000000000000000000e+00
-2.575502742230346698e-01,-1.749999999999999889e-01,0.000000000000000000e+00
-2.550457038391222842e-01,-1.749999999999999889e-01,0.000000000000000000e+00
-2.525411334552101206e-01,-1.749999999999999889e-01,0.000000000000000000e+00
-2.500365630712979570e-01,-1.749999999999999889e-01,0.000000000000000000e+00
-2.475319926873855714e-01,-1.749999999999999889e-01,0.000000000000000000e+00
-2.450274223034734078e-01,-1.749999999999999889e-01,0.000000000000000000e+00
-2.425228519195610222e-01,-1.749999999999999889e-01,0.000000000000000000e+00
-2.400182815356488586e-01,-1.749999999999999889e-01,0.000000000000000000e+00
-2.375137111517366950e-01,-1.749999999999999889e-01,0.000000000000000000e+00
-2.350091407678243094e-01,-1.749999999999999889e-01,0.000000000000000000e+00
-2.325045703839121458e-01,-1.749999999999999889e-01,0.000000000000000000e+00
-2.300000000000000100e-01,-1.749999999999999889e-01,0.000000000000000000e+00
-2.300000000000000100e-01,-1.749999999999999889e-01,2.041560506919930518e+00
-2.272857142857142854e-01,-1.749999999999999889e-01,1.983671249591045127e+00
-2.245714285714285885e-01,-1.749999999999999889e-01,1.904225074367796200e+00
-2.218571428571428639e-01,-1.749999999999999889e-01,1.803221981250182848e+00
-2.191428571428571392e-01,-1.749999999999999889e-01,1.680661970238208625e+00
-2.164285714285714424e-01,-1.749999999999999889e-01,1.536545041331873529e+00
-2.137142857142857177e-01,-1.749999999999999889e-01,1.370871194531171344e+00
-2.110000000000000209e-01,-1.749999999999999889e-01,1.183640429836111840e+00
-2.082857142857142962e-01,-1.749999999999999889e-01,9.748527472466860244e-01
-2.055714285714285716e-01,-1.749999999999999889e-01,7.445081467628951177e-01
-2.028571428571428747e-01,-1.749999999999999889e-01,4.926066283847443938e-01
-2.001428571428571501e-01,-1.749999999999999889e-01,2.191481921122311327e-01
-1.974285714285714255e-01,-1.749999999999999889e-01,-7.586716205464277829e-02
-1.947142857142857286e-01,-1.749999999999999889e-01,-7.174493084333741777e-01
-1.920000000000000040e-01,-1.749999999999999889e-01,0.000000000000000000e+00
-1.920000000000000040e-01,-1.749999999999999889e-01,-2.940565529539240219e-01
-1.890000000000000013e-01,-1.749999999999999889e-01,0.000000000000000000e+00
-1.859999999999999987e-01,-1.749999999999999889e-01,0.000000000000000000e+00
-1.829999999999999960e-01,-1.749999999999999889e-01,0.000000000000000000e+00
-1.829999999999999960e-01,-1.749999999999999889e-01,4.744805771952235740e-01
-1.804756097560975547e-01,-1.749999999999999889e-01,4.718207879854087738e-01
-1.779512195121951135e-01,-1.749999999999999889e-01,4.690835700190774671e-01
-1.754268292682926722e-01,-1.749999999999999889e-01,4.662689232962350383e-01
-1.729024390243902309e-01,-1.749999999999999889e-01,4.633768478168815430e-01
-1.703780487804877897e-01,-1.749999999999999889e-01,4.604073435810059900e-01
-1.678536585365853484e-01,-1.749999999999999889e-01,4.573604105886331372e-01
-1.653292682926829071e-01,-1.749999999999999889e-01,4.542360488397321761e-01
-1.628048780487804936e-01,-1.749999999999999889e-01,4.510342583343212031e-01
-1.602804878048780524e-01,-1.749999999999999889e-01,4.477550390724041041e-01
-1.577560975609756111e-01,-1.749999999999999889e-01,4.443983910539704429e-01
-1.552317073170731698e-01,-1.749999999999999889e-01,4.409643142790174997e-01
-1.527073170731707286e-01,-1.749999999999999889e-01,4.374528087475507143e-01
-1.501829268292682873e-01,-1.749999999999999889e-01,4.338638744595810781e-01
-1.476585365853658460e-01,-1.749999999999999889e-01,4.301975114150866641e-01
-1.451341463414634048e-01,-1.749999999999999889e-01,4.264537196140839592e-01
-1.426097560975609635e-01,-1.749999999999999889e-01,4.226324990565728523e-01
-1.400853658536585222e-01,-1.749999999999999889e-01,4.187338497425416306e-01
-1.375609756097561087e-01,-1.749999999999999889e-01,4.147577716719955676e-01
-1.350365853658536675e-01,-1.749999999999999889e-01,4.107042648449430455e-01
-1.325121951219512262e-01,-1.749999999999999889e-01,4.065733292613684657e-01
-1.299878048780487849e-01,-1.749999999999999889e-01,4.023649649212938106e-01
-1.274634146341463437e-01,-1.749999999999999889e-01,3.980791718246916022e-01
-1.249390243902439024e-01,-1.749999999999999889e-01,3.937159499715783273e-01
-1.224146341463414611e-01,-1.749999999999999889e-01,3.892752993619649216e-01
-1.198902439024390199e-01,-1.749999999999999889e-01,3.847572199958240180e-01
-1.173658536585365786e-01,-1.749999999999999889e-01,3.801617118731665523e-01
-1.148414634146341373e-01,-1.749999999999999889e-01,3.754887749940144515e-01
-1.123170731707316961e-01,-1.749999999999999889e-01,3.707384093583478424e-01
-1.097926829268292687e-01,-1.749999999999999889e-01,3.659106149661386365e-01
-1.072682926829268274e-01,-1.749999999999999889e-01,3.610053918174368492e-01
-1.047439024390243861e-01,-1.749999999999999889e-01,3.560227399122295466e-01
-1.022195121951219449e-01,-1.749999999999999889e-01,3.509626592504891396e-01
-9.969512195121950360e-02,-1.749999999999999889e-01,3.458251498322596484e-01
-9.717073170731706233e-02,-1.749999999999999889e-01,3.406102116574916128e-01
-9.464634146341462106e-02,-1.749999999999999889e-01,3.353178447262198381e-01
-9.212195121951219368e-02,-1.749999999999999889e-01,3.299480490384388287e-01
-8.959756097560975241e-02,-1.749999999999999889e-01,3.245008245941485292e-01
-8.707317073170731114e-02,-1.749999999999999889e-01,3.189761713933362275e-01
-8.454878048780486988e-02,-1.749999999999999889e-01,3.133740894360073637e-01
-8.202439024390242861e-02,-1.749999999999999889e-01,3.076945787221783690e-01
-7.949999999999998734e-02,-1.749999999999999889e-01,3.019376392518290375e-01
-7.697560975609755995e-02,-1.749999999999999889e-01,2.961032710249652533e-01
-7.445121951219511869e-02,-1.749999999999999889e-01,2.901914740415811322e-01
-7.192682926829267742e-02,-1.749999999999999889e-01,2.842022483016858891e-01
-6.940243902439023616e-02,-1.749999999999999889e-01,2.781355938053015620e-01
-6.687804878048779489e-02,-1.749999999999999889e-01,2.719915105523622589e-01
-6.435365853658535362e-02,-1.749999999999999889e-01,2.657699985429352596e-01
-6.182926829268292623e-02,-1.749999999999999889e-01,2.594710577769998028e-01
-5.930487804878048497e-02,-1.749999999999999889e-01,2.530946882545382359e-01
-5.678048780487804370e-02,-1.749999999999999889e-01,2.466408899755710704e-01
-5.425609756097560243e-02,-1.749999999999999889e-01,2.401096629400873705e-01
-5.173170731707316117e-02,-1.749999999999999889e-01,2.335010071480925764e-01
-4.920731707317071990e-02,-1.749999999999999889e-01,2.268149225995757523e-01
-4.668292682926827863e-02,-1.749999999999999889e-01,2.200514092945533295e-01
-4.415853658536583737e-02,-1.749999999999999889e-01,2.132104672330143447e-01
-4.163414634146339610e-02,-1.749999999999999889e-01,2.062920964149587977e-01
-3.910975609756095484e-02,-1.749999999999999889e-01,1.992962968404163593e-01
-3.658536585365854132e-02,-1.749999999999999889e-01,1.922230685093254676e-01
-3.406097560975610006e-02,-1.749999999999999889e-01,1.850724114217257299e-01
-3.153658536585365879e-02,-1.749999999999999889e-01,1.778443255776368803e-01
-2.901219512195121752e-02,-1.749999999999999889e-01,1.705388109770094862e-01
-2.648780487804877626e-02,-1.749999999999999889e-01,1.631558676198820446e-01
-2.396341463414633499e-02,-1.749999999999999889e-01,1.556954955062324897e-01
-2.143902439024389373e-02,-1.749999999999999889e-01,1.481576946360828873e-01
-1.891463414634145246e-02,-1.749999999999999889e-01,1.405424650094112271e-01
-1.639024390243901119e-02,-1.749999999999999889e-01,1.328498066262174815e-01
-1.386585365853656993e-02,-1.749999999999999889e-01,1.250797194865346795e-01
-1.134146341463412866e-02,-1.749999999999999889e-01,1.172322035903078097e-01
-8.817073170731687393e-03,-1.749999999999999889e-01,1.093072589375808645e-01
-6.292682926829246126e-03,-1.749999999999999889e-01,1.013048855283659594e-01
-3.768292682926832615e-03,-1.749999999999999889e-01,9.322508336259377471e-02
-1.243902439024391349e-03,-1.243902439024391349e-03,8.506785244033361615e-02
1.280487804878049918e-03,-1.749999999999999889e-01,7.683319276156239108e-02
3.804878048780491184e-03,-1.749999999999999889e-01,6.852110432626910830e-02
6.329268292682932451e-03,-1.749999999999999889e-01,6.013158713445925646e-02
8.853658536585373717e-03,-1.749999999999999889e-01,5.166464118615482493e-02
1.137804878048781498e-02,-1.749999999999999889e-01,4.312026648130633938e-02
1.390243902439025625e-02,-1.749999999999999889e-01,3.449846301996877668e-02
1.642682926829269752e-02,-1.749999999999999889e-01,2.579923080210364678e-02
1.895121951219513878e-02,-1.749999999999999889e-01,1.702256982773844504e-02
2.147560975609758005e-02,-1.749999999999999889e-01,8.168480096851246305e-03
2.400000000000000050e-02,-1.749999999999999889e-01,0.000000000000000000e+00
2.600000000000000228e-02,-1.749999999999999889e-01,0.000000000000000000e+00
2.800000000000000058e-02,-1.749999999999999889e-01,0.000000000000000000e+00
2.999999999999999889e-02,-1.749999999999999889e-01,9.976435009744549776e-01
3.200000000000000067e-02,-1.749999999999999889e-01,-2.816922652286695805e-01
3.455357142857142655e-02,-1.749999999999999889e-01,-2.466806221530934984e-01
3.710714285714285937e-02,-1.749999999999999889e-01,-2.132660083374089133e-01
3.966071428571428525e-02,-1.749999999999999889e-01,-1.814484237816459677e-01
4.221428571428571808e-02,-1.749999999999999889e-01,-1.512278684857687738e-01
4.476785714285714396e-02,-1.749999999999999889e-01,-1.226043424497704343e-01
4.732142857142856984e-02,-1.749999999999999889e-01,-9.557784567364570327e-02
4.987500000000000266e-02,-1.749999999999999889e-01,-7.014837815746061134e-02
5.242857142857142855e-02,-1.749999999999999889e-01,-4.631593990114371562e-02
5.498214285714285443e-02,-1.749999999999999889e-01,-2.408053090469520693e-02
5.753571428571428725e-02,-1.749999999999999889e-01,-3.442151168180506478e-03
6.008928571428571314e-02,-1.749999999999999889e-01,1.559919930844949967e-02
6.264285714285713902e-02,-1.749999999999999889e-01,3.304352052519465149e-02
6.519642857142857184e-02,-1.749999999999999889e-01,4.889081248205508906e-02
6.775000000000000466e-02,-1.749999999999999889e-01,6.314107517901990096e-02
7.030357142857143748e-02,-1.749999999999999889e-01,7.579430861608950354e-02
7.285714285714285643e-02,-1.749999999999999889e-01,8.685051279326312657e-02
7.541071428571427537e-02,-1.749999999999999889e-01,9.630968771054601585e-02
7.796428571428570820e-02,-1.749999999999999889e-01,1.041718333679391983e-01
8.051785714285714102e-02,-1.749999999999999889e-01,1.104369497654421745e-01
8.307142857142857384e-02,-1.749999999999999889e-01,1.151050369030441056e-01
8.562500000000000666e-02,-1.749999999999999889e-01,1.181760947807510426e-01
8.817857142857142561e-02,-1.749999999999999889e-01,1.196501233985719365e-01
9.073214285714285843e-02,-1.749999999999999889e-01,1.195271227564985023e-01
9.328571428571427737e-02,-1.749999999999999889e-01,1.178070928545390111e-01
9.583928571428571019e-02,-1.749999999999999889e-01,1.144900336926845397e-01
9.839285714285714302e-02,-1.749999999999999889e-01,1.095759452709398757e-01
1.009464285714285758e-01,-1.749999999999999889e-01,1.030648275892838417e-01
1.034999999999999948e-01,-1.749999999999999889e-01,9.495668064775281136e-02
1.060535714285714276e-01,-1.749999999999999889e-01,8.525150444633212976e-02
1.086071428571428604e-01,-1.749999999999999889e-01,7.394929898499993937e-02
1.111607142857142794e-01,-1.749999999999999889e-01,6.105006426379304407e-02
1.137142857142857122e-01,-1.749999999999999889e-01,4.655380028269635873e-02
1.162678571428571450e-01,-1.749999999999999889e-01,3.046050704168791479e-02
1.188214285714285640e-01,-1.749999999999999889e-01,1.277018454079981331e-02
1.213749999999999968e-01,-1.749999999999999889e-01,-6.517167219978314135e-03
1.239285714285714296e-01,-1.749999999999999889e-01,-2.740154824065765132e-02
1.264821428571428485e-01,-1.749999999999999889e-01,-4.988295852122144602e-02
1.290357142857142814e-01,-1.749999999999999889e-01,-7.396139806168645914e-02
1.315892857142857142e-01,-1.749999999999999889e-01,-9.963686686204165088e-02
1.341428571428571470e-01,-1.749999999999999889e-01,-1.269093649222884090e-01
1.366964285714285521e-01,-1.749999999999999889e-01,-1.557788922424226119e-01
1.392499999999999849e-01,-1.749999999999999889e-01,-1.862454488224538351e-01
1.418035714285714177e-01,-1.749999999999999889e-01,-2.183090346623697831e-01
1.443571428571428505e-01,-1.749999999999999889e-01,-2.519696497621922715e-01
1.469107142857142834e-01,-1.749999999999999889e-01,-2.872272941219048970e-01
1.494642857142857162e-01,-1.749999999999999889e-01,-3.240819677415023303e-01
1.520178571428571490e-01,-1.749999999999999889e-01,-3.625336706209953408e-01
1.545714285714285818e-01,-1.749999999999999889e-01,-4.025824027603775446e-01
1.571249999999999869e-01,-1.749999999999999889e-01,-4.442281641596683150e-01
1.596785714285714197e-01,-1.749999999999999889e-01,-4.874709548188373431e-01
1.622321428571428525e-01,-1.749999999999999889e-01,-5.323107747378856835e-01
1.647857142857142854e-01,-1.749999999999999889e-01,-5.787476239168568570e-01
1.673392857142857182e-01,-1.749999999999999889e-01,-6.267815023556965182e-01
1.698928571428571510e-01,-1.749999999999999889e-01,-6.764124100544499640e-01
1.724464285714285561e-01,-1.749999999999999889e-01,-1.477418663123405640e+00
1.749999999999999889e-01,-1.749999999999999889e-01,0.000000000000000000e+00
1.749999999999999889e-01,-1.749999999999999889e-01,-5.743837457345202235e-01
1.783333333333333159e-01,-1.749999999999999889e-01,0.000000000000000000e+00
1.816666666666666707e-01,-1.749999999999999889e-01,0.000000000000000000e+00
1.849999999999999978e-01,-1.749999999999999889e-01,0.000000000000000000e+00
1.849999999999999978e-01,-1.749999999999999889e-01,-5.554259318054510786e-01
1.875454545454545430e-01,-1.749999999999999889e-01,-5.312737480206725094e-01
1.900909090909090882e-01,-1.749999999999999889e-01,-5.120431187646288240e-01
1.926363636363636334e-01,-1.749999999999999889e-01,-4.977340440373146935e-01
1.951818181818181785e-01,-1.749999999999999889e-01,-4.883465238387136309e-01
1.977272727272727237e-01,-1.749999999999999889e-01,-4.838805581688638835e-01
2.002727272727272689e-01,-1.749999999999999889e-01,-4.843361470277217640e-01
2.028181818181818141e-01,-1.749999999999999889e-01,-4.897132904153473354e-01
2.053636363636363593e-01,-1.749999999999999889e-01,-5.000119883316641589e-01
2.079090909090909045e-01,-1.749999999999999889e-01,-5.152322407767432333e-01
2.104545454545454497e-01,-1.749999999999999889e-01,-5.353740477505299911e-01
2.129999999999999949e-01,-1.749999999999999889e-01,-5.604374092530516327e-01
2.155454545454545401e-01,-1.749999999999999889e-01,-5.904223252843234793e-01
2.180909090909091130e-01,-1.749999999999999889e-01,-6.253287958443010108e-01
2.206363636363636305e-01,-1.749999999999999889e-01,-6.651568209330243064e-01
2.231818181818182034e-01,-1.749999999999999889e-01,-7.099064005504733821e-01
2.257272727272727209e-01,-1.749999999999999889e-01,-7.595775346966481267e-01
2.282727272727272938e-01,-1.749999999999999889e-01,-8.141702233715610859e-01
2.308181818181818112e-01,-1.749999999999999889e-01,-8.736844665752006023e-01
2.333636363636363842e-01,-1.749999999999999889e-01,-9.381202643075751135e-01
2.359090909090909016e-01,-1.749999999999999889e-01,-1.007477616568676293e+00
2.384545454545454746e-01,-1.749999999999999889e-01,-1.081756523358514466e+00
2.410000000000000198e-01,-1.749999999999999889e-01,-1.160956984677076864e+00
2.435454545454545650e-01,-1.749999999999999889e-01,-1.245079000524363044e+00
2.460909090909091101e-01,-1.749999999999999889e-01,-1.334122570900397875e+00
2.486363636363636553e-01,-1.749999999999999889e-01,-1.428087695805150492e+00
2.511818181818181728e-01,-1.749999999999999889e-01,-1.526974375238639325e+00
2.537272727272727457e-01,-1.749999999999999889e-01,-1.630782609200855937e+00
2.562727272727273187e-01,-1.749999999999999889e-01,-1.739512397691801882e+00
2.588181818181818361e-01,-1.749999999999999889e-01,-1.853163740711482488e+00
2.613636363636363535e-01,-1.749999999999999889e-01,-1.971736638259887986e+00
2.639090909090909265e-01,-1.749999999999999889e-01,-2.095231090337033919e+00
2.664545454545454994e-01,-1.749999999999999889e-01,-2.223647096942901857e+00
2.690000000000000169e-01,-1.749999999999999889e-01,0.000000000000000000e+00
2.690000000000000169e-01,-1.749999999999999889e-01,0.000000000000000000e+00
2.715065913370998119e-01,-1.749999999999999889e-01,0.000000000000000000e+00
2.740131826741996623e-01,-1.749999999999999889e-01,0.000000000000000000e+00
2.765197740112994573e-01,-1.749999999999999889e-01,0.000000000000000000e+00
2.790263653483992523e-01,-1.749999999999999889e-01,0.000000000000000000e+00
2.815329566854990473e-01,-1.749999999999999889e-01,0.000000000000000000e+00
2.840395480225988978e-01,-1.749999999999999889e-01,0.000000000000000000e+00
2.865461393596986928e-01,-1.749999999999999889e-01,0.000000000000000000e+00
2.890527306967984877e-01,-1.749999999999999889e-01,0.000000000000000000e+00
2.915593220338983382e-01,-1.749999999999999889e-01,0.000000000000000000e+00
2.940659133709981332e-01,-1.749999999999999889e-01,0.000000000000000000e+00
2.965725047080979282e-01,-1.749999999999999889e-01,0.000000000000000000e+00
2.990790960451977787e-01,-1.749999999999999889e-01,0.000000000000000000e+00
3.015856873822975737e-01,-1.749999999999999889e-01,0.000000000000000000e+00
3.040922787193973686e-01,-1.749999999999999889e-01,0.000000000000000000e+00
3.065988700564972191e-01,-1.749999999999999889e-01,0.000000000000000000e+00
3.091054613935970141e-01,-1.749999999999999889e-01,0.000000000000000000e+00
3.116120527306968091e-01,-1.749999999999999889e-01,0.000000000000000000e+00
3.141186440677966041e-01,-1.749999999999999889e-01,0.000000000000000000e+00
3.166252354048964546e-01,-1.749999999999999889e-01,0.000000000000000000e+00
3.191318267419962496e-01,-1.749999999999999889e-01,0.000000000000000000e+00
3.216384180790960445e-01,-1.749999999999999889e-01,0.000000000000000000e+00
3.241450094161958395e-01,-1.749999999999999889e-01,0.000000000000000000e+00
3.266516007532956900e-01,-1.749999999999999889e-01,0.000000000000000000e+00
3.291581920903954850e-01,-1.749999999999999889e-01,0.000000000000000000e+00
3.316647834274952800e-01,-1.749999999999999889e-01,0.000000000000000000e+00
3.341713747645951305e-01,-1.749999999999999889e-01,0.000000000000000000e+00
3.366779661016949254e-01,-1.749999999999999889e-01,0.000000000000000000e+00
3.391845574387947204e-01,-1.749999999999999889e-01,0.000000000000000000e+00
3.416911487758945709e-01,-1.749999999999999889e-01,0.000000000000000000e+00
3.441977401129943659e-01,-1.749999999999999889e-01,0.000000000000000000e+00
3.467043314500941609e-01,-1.749999999999999889e-01,0.000000000000000000e+00
3.492109227871940114e-01,-1.749999999999999889e-01,0.000000000000000000e+00
3.517175141242938063e-01,-1.749999999999999889e-01,0.000000000000000000e+00
3.542241054613936013e-01,-1.749999999999999889e-01,0.000000000000000000e+00
3.567306967984934518e-01,-1.749999999999999889e-01,0.000000000000000000e+00
3.592372881355932468e-01,-1.749999999999999889e-01,0.000000000000000000e+00
3.617438794726930418e-01,-1.749999999999999889e-01,0.000000000000000000e+00
3.642504708097928368e-01,-1.749999999999999889e-01,0.000000000000000000e+00
3.667570621468926317e-01,-1.749999999999999889e-01,0.000000000000000000e+00
3.692636534839924822e-01,-1.749999999999999889e-01,0.000000000000000000e+00
3.717702448210922772e-01,-1.749999999999999889e-01,0.000000000000000000e+00
3.742768361581920722e-01,-1.749999999999999889e-01,0.000000000000000000e+00
3.767834274952919227e-01,-1.749999999999999889e-01,0.000000000000000000e+00
3.792900188323917177e-01,-1.749999999999999889e-01,0.000000000000000000e+00
3.817966101694915126e-01,-1.749999999999999889e-01,0.000000000000000000e+00
3.843032015065913631e-01,-1.749999999999999889e-01,0.000000000000000000e+00
3.868097928436911581e-01,-1.749999999999999889e-01,0.000000000000000000e+00
3.893163841807909531e-01,-1.749999999999999889e-01,0.000000000000000000e+00
3.918229755178908036e-01,-1.749999999999999889e-01,0.000000000000000000e+00
3.943295668549905986e-01,-1.749999999999999889e-01,0.000000000000000000e+00
3.968361581920903935e-01,-1.749999999999999889e-01,0.000000000000000000e+00
3.993427495291902440e-01,-1.749999999999999889e-01,0.000000000000000000e+00
4.018493408662899835e-01,-1.749999999999999889e-01,0.000000000000000000e+00
4.043559322033898340e-01,-1.749999999999999889e-01,0.000000000000000000e+00
4.068625235404896845e-01,-1.749999999999999889e-01,0.000000000000000000e+00
4.093691148775894240e-01,-1.749999999999999889e-01,0.000000000000000000e+00
4.118757062146892745e-01,-1.749999999999999889e-01,0.000000000000000000e+00
4.143822975517890694e-01,-1.749999999999999889e-01,0.000000000000000000e+00
4.168888888888888644e-01,-1.749999999999999889e-01,0.000000000000000000e+00
4.193954802259887149e-01,-1.749999999999999889e-01,0.000000000000000000e+00
4.219020715630885099e-01,-1.749999999999999889e-01,0.000000000000000000e+00
4.244086629001883049e-01,-1.749999999999999889e-01,0.000000000000000000e+00
4.269152542372881554e-01,-1.749999999999999889e-01,0.000000000000000000e+00
4.294218455743879503e-01,-1.749999999999999889e-01,0.000000000000000000e+00
4.319284369114877453e-01,-1.749999999999999889e-01,0.000000000000000000e+00
4.344350282485875958e-01,-1.749999999999999889e-01,0.000000000000000000e+00
4.369416195856873908e-01,-1.749999999999999889e-01,0.000000000000000000e+00
4.394482109227871858e-01,-1.749999999999999889e-01,0.000000000000000000e+00
4.419548022598870363e-01,-1.749999999999999889e-01,0.000000000000000000e+00
4.444613935969868312e-01,-1.749999999999999889e-01,0.000000000000000000e+00
4.469679849340866262e-01,-1.749999999999999889e-01,0.000000000000000000e+00
4.494745762711864767e-01,-1.749999999999999889e-01,0.000000000000000000e+00
4.519811676082862162e-01,-1.749999999999999889e-01,0.000000000000000000e+00
4.544877589453860667e-01,-1.749999999999999889e-01,0.000000000000000000e+00
4.569943502824859172e-01,-1.749999999999999889e-01,0.000000000000000000e+00
4.595009416195856566e-01,-1.749999999999999889e-01,0.000000000000000000e+00
4.620075329566855071e-01,-1.749999999999999889e-01,0.000000000000000000e+00
4.645141242937853021e-01,-1.749999999999999889e-01,0.000000000000000000e+00
4.670207156308850971e-01,-1.749999999999999889e-01,0.000000000000000000e+00
4.695273069679849476e-01,-1.749999999999999889e-01,0.000000000000000000e+00
4.720338983050847426e-01,-1.749999999999999889e-01,0.000000000000000000e+00
4.745404896421845375e-01,-1.749999999999999889e-01,0.000000000000000000e+00
4.770470809792843880e-01,-1.749999999999999889e-01,0.000000000000000000e+00
4.795536723163841830e-01,-1.749999999999999889e-01,0.000000000000000000e+00
4.820602636534839780e-01,-1.749999999999999889e-01,0.000000000000000000e+00
4.845668549905838285e-01,-1.749999999999999889e-01,0.000000000000000000e+00
4.870734463276836235e-01,-1.749999999999999889e-01,0.000000000000000000e+00
4.895800376647834184e-01,-1.749999999999999889e-01,0.000000000000000000e+00
4.920866290018832689e-01,-1.749999999999999889e-01,0.000000000000000000e+00
4.945932203389830084e-01,-1.749999999999999889e-01,0.000000000000000000e+00
4.970998116760828589e-01,-1.749999999999999889e-01,0.000000000000000000e+00
4.996064030131827094e-01,-1.749999999999999889e-01,0.000000000000000000e+00
5.021129943502824489e-01,-1.749999999999999889e-01,0.000000000000000000e+00
5.046195856873822994e-01,-1.749999999999999889e-01,0.000000000000000000e+00
5.071261770244821498e-01,-1.749999999999999889e-01,0.000000000000000000e+00
5.096327683615818893e-01,-1.749999999999999889e-01,0.000000000000000000e+00
5.121393596986817398e-01,-1.749999999999999889e-01,0.000000000000000000e+00
5.146459510357814793e-01,-1.749999999999999889e-01,0.000000000000000000e+00
5.171525423728813298e-01,-1.749999999999999889e-01,0.000000000000000000e+00
5.196591337099811803e-01,-1.749999999999999889e-01,0.000000000000000000e+00
5.221657250470810308e-01,-1.749999999999999889e-01,0.000000000000000000e+00
5.246723163841807702e-01,-1.749999999999999889e-01,0.000000000000000000e+00
5.271789077212806207e-01,-1.749999999999999889e-01,0.000000000000000000e+00
5.296854990583803602e-01,-1.749999999999999889e-01,0.000000000000000000e+00
5.321920903954802107e-01,-1.749999999999999889e-01,0.000000000000000000e+00
5.346986817325800612e-01,-1.749999999999999889e-01,0.000000000000000000e+00
5.372052730696799117e-01,-1.749999999999999889e-01,0.000000000000000000e+00
5.397118644067796511e-01,-1.749999999999999889e-01,0.000000000000000000e+00
5.422184557438793906e-01,-1.749999999999999889e-01,0.000000000000000000e+00
5.447250470809792411e-01,-1.749999999999999889e-01,0.000000000000000000e+00
5.472316384180790916e-01,-1.749999999999999889e-01,0.000000000000000000e+00
5.497382297551789421e-01,-1.749999999999999889e-01,0.000000000000000000e+00
5.522448210922787926e-01,-1.749999999999999889e-01,0.000000000000000000e+00
5.547514124293785320e-01,-1.749999999999999889e-01,0.000000000000000000e+00
5.572580037664782715e-01,-1.749999999999999889e-01,0.000000000000000000e+00
5.597645951035781220e-01,-1.749999999999999889e-01,0.000000000000000000e+00
5.622711864406779725e-01,-1.749999999999999889e-01,0.000000000000000000e+00
5.647777777777778230e-01,-1.749999999999999889e-01,0.000000000000000000e+00
5.672843691148775624e-01,-1.749999999999999889e-01,0.000000000000000000e+00
5.697909604519774129e-01,-1.749999999999999889e-01,0.000000000000000000e+00
5.722975517890771524e-01,-1.749999999999999889e-01,0.000000000000000000e+00
5.748041431261770029e-01,-1.749999999999999889e-01,0.000000000000000000e+00
5.773107344632768534e-01,-1.749999999999999889e-01,0.000000000000000000e+00
5.798173258003767039e-01,-1.749999999999999889e-01,0.000000000000000000e+00
5.823239171374764434e-01,-1.749999999999999889e-01,0.000000000000000000e+00
5.848305084745761828e-01,-1.749999999999999889e-01,0.000000000000000000e+00
5.873370998116760333e-01,-1.749999999999999889e-01,0.000000000000000000e+00
5.898436911487758838e-01,-1.749999999999999889e-01,0.000000000000000000e+00
5.923502824858757343e-01,-1.749999999999999889e-01,0.000000000000000000e+00
5.948568738229755848e-01,-1.749999999999999889e-01,0.000000000000000000e+00
5.973634651600753243e-01,-1.749999999999999889e-01,0.000000000000000000e+00
5.998700564971750637e-01,-1.749999999999999889e-01,0.000000000000000000e+00
6.023766478342749142e-01,-1.749999999999999889e-01,0.000000000000000000e+00
6.048832391713747647e-01,-1.749999999999999889e-01,0.000000000000000000e+00
6.073898305084746152e-01,-1.749999999999999889e-01,0.000000000000000000e+00
6.098964218455743547e-01,-1.749999999999999889e-01,0.000000000000000000e+00
6.124030131826742052e-01,-1.749999999999999889e-01,0.000000000000000000e+00
6.149096045197739446e-01,-1.749999999999999889e-01,0.000000000000000000e+00
6.174161958568737951e-01,-1.749999999999999889e-01,0.000000000000000000e+00
6.199227871939736456e-01,-1.749999999999999889e-01,0.000000000000000000e+00
6.224293785310734961e-01,-1.749999999999999889e-01,0.000000000000000000e+00
6.249359698681732356e-01,-1.749999999999999889e-01,0.000000000000000000e+00
6.274425612052729750e-01,-1.749999999999999889e-01,0.000000000000000000e+00
6.299491525423728255e-01,-1.749999999999999889e-01,0.000000000000000000e+00
6.324557438794726760e-01,-1.749999999999999889e-01,0.000000000000000000e+00
6.349623352165725265e-01,-1.749999999999999889e-01,0.000000000000000000e+00
6.374689265536723770e-01,-1.749999999999999889e-01,0.000000000000000000e+00
6.399755178907721165e-01,-1.749999999999999889e-01,0.000000000000000000e+00
6.424821092278718559e-01,-1.749999999999999889e-01,0.000000000000000000e+00
6.449887005649717064e-01,-1.749999999999999889e-01,0.000000000000000000e+00
6.474952919020715569e-01,-1.749999999999999889e-01,0.000000000000000000e+00
6.500018832391714074e-01,-1.749999999999999889e-01,0.000000000000000000e+00
6.525084745762711469e-01,-1.749999999999999889e-01,0.000000000000000000e+00
6.550150659133709974e-01,-1.749999999999999889e-01,0.000000000000000000e+00
6.575216572504707369e-01,-1.749999999999999889e-01,0.000000000000000000e+00
6.600282485875705873e-01,-1.749999999999999889e-01,0.000000000000000000e+00
6.625348399246704378e-01,-1.749999999999999889e-01,0.000000000000000000e+00
6.650414312617702883e-01,-1.749999999999999889e-01,0.000000000000000000e+00
6.675480225988700278e-01,-1.749999999999999889e-01,0.000000000000000000e+00
6.700546139359698783e-01,-1.749999999999999889e-01,0.000000000000000000e+00
6.725612052730696178e-01,-1.749999999999999889e-01,0.000000000000000000e+00
6.750677966101694683e-01,-1.749999999999999889e-01,0.000000000000000000e+00
6.775743879472693187e-01,-1.749999999999999889e-01,0.000000000000000000e+00
6.800809792843691692e-01,-1.749999999999999889e-01,0.000000000000000000e+00
6.825875706214689087e-01,-1.749999999999999889e-01,0.000000000000000000e+00
6.850941619585686482e-01,-1.749999999999999889e-01,0.000000000000000000e+00
6.876007532956684987e-01,-1.749999999999999889e-01,0.000000000000000000e+00
6.901073446327683492e-01,-1.749999999999999889e-01,0.000000000000000000e+00
6.926139359698681996e-01,-1.749999999999999889e-01,0.000000000000000000e+00
6.951205273069679391e-01,-1.749999999999999889e-01,0.000000000000000000e+00
6.976271186440677896e-01,-1.749999999999999889e-01,0.000000000000000000e+00
7.001337099811675291e-01,-1.749999999999999889e-01,0.000000000000000000e+00
7.026403013182673796e-01,-1.749999999999999889e-01,0.000000000000000000e+00
7.051468926553672301e-01,-1.749999999999999889e-01,0.000000000000000000e+00
7.076534839924670806e-01,-1.749999999999999889e-01,0.000000000000000000e+00
7.101600753295668200e-01,-1.749999999999999889e-01,0.000000000000000000e+00
7.126666666666666705e-01,-1.749999999999999889e-01,0.000000000000000000e+00
7.151732580037664100e-01,-1.749999999999999889e-01,0.000000000000000000e+00
7.176798493408662605e-01,-1.749999999999999889e-01,0.000000000000000000e+00
7.201864406779661110e-01,-1.749999999999999889e-01,0.000000000000000000e+00
7.226930320150659615e-01,-1.749999999999999889e-01,0.000000000000000000e+00
7.251996233521657009e-01,-1.749999999999999889e-01,0.000000000000000000e+00
7.277062146892654404e-01,-1.749999999999999889e-01,0.000000000000000000e+00
7.302128060263652909e-01,-1.749999999999999889e-01,0.000000000000000000e+00
7.327193973634651414e-01,-1.749999999999999889e-01,0.000000000000000000e+00
7.352259887005649919e-01,-1.749999999999999889e-01,0.000000000000000000e+00
7.377325800376648424e-01,-1.749999999999999889e-01,0.000000000000000000e+00
7.402391713747645818e-01,-1.749999999999999889e-01,0.000000000000000000e+00
7.427457627118643213e-01,-1.749999999999999889e-01,0.000000000000000000e+00
7.452523540489641718e-01,-1.749999999999999889e-01,0.000000000000000000e+00
7.477589453860640223e-01,-1.749999999999999889e-01,0.000000000000000000e+00
7.502655367231638728e-01,-1.749999999999999889e-01,0.000000000000000000e+00
7.527721280602636122e-01,-1.749999999999999889e-01,0.000000000000000000e+00
7.552787193973634627e-01,-1.749999999999999889e-01,0.000000000000000000e+00
7.577853107344632022e-01,-1.749999999999999889e-01,0.000000000000000000e+00
7.602919020715630527e-01,-1.749999999999999889e-01,0.000000000000000000e+00
7.627984934086629032e-01,-1.749999999999999889e-01,0.000000000000000000e+00
7.653050847457627537e-01,-1.749999999999999889e-01,0.000000000000000000e+00
7.678116760828624932e-01,-1.749999999999999889e-01,0.000000000000000000e+00
7.703182674199623436e-01,-1.749999999999999889e-01,0.000000000000000000e+00
7.728248587570620831e-01,-1.749999999999999889e-01,0.000000000000000000e+00
7.753314500941619336e-01,-1.749999999999999889e-01,0.000000000000000000e+00
7.778380414312617841e-01,-1.749999999999999889e-01,0.000000000000000000e+00
7.803446327683615236e-01,-1.749999999999999889e-01,0.000000000000000000e+00
7.828512241054613741e-01,-1.749999999999999889e-01,0.000000000000000000e+00
7.853578154425612246e-01,-1.749999999999999889e-01,0.000000000000000000e+00
7.878644067796609640e-01,-1.749999999999999889e-01,0.000000000000000000e+00
7.903709981167608145e-01,-1.749999999999999889e-01,0.000000000000000000e+00
7.928775894538606650e-01,-1.749999999999999889e-01,0.000000000000000000e+00
7.953841807909604045e-01,-1.749999999999999889e-01,0.000000000000000000e+00
7.978907721280602550e-01,-1.749999999999999889e-01,0.000000000000000000e+00
8.003973634651599944e-01,-1.749999999999999889e-01,0.000000000000000000e+00
8.029039548022598449e-01,-1.749999999999999889e-01,0.000000000000000000e+00
8.054105461393596954e-01,-1.749999999999999889e-01,0.000000000000000000e+00
8.079171374764594349e-01,-1.749999999999999889e-01,0.000000000000000000e+00
8.104237288135592854e-01,-1.749999999999999889e-01,0.000000000000000000e+00
8.129303201506591359e-01,-1.749999999999999889e-01,0.000000000000000000e+00
8.154369114877588753e-01,-1.749999999999999889e-01,0.000000000000000000e+00
8.179435028248587258e-01,-1.749999999999999889e-01,0.000000000000000000e+00
8.204500941619585763e-01,-1.749999999999999889e-01,0.000000000000000000e+00
8.229566854990583158e-01,-1.749999999999999889e-01,0.000000000000000000e+00
8.254632768361581663e-01,-1.749999999999999889e-01,0.000000000000000000e+00
8.279698681732580168e-01,-1.749999999999999889e-01,0.000000000000000000e+00
8.304764595103577562e-01,-1.749999999999999889e-01,0.000000000000000000e+00
8.329830508474576067e-01,-1.749999999999999889e-01,0.000000000000000000e+00
8.354896421845574572e-01,-1.749999999999999889e-01,0.000000000000000000e+00
8.379962335216571967e-01,-1.749999999999999889e-01,0.000000000000000000e+00
8.405028248587570472e-01,-1.749999999999999889e-01,0.000000000000000000e+00
8.430094161958567867e-01,-1.749999999999999889e-01,0.000000000000000000e+00
8.455160075329566371e-01,-1.749999999999999889e-01,0.000000000000000000e+00
8.480225988700564876e-01,-1.749999999999999889e-01,0.000000000000000000e+00
8.505291902071562271e-01,-1.749999999999999889e-01,0.000000000000000000e+00
8.530357815442560776e-01,-1.749999999999999889e-01,0.000000000000000000e+00
8.555423728813559281e-01,-1.749999999999999889e-01,0.000000000000000000e+00
8.580489642184556676e-01,-1.749999999999999889e-01,0.000000000000000000e+00
8.605555555555555181e-01,-1.749999999999999889e-01,0.000000000000000000e+00
8.630621468926553685e-01,-1.749999999999999889e-01,0.000000000000000000e+00
8.655687382297551080e-01,-1.749999999999999889e-01,0.000000000000000000e+00
8.680753295668549585e-01,-1.749999999999999889e-01,0.000000000000000000e+00
8.705819209039548090e-01,-1.749999999999999889e-01,0.000000000000000000e+00
8.730885122410545485e-01,-1.749999999999999889e-01,0.000000000000000000e+00
8.755951035781543990e-01,-1.749999999999999889e-01,0.000000000000000000e+00
8.781016949152542495e-01,-1.749999999999999889e-01,0.000000000000000000e+00
8.806082862523539889e-01,-1.749999999999999889e-01,0.000000000000000000e+00
8.831148775894538394e-01,-1.749999999999999889e-01,0.000000000000000000e+00
8.856214689265536899e-01,-1.749999999999999889e-01,0.000000000000000000e+00
8.881280602636534294e-01,-1.749999999999999889e-01,0.000000000000000000e+00
8.906346516007532799e-01,-1.749999999999999889e-01,0.000000000000000000e+00
8.931412429378530193e-01,-1.749999999999999889e-01,0.000000000000000000e+00
8.956478342749528698e-01,-1.749999999999999889e-01,0.000000000000000000e+00
8.981544256120527203e-01,-1.749999999999999889e-01,0.000000000000000000e+00
9.006610169491524598e-01,-1.749999999999999889e-01,0.000000000000000000e+00
9.031676082862523103e-01,-1.749999999999999889e-01,0.000000000000000000e+00
9.056741996233521608e-01,-1.749999999999999889e-01,0.000000000000000000e+00
9.081807909604519002e-01,-1.749999999999999889e-01,0.000000000000000000e+00
9.106873822975517507e-01,-1.749999999999999889e-01,0.000000000000000000e+00
9.131939736346516012e-01,-1.749999999999999889e-01,0.000000000000000000e+00
9.157005649717513407e-01,-1.749999999999999889e-01,0.000000000000000000e+00
9.182071563088511912e-01,-1.749999999999999889e-01,0.000000000000000000e+00
9.207137476459510417e-01,-1.749999999999999889e-01,0.000000000000000000e+00
9.232203389830507811e-01,-1.749999999999999889e-01,0.000000000000000000e+00
9.257269303201506316e-01,-1.749999999999999889e-01,0.000000000000000000e+00
9.282335216572504821e-01,-1.749999999999999889e-01,0.000000000000000000e+00
9.307401129943502216e-01,-1.749999999999999889e-01,0.000000000000000000e+00
9.332467043314500721e-01,-1.749999999999999889e-01,0.000000000000000000e+00
9.357532956685498116e-01,-1.749999999999999889e-01,0.000000000000000000e+00
9.382598870056496621e-01,-1.749999999999999889e-01,0.000000000000000000e+00
9.407664783427495125e-01,-1.749999999999999889e-01,0.000000000000000000e+00
9.432730696798492520e-01,-1.749999999999999889e-01,0.000000000000000000e+00
9.457796610169491025e-01,-1.749999999999999889e-01,0.000000000000000000e+00
9.482862523540489530e-01,-1.749999999999999889e-01,0.000000000000000000e+00
9.507928436911486925e-01,-1.749999999999999889e-01,0.000000000000000000e+00
9.532994350282485430e-01,-1.749999999999999889e-01,0.000000000000000000e+00
9.558060263653483934e-01,-1.749999999999999889e-01,0.000000000000000000e+00
9.583126177024481329e-01,-1.749999999999999889e-01,0.000000000000000000e+00
9.608192090395479834e-01,-1.749999999999999889e-01,0.000000000000000000e+00
9.633258003766478339e-01,-1.749999999999999889e-01,0.000000000000000000e+00
9.658323917137475734e-01,-1.749999999999999889e-01,0.000000000000000000e+00
9.683389830508474239e-01,-1.749999999999999889e-01,0.000000000000000000e+00
9.708455743879472744e-01,-1.749999999999999889e-01,0.000000000000000000e+00
9.733521657250470138e-01,-1.749999999999999889e-01,0.000000000000000000e+00
9.758587570621468643e-01,-1.749999999999999889e-01,0.000000000000000000e+00
9.783653483992467148e-01,-1.749999999999999889e-01,0.000000000000000000e+00
9.808719397363464543e-01,-1.749999999999999889e-01,0.000000000000000000e+00
9.833785310734463048e-01,-1.749999999999999889e-01,0.000000000000000000e+00
9.858851224105460442e-01,-1.749999999999999889e-01,0.000000000000000000e+00
9.883917137476458947e-01,-1.749999999999999889e-01,0.000000000000000000e+00
9.908983050847457452e-01,-1.749999999999999889e-01,0.000000000000000000e+00
9.934048964218454847e-01,-1.749999999999999889e-01,0.000000000000000000e+00
9.959114877589453352e-01,-1.749999999999999889e-01,0.000000000000000000e+00
9.984180790960451857e-01,-1.749999999999999889e-01,0.000000000000000000e+00
1.000924670433144925e+00,-1.749999999999999889e-01,0.000000000000000000e+00
1.003431261770244776e+00,-1.749999999999999889e-01,0.000000000000000000e+00
1.005937853107344626e+00,-1.749999999999999889e-01,0.000000000000000000e+00
1.008444444444444255e+00,-1.749999999999999889e-01,0.000000000000000000e+00
1.010951035781544327e+00,-1.749999999999999889e-01,0.000000000000000000e+00
1.013457627118643956e+00,-1.749999999999999889e-01,0.000000000000000000e+00
1.015964218455743806e+00,-1.749999999999999889e-01,0.000000000000000000e+00
1.018470809792843657e+00,-1.749999999999999889e-01,0.000000000000000000e+00
1.020977401129943507e+00,-1.749999999999999889e-01,0.000000000000000000e+00
1.023483992467043358e+00,-1.749999999999999889e-01,0.000000000000000000e+00
1.025990583804142986e+00,-1.749999999999999889e-01,0.000000000000000000e+00
1.028497175141242836e+00,-1.749999999999999889e-01,0.000000000000000000e+00
1.031003766478342687e+00,-1.749999999999999889e-01,0.000000000000000000e+00
1.033510357815442537e+00,-1.749999999999999889e-01,0.000000000000000000e+00
1.036016949152542388e+00,-1.749999999999999889e-01,0.000000000000000000e+00
1.038523540489642016e+00,-1.749999999999999889e-01,0.000000000000000000e+00
1.041030131826742089e+00,-1.749999999999999889e-01,0.000000000000000000e+00
1.043536723163841717e+00,-1.749999999999999889e-01,0.000000000000000000e+00
1.046043314500941568e+00,-1.749999999999999889e-01,0.000000000000000000e+00
1.048549905838041418e+00,-1.749999999999999889e-01,0.000000000000000000e+00
1.051056497175141047e+00,-1.749999999999999889e-01,0.000000000000000000e+00
1.053563088512241119e+00,-1.749999999999999889e-01,0.000000000000000000e+00
1.056069679849340748e+00,-1.749999999999999889e-01,0.000000000000000000e+00
1.058576271186440598e+00,-1.749999999999999889e-01,0.000000000000000000e+00
1.061082862523540449e+00,-1.749999999999999889e-01,0.000000000000000000e+00
1.063589453860640299e+00,-1.749999999999999889e-01,0.000000000000000000e+00
1.066096045197740150e+00,-1.749999999999999889e-01,0.000000000000000000e+00
1.068602636534839778e+00,-1.749999999999999889e-01,0.000000000000000000e+00
1.071109227871939851e+00,-1.749999999999999889e-01,0.000000000000000000e+00
1.073615819209039479e+00,-1.749999999999999889e-01,0.000000000000000000e+00
1.076122410546139330e+00,-1.749999999999999889e-01,0.000000000000000000e+00
1.078629001883239180e+00,-1.749999999999999889e-01,0.000000000000000000e+00
1.081135593220338809e+00,-1.749999999999999889e-01,0.000000000000000000e+00
1.083642184557438881e+00,-1.749999999999999889e-01,0.000000000000000000e+00
1.086148775894538510e+00,-1.749999999999999889e-01,0.000000000000000000e+00
1.088655367231638360e+00,-1.749999999999999889e-01,0.000000000000000000e+00
1.091161958568738211e+00,-1.749999999999999889e-01,0.000000000000000000e+00
1.093668549905837839e+00,-1.749999999999999889e-01,0.000000000000000000e+00
1.096175141242937912e+00,-1.749999999999999889e-01,0.000000000000000000e+00
1.098681732580037540e+00,-1.749999999999999889e-01,0.000000000000000000e+00
1.101188323917137390e+00,-1.749999999999999889e-01,0.000000000000000000e+00
1.103694915254237241e+00,-1.749999999999999889e-01,0.000000000000000000e+00
1.106201506591337091e+00,-1.749999999999999889e-01,0.000000000000000000e+00
1.108708097928436942e+00,-1.749999999999999889e-01,0.000000000000000000e+00
1.111214689265536570e+00,-1.749999999999999889e-01,0.000000000000000000e+00
1.113721280602636643e+00,-1.749999999999999889e-01,0.000000000000000000e+00
1.116227871939736271e+00,-1.749999999999999889e-01,0.000000000000000000e+00
1.118734463276836122e+00,-1.749999999999999889e-01,0.000000000000000000e+00
1.121241054613935972e+00,-1.749999999999999889e-01,0.000000000000000000e+00
1.123747645951035601e+00,-1.749999999999999889e-01,0.000000000000000000e+00
1.126254237288135673e+00,-1.749999999999999889e-01,0.000000000000000000e+00
1.128760828625235302e+00,-1.749999999999999889e-01,0.000000000000000000e+00
1.131267419962335152e+00,-1.749999999999999889e-01,0.000000000000000000e+00
1.133774011299435003e+00,-1.749999999999999889e-01,0.000000000000000000e+00
1.136280602636534631e+00,-1.749999999999999889e-01,0.000000000000000000e+00
1.138787193973634704e+00,-1.749999999999999889e-01,0.000000000000000000e+00
1.141293785310734332e+00,-1.749999999999999889e-01,0.000000000000000000e+00
1.143800376647834183e+00,-1.749999999999999889e-01,0.000000000000000000e+00
1.146306967984934033e+00,-1.749999999999999889e-01,0.000000000000000000e+00
1.148813559322033884e+00,-1.749999999999999889e-01,0.000000000000000000e+00
1.151320150659133734e+00,-1.749999999999999889e-01,0.000000000000000000e+00
1.153826741996233363e+00,-1.749999999999999889e-01,0.000000000000000000e+00
1.156333333333333435e+00,-1.749999999999999889e-01,0.000000000000000000e+00
1.158839924670433064e+00,-1.749999999999999889e-01,0.000000000000000000e+00
1.161346516007532914e+00,-1.749999999999999889e-01,0.000000000000000000e+00
1.163853107344632765e+00,-1.749999999999999889e-01,0.000000000000000000e+00
1.166359698681732393e+00,-1.749999999999999889e-01,0.000000000000000000e+00
1.168866290018832466e+00,-1.749999999999999889e-01,0.000000000000000000e+00
1.171372881355932094e+00,-1.749999999999999889e-01,0.000000000000000000e+00
1.173879472693031945e+00,-1.749999999999999889e-01,0.000000000000000000e+00
1.176386064030131795e+00,-1.749999999999999889e-01,0.000000000000000000e+00
1.178892655367231423e+00,-1.749999999999999889e-01,0.000000000000000000e+00
1.181399246704331496e+00,-1.749999999999999889e-01,0.000000000000000000e+00
1.183905838041431124e+00,-1.749999999999999889e-01,0.000000000000000000e+00
1.186412429378530975e+00,-1.749999999999999889e-01,0.000000000000000000e+00
1.188919020715630825e+00,-1.749999999999999889e-01,0.000000000000000000e+00
1.191425612052730676e+00,-1.749999999999999889e-01,0.000000000000000000e+00
1.193932203389830526e+00,-1.749999999999999889e-01,0.000000000000000000e+00
1.196438794726930155e+00,-1.749999999999999889e-01,0.000000000000000000e+00
1.198945386064030227e+00,-1.749999999999999889e-01,0.000000000000000000e+00
1.201451977401129856e+00,-1.749999999999999889e-01,0.000000000000000000e+00
1.203958568738229706e+00,-1.749999999999999889e-01,0.000000000000000000e+00
1.206465160075329557e+00,-1.749999999999999889e-01,0.000000000000000000e+00
1.208971751412429185e+00,-1.749999999999999889e-01,0.000000000000000000e+00
1.211478342749529258e+00,-1.749999999999999889e-01,0.000000000000000000e+00
1.213984934086628886e+00,-1.749999999999999889e-01,0.000000000000000000e+00
1.216491525423728737e+00,-1.749999999999999889e-01,0.000000000000000000e+00
1.218998116760828587e+00,-1.749999999999999889e-01,0.000000000000000000e+00
1.221504708097928216e+00,-1.749999999999999889e-01,0.000000000000000000e+00
1.224011299435028288e+00,-1.749999999999999889e-01,0.000000000000000000e+00
1.226517890772127917e+00,-1.749999999999999889e-01,0.000000000000000000e+00
1.229024482109227767e+00,-1.749999999999999889e-01,0.000000000000000000e+00
1.231531073446327618e+00,-1.749999999999999889e-01,0.000000000000000000e+00
1.234037664783427468e+00,-1.749999999999999889e-01,0.000000000000000000e+00
1.236544256120527319e+00,-1.749999999999999889e-01,0.000000000000000000e+00
1.239050847457626947e+00,-1.749999999999999889e-01,0.000000000000000000e+00
1.241557438794727020e+00,-1.749999999999999889e-01,0.000000000000000000e+00
1.244064030131826648e+00,-1.749999999999999889e-01,0.000000000000000000e+00
1.246570621468926499e+00,-1.749999999999999889e-01,0.000000000000000000e+00
1.249077212806026349e+00,-1.749999999999999889e-01,0.000000000000000000e+00
1.251583804143125978e+00,-1.749999999999999889e-01,0.000000000000000000e+00
1.254090395480226050e+00,-1.749999999999999889e-01,0.000000000000000000e+00
1.256596986817325678e+00,-1.749999999999999889e-01,0.000000000000000000e+00
1.259103578154425529e+00,-1.749999999999999889e-01,0.000000000000000000e+00
1.261610169491525379e+00,-1.749999999999999889e-01,0.000000000000000000e+00
1.264116760828625008e+00,-1.749999999999999889e-01,0.000000000000000000e+00
1.266623352165725080e+00,-1.749999999999999889e-01,0.000000000000000000e+00
1.269129943502824709e+00,-1.749999999999999889e-01,0.000000000000000000e+00
1.271636534839924781e+00,-1.749999999999999889e-01,0.000000000000000000e+00
1.274143126177024410e+00,-1.749999999999999889e-01,0.000000000000000000e+00
1.276649717514124038e+00,-1.749999999999999889e-01,0.000000000000000000e+00
1.279156308851224111e+00,-1.749999999999999889e-01,0.000000000000000000e+00
1.281662900188323739e+00,-1.749999999999999889e-01,0.000000000000000000e+00
1.284169491525423812e+00,-1.749999999999999889e-01,0.000000000000000000e+00
1.286676082862523440e+00,-1.749999999999999889e-01,0.000000000000000000e+00
1.289182674199623069e+00,-1.749999999999999889e-01,0.000000000000000000e+00
1.291689265536723141e+00,-1.749999999999999889e-01,0.000000000000000000e+00
1.294195856873822770e+00,-1.749999999999999889e-01,0.000000000000000000e+00
1.296702448210922842e+00,-1.749999999999999889e-01,0.000000000000000000e+00
1.299209039548022471e+00,-1.749999999999999889e-01,0.000000000000000000e+00
1.301715630885122543e+00,-1.749999999999999889e-01,0.000000000000000000e+00
1.304222222222222172e+00,-1.749999999999999889e-01,0.000000000000000000e+00
1.306728813559321800e+00,-1.749999999999999889e-01,0.000000000000000000e+00
1.309235404896421873e+00,-1.749999999999999889e-01,0.000000000000000000e+00
1.311741996233521501e+00,-1.749999999999999889e-01,0.000000000000000000e+00
1.314248587570621574e+00,-1.749999999999999889e-01,0.000000000000000000e+00
1.316755178907721202e+00,-1.749999999999999889e-01,0.000000000000000000e+00
1.319261770244820831e+00,-1.749999999999999889e-01,0.000000000000000000e+00
1.321768361581920903e+00,-1.749999999999999889e-01,0.000000000000000000e+00
1.324274952919020532e+00,-1.749999999999999889e-01,0.000000000000000000e+00
1.326781544256120604e+00,-1.749999999999999889e-01,0.000000000000000000e+00
1.329288135593220233e+00,-1.749999999999999889e-01,0.000000000000000000e+00
1.331794726930319861e+00,-1.749999999999999889e-01,0.000000000000000000e+00
1.334301318267419934e+00,-1.749999999999999889e-01,0.000000000000000000e+00
1.336807909604519562e+00,-1.749999999999999889e-01,0.000000000000000000e+00
1.339314500941619634e+00,-1.749999999999999889e-01,0.000000000000000000e+00
1.341821092278719263e+00,-1.749999999999999889e-01,0.000000000000000000e+00
1.344327683615819335e+00,-1.749999999999999889e-01,0.000000000000000000e+00
1.346834274952918964e+00,-1.749999999999999889e-01,0.000000000000000000e+00
1.349340866290018592e+00,-1.749999999999999889e-01,0.000000000000000000e+00
1.351847457627118665e+00,-1.749999999999999889e-01,0.000000000000000000e+00
1.354354048964218293e+00,-1.749999999999999889e-01,0.000000000000000000e+00
1.356860640301318366e+00,-1.749999999999999889e-01,0.000000000000000000e+00
1.359367231638417994e+00,-1.749999999999999889e-01,0.000000000000000000e+00
1.361873822975517623e+00,-1.749999999999999889e-01,0.000000000000000000e+00
1.364380414312617695e+00,-1.749999999999999889e-01,0.000000000000000000e+00
1.366887005649717324e+00,-1.749999999999999889e-01,0.000000000000000000e+00
1.369393596986817396e+00,-1.749999999999999889e-01,0.000000000000000000e+00
1.371900188323917025e+00,-1.749999999999999889e-01,0.000000000000000000e+00
1.374406779661016653e+00,-1.749999999999999889e-01,0.000000000000000000e+00
1.376913370998116726e+00,-1.749999999999999889e-01,0.000000000000000000e+00
1.379419962335216354e+00,-1.749999999999999889e-01,0.000000000000000000e+00
1.381926553672316427e+00,-1.749999999999999889e-01,0.000000000000000000e+00
1.384433145009416055e+00,-1.749999999999999889e-01,0.000000000000000000e+00
1.386939736346516128e+00,-1.749999999999999889e-01,0.000000000000000000e+00
1.389446327683615756e+00,-1.749999999999999889e-01,0.000000000000000000e+00
1.391952919020715385e+00,-1.749999999999999889e-01,0.000000000000000000e+00
1.394459510357815457e+00,-1.749999999999999889e-01,0.000000000000000000e+00
1.396966101694915086e+00,-1.749999999999999889e-01,0.000000000000000000e+00
1.399472693032015158e+00,-1.749999999999999889e-01,0.000000000000000000e+00
1.401979284369114787e+00,-1.749999999999999889e-01,0.000000000000000000e+00
1.404485875706214415e+00,-1.749999999999999889e-01,0.000000000000000000e+00
1.406992467043314488e+00,-1.749999999999999889e-01,0.000000000000000000e+00
1.409499058380414116e+00,-1.749999999999999889e-01,0.000000000000000000e+00
1.412005649717514189e+00,-1.749999999999999889e-01,0.000000000000000000e+00
1.414512241054613817e+00,-1.749999999999999889e-01,0.000000000000000000e+00
1.417018832391713445e+00,-1.749999999999999889e-01,0.000000000000000000e+00
1.419525423728813518e+00,-1.749999999999999889e-01,0.000000000000000000e+00
1.422032015065913146e+00,-1.749999999999999889e-01,0.000000000000000000e+00
1.424538606403013219e+00,-1.749999999999999889e-01,0.000000000000000000e+00
1.427045197740112847e+00,-1.749999999999999889e-01,0.000000000000000000e+00
1.429551789077212920e+00,-1.749999999999999889e-01,0.000000000000000000e+00
1.432058380414312548e+00,-1.749999999999999889e-01,0.000000000000000000e+00
1.434564971751412177e+00,-1.749999999999999889e-01,0.000000000000000000e+00
1.437071563088512249e+00,-1.749999999999999889e-01,0.000000000000000000e+00
1.439578154425611878e+00,-1.749999999999999889e-01,0.000000000000000000e+00
1.442084745762711950e+00,-1.749999999999999889e-01,0.000000000000000000e+00
1.444591337099811579e+00,-1.749999999999999889e-01,0.000000000000000000e+00
1.447097928436911207e+00,-1.749999999999999889e-01,0.000000000000000000e+00
1.449604519774011280e+00,-1.749999999999999889e-01,0.000000000000000000e+00
1.452111111111110908e+00,-1.749999999999999889e-01,0.000000000000000000e+00
1.454617702448210981e+00,-1.749999999999999889e-01,0.000000000000000000e+00
1.457124293785310609e+00,-1.749999999999999889e-01,0.000000000000000000e+00
1.459630885122410682e+00,-1.749999999999999889e-01,0.000000000000000000e+00
1.462137476459510310e+00,-1.749999999999999889e-01,0.000000000000000000e+00
1.464644067796609939e+00,-1.749999999999999889e-01,0.000000000000000000e+00
1.467150659133710011e+00,-1.749999999999999889e-01,0.000000000000000000e+00
1.469657250470809640e+00,-1.749999999999999889e-01,0.000000000000000000e+00
1.472163841807909712e+00,-1.749999999999999889e-01,0.000000000000000000e+00
1.474670433145009341e+00,-1.749999999999999889e-01,0.000000000000000000e+00
1.477177024482108969e+00,-1.749999999999999889e-01,0.000000000000000000e+00
1.479683615819209042e+00,-1.749999999999999889e-01,0.000000000000000000e+00
1.482190207156308670e+00,-1.749999999999999889e-01,0.000000000000000000e+00
1.484696798493408743e+00,-1.749999999999999889e-01,0.000000000000000000e+00
1.487203389830508371e+00,-1.749999999999999889e-01,0.000000000000000000e+00
1.489709981167607999e+00,-1.749999999999999889e-01,0.000000000000000000e+00
1.492216572504708072e+00,-1.749999999999999889e-01,0.000000000000000000e+00
1.494723163841807700e+00,-1.749999999999999889e-01,0.000000000000000000e+00
1.497229755178907773e+00,-1.749999999999999889e-01,0.000000000000000000e+00
1.499736346516007401e+00,-1.749999999999999889e-01,0.000000000000000000e+00
1.502242937853107474e+00,-1.749999999999999889e-01,0.000000000000000000e+00
1.504749529190207102e+00,-1.749999999999999889e-01,0.000000000000000000e+00
1.507256120527306731e+00,-1.749999999999999889e-01,0.000000000000000000e+00
1.509762711864406803e+00,-1.749999999999999889e-01,0.000000000000000000e+00
1.512269303201506432e+00,-1.749999999999999889e-01,0.000000000000000000e+00
1.514775894538606504e+00,-1.749999999999999889e-01,0.000000000000000000e+00
1.517282485875706133e+00,-1.749999999999999889e-01,0.000000000000000000e+00
1.519789077212805761e+00,-1.749999999999999889e-01,0.000000000000000000e+00
1.522295668549905834e+00,-1.749999999999999889e-01,0.000000000000000000e+00
1.524802259887005462e+00,-1.749999999999999889e-01,0.000000000000000000e+00
1.527308851224105535e+00,-1.749999999999999889e-01,0.000000000000000000e+00
1.529815442561205163e+00,-1.749999999999999889e-01,0.000000000000000000e+00
1.532322033898304792e+00,-1.749999999999999889e-01,0.000000000000000000e+00
1.534828625235404864e+00,-1.749999999999999889e-01,0.000000000000000000e+00
1.537335216572504493e+00,-1.749999999999999889e-01,0.000000000000000000e+00
1.539841807909604565e+00,-1.749999999999999889e-01,0.000000000000000000e+00
1.542348399246704194e+00,-1.749999999999999889e-01,0.000000000000000000e+00
1.544854990583804266e+00,-1.749999999999999889e-01,0.000000000000000000e+00
1.547361581920903895e+00,-1.749999999999999889e-01,0.000000000000000000e+00
1.549868173258003523e+00,-1.749999999999999889e-01,0.000000000000000000e+00
1.552374764595103596e+00,-1.749999999999999889e-01,0.000000000000000000e+00
1.554881355932203224e+00,-1.749999999999999889e-01,0.000000000000000000e+00
1.557387947269303297e+00,-1.749999999999999889e-01,0.000000000000000000e+00
1.559894538606402925e+00,-1.749999999999999889e-01,0.000000000000000000e+00
1.562401129943502553e+00,-1.749999999999999889e-01,0.000000000000000000e+00
1.564907721280602626e+00,-1.749999999999999889e-01,0.000000000000000000e+00
1.567414312617702254e+00,-1.749999999999999889e-01,0.000000000000000000e+00
1.569920903954802327e+00,-1.749999999999999889e-01,0.000000000000000000e+00
1.572427495291901955e+00,-1.749999999999999889e-01,0.000000000000000000e+00
1.574934086629001584e+00,-1.749999999999999889e-01,0.000000000000000000e+00
1.577440677966101656e+00,-1.749999999999999889e-01,0.000000000000000000e+00
1.579947269303201285e+00,-1.749999999999999889e-01,0.000000000000000000e+00
1.582453860640301357e+00,-1.749999999999999889e-01,0.000000000000000000e+00
1.584960451977400986e+00,-1.749999999999999889e-01,0.000000000000000000e+00
1.587467043314501058e+00,-1.749999999999999889e-01,0.000000000000000000e+00
1.589973634651600687e+00,-1.749999999999999889e-01,0.000000000000000000e+00
1.592480225988700315e+00,-1.749999999999999889e-01,0.000000000000000000e+00
1.594986817325800388e+00,-1.749999999999999889e-01,0.000000000000000000e+00
1.597493408662900016e+00,-1.749999999999999889e-01,0.000000000000000000e+00
