-1.600000000000000089e+00,4.010000000000000231e-01,0.000000000000000000e+00
-1.597495755517826854e+00,4.010000000000000231e-01,0.000000000000000000e+00
-1.594991511035653842e+00,4.010000000000000231e-01,0.000000000000000000e+00
-1.592487266553480607e+00,4.010000000000000231e-01,0.000000000000000000e+00
-1.589983022071307373e+00,4.010000000000000231e-01,0.000000000000000000e+00
-1.587478777589134138e+00,4.010000000000000231e-01,0.000000000000000000e+00
-1.584974533106961125e+00,4.010000000000000231e-01,0.000000000000000000e+00
-1.582470288624787891e+00,4.010000000000000231e-01,0.000000000000000000e+00
-1.579966044142614656e+00,4.010000000000000231e-01,0.000000000000000000e+00
-1.577461799660441422e+00,4.010000000000000231e-01,0.000000000000000000e+00
-1.574957555178268409e+00,4.010000000000000231e-01,0.000000000000000000e+00
-1.572453310696095174e+00,4.010000000000000231e-01,0.000000000000000000e+00
-1.569949066213921940e+00,4.010000000000000231e-01,0.000000000000000000e+00
-1.567444821731748705e+00,4.010000000000000231e-01,0.000000000000000000e+00
-1.564940577249575693e+00,4.010000000000000231e-01,0.000000000000000000e+00
-1.562436332767402458e+00,4.010000000000000231e-01,0.000000000000000000e+00
-1.559932088285229224e+00,4.010000000000000231e-01,0.000000000000000000e+00
-1.557427843803056211e+00,4.010000000000000231e-01,0.000000000000000000e+00
-1.554923599320882976e+00,4.010000000000000231e-01,0.000000000000000000e+00
-1.552419354838709742e+00,4.010000000000000231e-01,0.000000000000000000e+00
-1.549915110356536507e+00,4.010000000000000231e-01,0.000000000000000000e+00
-1.547410865874363495e+00,4.010000000000000231e-01,0.000000000000000000e+00
-1.544906621392190260e+00,4.010000000000000231e-01,0.000000000000000000e+00
-1.542402376910017026e+00,4.010000000000000231e-01,0.000000000000000000e+00
-1.539898132427843791e+00,4.010000000000000231e-01,0.000000000000000000e+00
-1.537393887945670778e+00,4.010000000000000231e-01,0.000000000000000000e+00
-1.534889643463497544e+00,4.010000000000000231e-01,0.000000000000000000e+00
-1.532385398981324309e+00,4.010000000000000231e-01,0.000000000000000000e+00
-1.529881154499151297e+00,4.010000000000000231e-01,0.000000000000000000e+00
-1.527376910016978062e+00,4.010000000000000231e-01,0.000000000000000000e+00
-1.524872665534804828e+00,4.010000000000000231e-01,0.000000000000000000e+00
-1.522368421052631593e+00,4.010000000000000231e-01,0.000000000000000000e+00
-1.519864176570458580e+00,4.010000000000000231e-01,0.000000000000000000e+00
-1.517359932088285346e+00,4.010000000000000231e-01,0.000000000000000000e+00
-1.514855687606112111e+00,4.010000000000000231e-01,0.000000000000000000e+00
-1.512351443123938877e+00,4.010000000000000231e-01,0.000000000000000000e+00
-1.509847198641765864e+00,4.010000000000000231e-01,0.000000000000000000e+00
-1.507342954159592630e+00,4.010000000000000231e-01,0.000000000000000000e+00
-1.504838709677419395e+00,4.010000000000000231e-01,0.000000000000000000e+00
-1.502334465195246160e+00,4.010000000000000231e-01,0.000000000000000000e+00
-1.499830220713073148e+00,4.010000000000000231e-01,0.000000000000000000e+00
-1.497325976230899913e+00,4.010000000000000231e-01,0.000000000000000000e+00
-1.494821731748726679e+00,4.010000000000000231e-01,0.000000000000000000e+00
-1.492317487266553666e+00,4.010000000000000231e-01,0.000000000000000000e+00
-1.489813242784380432e+00,4.010000000000000231e-01,0.000000000000000000e+00
-1.487308998302207197e+00,4.010000000000000231e-01,0.000000000000000000e+00
-1.484804753820033962e+00,4.010000000000000231e-01,0.000000000000000000e+00
-1.482300509337860950e+00,4.010000000000000231e-01,0.000000000000000000e+00
-1.479796264855687715e+00,4.010000000000000231e-01,0.000000000000000000e+00
-1.477292020373514481e+00,4.010000000000000231e-01,0.000000000000000000e+00
-1.474787775891341246e+00,4.010000000000000231e-01,0.000000000000000000e+00
-1.472283531409168233e+00,4.010000000000000231e-01,0.000000000000000000e+00
-1.469779286926994999e+00,4.010000000000000231e-01,0.000000000000000000e+00
-1.467275042444821764e+00,4.010000000000000231e-01,0.000000000000000000e+00
-1.464770797962648530e+00,4.010000000000000231e-01,0.000000000000000000e+00
-1.462266553480475517e+00,4.010000000000000231e-01,0.000000000000000000e+00
-1.459762308998302283e+00,4.010000000000000231e-01,0.000000000000000000e+00
-1.457258064516129048e+00,4.010000000000000231e-01,0.000000000000000000e+00
-1.454753820033956035e+00,4.010000000000000231e-01,0.000000000000000000e+00
-1.452249575551782801e+00,4.010000000000000231e-01,0.000000000000000000e+00
-1.449745331069609566e+00,4.010000000000000231e-01,0.000000000000000000e+00
-1.447241086587436332e+00,4.010000000000000231e-01,0.000000000000000000e+00
-1.444736842105263319e+00,4.010000000000000231e-01,0.000000000000000000e+00
-1.442232597623090085e+00,4.010000000000000231e-01,0.000000000000000000e+00
-1.439728353140916850e+00,4.010000000000000231e-01,0.000000000000000000e+00
-1.437224108658743615e+00,4.010000000000000231e-01,0.000000000000000000e+00
-1.434719864176570603e+00,4.010000000000000231e-01,0.000000000000000000e+00
-1.432215619694397368e+00,4.010000000000000231e-01,0.000000000000000000e+00
-1.429711375212224134e+00,4.010000000000000231e-01,0.000000000000000000e+00
-1.427207130730050899e+00,4.010000000000000231e-01,0.000000000000000000e+00
-1.424702886247877887e+00,4.010000000000000231e-01,0.000000000000000000e+00
-1.422198641765704652e+00,4.010000000000000231e-01,0.000000000000000000e+00
-1.419694397283531417e+00,4.010000000000000231e-01,0.000000000000000000e+00
-1.417190152801358405e+00,4.010000000000000231e-01,0.000000000000000000e+00
-1.414685908319185170e+00,4.010000000000000231e-01,0.000000000000000000e+00
-1.412181663837011936e+00,4.010000000000000231e-01,0.000000000000000000e+00
-1.409677419354838701e+00,4.010000000000000231e-01,0.000000000000000000e+00
-1.407173174872665689e+00,4.010000000000000231e-01,0.000000000000000000e+00
-1.404668930390492454e+00,4.010000000000000231e-01,0.000000000000000000e+00
-1.402164685908319219e+00,4.010000000000000231e-01,0.000000000000000000e+00
-1.399660441426145985e+00,4.010000000000000231e-01,0.000000000000000000e+00
-1.397156196943972972e+00,4.010000000000000231e-01,0.000000000000000000e+00
-1.394651952461799738e+00,4.010000000000000231e-01,0.000000000000000000e+00
-1.392147707979626503e+00,4.010000000000000231e-01,0.000000000000000000e+00
-1.389643463497453268e+00,4.010000000000000231e-01,0.000000000000000000e+00
-1.387139219015280256e+00,4.010000000000000231e-01,0.000000000000000000e+00
-1.384634974533107021e+00,4.010000000000000231e-01,0.000000000000000000e+00
-1.382130730050933787e+00,4.010000000000000231e-01,0.000000000000000000e+00
-1.379626485568760774e+00,4.010000000000000231e-01,0.000000000000000000e+00
-1.377122241086587540e+00,4.010000000000000231e-01,0.000000000000000000e+00
-1.374617996604414305e+00,4.010000000000000231e-01,0.000000000000000000e+00
-1.372113752122241070e+00,4.010000000000000231e-01,0.000000000000000000e+00
-1.369609507640068058e+00,4.010000000000000231e-01,0.000000000000000000e+00
-1.367105263157894823e+00,4.010000000000000231e-01,0.000000000000000000e+00
-1.364601018675721589e+00,4.010000000000000231e-01,0.000000000000000000e+00
-1.362096774193548354e+00,4.010000000000000231e-01,0.000000000000000000e+00
-1.359592529711375342e+00,4.010000000000000231e-01,0.000000000000000000e+00
-1.357088285229202107e+00,4.010000000000000231e-01,0.000000000000000000e+00
-1.354584040747028872e+00,4.010000000000000231e-01,0.000000000000000000e+00
-1.352079796264855638e+00,4.010000000000000231e-01,0.000000000000000000e+00
-1.349575551782682625e+00,4.010000000000000231e-01,0.000000000000000000e+00
-1.347071307300509391e+00,4.010000000000000231e-01,0.000000000000000000e+00
-1.344567062818336156e+00,4.010000000000000231e-01,0.000000000000000000e+00
-1.342062818336163144e+00,4.010000000000000231e-01,0.000000000000000000e+00
-1.339558573853989909e+00,4.010000000000000231e-01,0.000000000000000000e+00
-1.337054329371816674e+00,4.010000000000000231e-01,0.000000000000000000e+00
-1.334550084889643440e+00,4.010000000000000231e-01,0.000000000000000000e+00
-1.332045840407470427e+00,4.010000000000000231e-01,0.000000000000000000e+00
-1.329541595925297193e+00,4.010000000000000231e-01,0.000000000000000000e+00
-1.327037351443123958e+00,4.010000000000000231e-01,0.000000000000000000e+00
-1.324533106960950946e+00,4.010000000000000231e-01,0.000000000000000000e+00
-1.322028862478777711e+00,4.010000000000000231e-01,0.000000000000000000e+00
-1.319524617996604476e+00,4.010000000000000231e-01,0.000000000000000000e+00
-1.317020373514431242e+00,4.010000000000000231e-01,0.000000000000000000e+00
-1.314516129032258007e+00,4.010000000000000231e-01,0.000000000000000000e+00
-1.312011884550084995e+00,4.010000000000000231e-01,0.000000000000000000e+00
-1.309507640067911760e+00,4.010000000000000231e-01,0.000000000000000000e+00
-1.307003395585738525e+00,4.010000000000000231e-01,0.000000000000000000e+00
-1.304499151103565513e+00,4.010000000000000231e-01,0.000000000000000000e+00
-1.301994906621392278e+00,4.010000000000000231e-01,0.000000000000000000e+00
-1.299490662139219044e+00,4.010000000000000231e-01,0.000000000000000000e+00
-1.296986417657045809e+00,4.010000000000000231e-01,0.000000000000000000e+00
-1.294482173174872797e+00,4.010000000000000231e-01,0.000000000000000000e+00
-1.291977928692699562e+00,4.010000000000000231e-01,0.000000000000000000e+00
-1.289473684210526327e+00,4.010000000000000231e-01,0.000000000000000000e+00
-1.286969439728353315e+00,4.010000000000000231e-01,0.000000000000000000e+00
-1.284465195246180080e+00,4.010000000000000231e-01,0.000000000000000000e+00
-1.281960950764006846e+00,4.010000000000000231e-01,0.000000000000000000e+00
-1.279456706281833611e+00,4.010000000000000231e-01,0.000000000000000000e+00
-1.276952461799660377e+00,4.010000000000000231e-01,0.000000000000000000e+00
-1.274448217317487364e+00,4.010000000000000231e-01,0.000000000000000000e+00
-1.271943972835314129e+00,4.010000000000000231e-01,0.000000000000000000e+00
-1.269439728353140895e+00,4.010000000000000231e-01,0.000000000000000000e+00
-1.266935483870967882e+00,4.010000000000000231e-01,0.000000000000000000e+00
-1.264431239388794648e+00,4.010000000000000231e-01,0.000000000000000000e+00
-1.261926994906621413e+00,4.010000000000000231e-01,0.000000000000000000e+00
-1.259422750424448179e+00,4.010000000000000231e-01,0.000000000000000000e+00
-1.256918505942275166e+00,4.010000000000000231e-01,0.000000000000000000e+00
-1.254414261460101931e+00,4.010000000000000231e-01,0.000000000000000000e+00
-1.251910016977928697e+00,4.010000000000000231e-01,0.000000000000000000e+00
-1.249405772495755684e+00,4.010000000000000231e-01,0.000000000000000000e+00
-1.246901528013582450e+00,4.010000000000000231e-01,0.000000000000000000e+00
-1.244397283531409215e+00,4.010000000000000231e-01,0.000000000000000000e+00
-1.241893039049235981e+00,4.010000000000000231e-01,0.000000000000000000e+00
-1.239388794567062746e+00,4.010000000000000231e-01,0.000000000000000000e+00
-1.236884550084889733e+00,4.010000000000000231e-01,0.000000000000000000e+00
-1.234380305602716499e+00,4.010000000000000231e-01,0.000000000000000000e+00
-1.231876061120543264e+00,4.010000000000000231e-01,0.000000000000000000e+00
-1.229371816638370252e+00,4.010000000000000231e-01,0.000000000000000000e+00
-1.226867572156197017e+00,4.010000000000000231e-01,0.000000000000000000e+00
-1.224363327674023783e+00,4.010000000000000231e-01,0.000000000000000000e+00
-1.221859083191850548e+00,4.010000000000000231e-01,0.000000000000000000e+00
-1.219354838709677535e+00,4.010000000000000231e-01,0.000000000000000000e+00
-1.216850594227504301e+00,4.010000000000000231e-01,0.000000000000000000e+00
-1.214346349745331066e+00,4.010000000000000231e-01,0.000000000000000000e+00
-1.211842105263158054e+00,4.010000000000000231e-01,0.000000000000000000e+00
-1.209337860780984819e+00,4.010000000000000231e-01,0.000000000000000000e+00
-1.206833616298811584e+00,4.010000000000000231e-01,0.000000000000000000e+00
-1.204329371816638350e+00,4.010000000000000231e-01,0.000000000000000000e+00
-1.201825127334465115e+00,4.010000000000000231e-01,0.000000000000000000e+00
-1.199320882852292103e+00,4.010000000000000231e-01,0.000000000000000000e+00
-1.196816638370118868e+00,4.010000000000000231e-01,0.000000000000000000e+00
-1.194312393887945634e+00,4.010000000000000231e-01,0.000000000000000000e+00
-1.191808149405772621e+00,4.010000000000000231e-01,0.000000000000000000e+00
-1.189303904923599386e+00,4.010000000000000231e-01,0.000000000000000000e+00
-1.186799660441426152e+00,4.010000000000000231e-01,0.000000000000000000e+00
-1.184295415959252917e+00,4.010000000000000231e-01,0.000000000000000000e+00
-1.181791171477079905e+00,4.010000000000000231e-01,0.000000000000000000e+00
-1.179286926994906670e+00,4.010000000000000231e-01,0.000000000000000000e+00
-1.176782682512733436e+00,4.010000000000000231e-01,0.000000000000000000e+00
-1.174278438030560423e+00,4.010000000000000231e-01,0.000000000000000000e+00
-1.171774193548387188e+00,4.010000000000000231e-01,0.000000000000000000e+00
-1.169269949066213954e+00,4.010000000000000231e-01,0.000000000000000000e+00
-1.166765704584040719e+00,4.010000000000000231e-01,0.000000000000000000e+00
-1.164261460101867485e+00,4.010000000000000231e-01,0.000000000000000000e+00
-1.161757215619694472e+00,4.010000000000000231e-01,0.000000000000000000e+00
-1.159252971137521238e+00,4.010000000000000231e-01,0.000000000000000000e+00
-1.156748726655348003e+00,4.010000000000000231e-01,0.000000000000000000e+00
-1.154244482173174990e+00,4.010000000000000231e-01,0.000000000000000000e+00
-1.151740237691001756e+00,4.010000000000000231e-01,0.000000000000000000e+00
-1.149235993208828521e+00,4.010000000000000231e-01,0.000000000000000000e+00
-1.146731748726655287e+00,4.010000000000000231e-01,0.000000000000000000e+00
-1.144227504244482274e+00,4.010000000000000231e-01,0.000000000000000000e+00
-1.141723259762309040e+00,4.010000000000000231e-01,0.000000000000000000e+00
-1.139219015280135805e+00,4.010000000000000231e-01,0.000000000000000000e+00
-1.136714770797962792e+00,4.010000000000000231e-01,0.000000000000000000e+00
-1.134210526315789558e+00,4.010000000000000231e-01,0.000000000000000000e+00
-1.131706281833616323e+00,4.010000000000000231e-01,0.000000000000000000e+00
-1.129202037351443089e+00,4.010000000000000231e-01,0.000000000000000000e+00
-1.126697792869269854e+00,4.010000000000000231e-01,0.000000000000000000e+00
-1.124193548387096842e+00,4.010000000000000231e-01,0.000000000000000000e+00
-1.121689303904923607e+00,4.010000000000000231e-01,0.000000000000000000e+00
-1.119185059422750594e+00,4.010000000000000231e-01,0.000000000000000000e+00
-1.116680814940577360e+00,4.010000000000000231e-01,0.000000000000000000e+00
-1.114176570458404125e+00,4.010000000000000231e-01,0.000000000000000000e+00
-1.111672325976230891e+00,4.010000000000000231e-01,0.000000000000000000e+00
-1.109168081494057656e+00,4.010000000000000231e-01,0.000000000000000000e+00
-1.106663837011884644e+00,4.010000000000000231e-01,0.000000000000000000e+00
-1.104159592529711409e+00,4.010000000000000231e-01,0.000000000000000000e+00
-1.101655348047538174e+00,4.010000000000000231e-01,0.000000000000000000e+00
-1.099151103565365162e+00,4.010000000000000231e-01,0.000000000000000000e+00
-1.096646859083191927e+00,4.010000000000000231e-01,0.000000000000000000e+00
-1.094142614601018693e+00,4.010000000000000231e-01,0.000000000000000000e+00
-1.091638370118845458e+00,4.010000000000000231e-01,0.000000000000000000e+00
-1.089134125636672223e+00,4.010000000000000231e-01,0.000000000000000000e+00
-1.086629881154499211e+00,4.010000000000000231e-01,0.000000000000000000e+00
-1.084125636672325976e+00,4.010000000000000231e-01,0.000000000000000000e+00
-1.081621392190152964e+00,4.010000000000000231e-01,0.000000000000000000e+00
-1.079117147707979729e+00,4.010000000000000231e-01,0.000000000000000000e+00
-1.076612903225806495e+00,4.010000000000000231e-01,0.000000000000000000e+00
-1.074108658743633260e+00,4.010000000000000231e-01,0.000000000000000000e+00
-1.071604414261460025e+00,4.010000000000000231e-01,0.000000000000000000e+00
-1.069100169779286791e+00,4.010000000000000231e-01,0.000000000000000000e+00
-1.066595925297113778e+00,4.010000000000000231e-01,0.000000000000000000e+00
-1.064091680814940766e+00,4.010000000000000231e-01,0.000000000000000000e+00
-1.061587436332767531e+00,4.010000000000000231e-01,0.000000000000000000e+00
-1.059083191850594297e+00,4.010000000000000231e-01,0.000000000000000000e+00
-1.056578947368421062e+00,4.010000000000000231e-01,0.000000000000000000e+00
-1.054074702886247827e+00,4.010000000000000231e-01,0.000000000000000000e+00
-1.051570458404074593e+00,4.010000000000000231e-01,0.000000000000000000e+00
-1.049066213921901580e+00,4.010000000000000231e-01,0.000000000000000000e+00
-1.046561969439728346e+00,4.010000000000000231e-01,0.000000000000000000e+00
-1.044057724957555333e+00,4.010000000000000231e-01,0.000000000000000000e+00
-1.041553480475382099e+00,4.010000000000000231e-01,0.000000000000000000e+00
-1.039049235993208864e+00,4.010000000000000231e-01,0.000000000000000000e+00
-1.036544991511035629e+00,4.010000000000000231e-01,0.000000000000000000e+00
-1.034040747028862395e+00,4.010000000000000231e-01,0.000000000000000000e+00
-1.031536502546689160e+00,4.010000000000000231e-01,0.000000000000000000e+00
-1.029032258064516148e+00,4.010000000000000231e-01,0.000000000000000000e+00
-1.026528013582343135e+00,4.010000000000000231e-01,0.000000000000000000e+00
-1.024023769100169901e+00,4.010000000000000231e-01,0.000000000000000000e+00
-1.021519524617996666e+00,4.010000000000000231e-01,0.000000000000000000e+00
-1.019015280135823431e+00,4.010000000000000231e-01,0.000000000000000000e+00
-1.016511035653650197e+00,4.010000000000000231e-01,0.000000000000000000e+00
-1.014006791171476962e+00,4.010000000000000231e-01,0.000000000000000000e+00
-1.011502546689303950e+00,4.010000000000000231e-01,0.000000000000000000e+00
-1.008998302207130715e+00,4.010000000000000231e-01,0.000000000000000000e+00
-1.006494057724957703e+00,4.010000000000000231e-01,0.000000000000000000e+00
-1.003989813242784468e+00,4.010000000000000231e-01,0.000000000000000000e+00
-1.001485568760611233e+00,4.010000000000000231e-01,0.000000000000000000e+00
-9.989813242784379987e-01,4.010000000000000231e-01,0.000000000000000000e+00
-9.964770797962648752e-01,4.010000000000000231e-01,0.000000000000000000e+00
-9.939728353140917516e-01,4.010000000000000231e-01,0.000000000000000000e+00
-9.914685908319185170e-01,4.010000000000000231e-01,0.000000000000000000e+00
-9.889643463497453935e-01,4.010000000000000231e-01,0.000000000000000000e+00
-9.864601018675721589e-01,4.010000000000000231e-01,0.000000000000000000e+00
-9.839558573853990353e-01,4.010000000000000231e-01,0.000000000000000000e+00
-9.814516129032258007e-01,4.010000000000000231e-01,0.000000000000000000e+00
-9.789473684210526772e-01,4.010000000000000231e-01,0.000000000000000000e+00
-9.764431239388794426e-01,4.010000000000000231e-01,0.000000000000000000e+00
-9.739388794567063190e-01,4.010000000000000231e-01,0.000000000000000000e+00
-9.714346349745330844e-01,4.010000000000000231e-01,0.000000000000000000e+00
-9.689303904923599609e-01,4.010000000000000231e-01,0.000000000000000000e+00
-9.664261460101867263e-01,4.010000000000000231e-01,0.000000000000000000e+00
-9.639219015280136027e-01,4.010000000000000231e-01,0.000000000000000000e+00
-9.614176570458403681e-01,4.010000000000000231e-01,0.000000000000000000e+00
-9.589134125636672445e-01,4.010000000000000231e-01,0.000000000000000000e+00
-9.564091680814941210e-01,4.010000000000000231e-01,0.000000000000000000e+00
-9.539049235993208864e-01,4.010000000000000231e-01,0.000000000000000000e+00
-9.514006791171477628e-01,4.010000000000000231e-01,0.000000000000000000e+00
-9.488964346349745282e-01,4.010000000000000231e-01,0.000000000000000000e+00
-9.463921901528014047e-01,4.010000000000000231e-01,0.000000000000000000e+00
-9.438879456706281701e-01,4.010000000000000231e-01,0.000000000000000000e+00
-9.413837011884550465e-01,4.010000000000000231e-01,0.000000000000000000e+00
-9.388794567062818119e-01,4.010000000000000231e-01,0.000000000000000000e+00
-9.363752122241086884e-01,4.010000000000000231e-01,0.000000000000000000e+00
-9.338709677419354538e-01,4.010000000000000231e-01,0.000000000000000000e+00
-9.313667232597623302e-01,4.010000000000000231e-01,0.000000000000000000e+00
-9.288624787775890956e-01,4.010000000000000231e-01,0.000000000000000000e+00
-9.263582342954159721e-01,4.010000000000000231e-01,0.000000000000000000e+00
-9.238539898132427375e-01,4.010000000000000231e-01,0.000000000000000000e+00
-9.213497453310696139e-01,4.010000000000000231e-01,0.000000000000000000e+00
-9.188455008488964904e-01,4.010000000000000231e-01,0.000000000000000000e+00
-9.163412563667232558e-01,4.010000000000000231e-01,0.000000000000000000e+00
-9.138370118845501322e-01,4.010000000000000231e-01,0.000000000000000000e+00
-9.113327674023768976e-01,4.010000000000000231e-01,0.000000000000000000e+00
-9.088285229202037740e-01,4.010000000000000231e-01,0.000000000000000000e+00
-9.063242784380305395e-01,4.010000000000000231e-01,0.000000000000000000e+00
-9.038200339558574159e-01,4.010000000000000231e-01,0.000000000000000000e+00
-9.013157894736841813e-01,4.010000000000000231e-01,0.000000000000000000e+00
-8.988115449915110577e-01,4.010000000000000231e-01,0.000000000000000000e+00
-8.963073005093378232e-01,4.010000000000000231e-01,0.000000000000000000e+00
-8.938030560271646996e-01,4.010000000000000231e-01,0.000000000000000000e+00
-8.912988115449914650e-01,4.010000000000000231e-01,0.000000000000000000e+00
-8.887945670628183414e-01,4.010000000000000231e-01,0.000000000000000000e+00
-8.862903225806452179e-01,4.010000000000000231e-01,0.000000000000000000e+00
-8.837860780984719833e-01,4.010000000000000231e-01,0.000000000000000000e+00
-8.812818336162988597e-01,4.010000000000000231e-01,0.000000000000000000e+00
-8.787775891341256251e-01,4.010000000000000231e-01,0.000000000000000000e+00
-8.762733446519525016e-01,4.010000000000000231e-01,0.000000000000000000e+00
-8.737691001697792670e-01,4.010000000000000231e-01,0.000000000000000000e+00
-8.712648556876061434e-01,4.010000000000000231e-01,0.000000000000000000e+00
-8.687606112054329088e-01,4.010000000000000231e-01,0.000000000000000000e+00
-8.662563667232597853e-01,4.010000000000000231e-01,0.000000000000000000e+00
-8.637521222410865507e-01,4.010000000000000231e-01,0.000000000000000000e+00
-8.612478777589134271e-01,4.010000000000000231e-01,0.000000000000000000e+00
-8.587436332767401925e-01,4.010000000000000231e-01,0.000000000000000000e+00
-8.562393887945670690e-01,4.010000000000000231e-01,0.000000000000000000e+00
-8.537351443123938344e-01,4.010000000000000231e-01,0.000000000000000000e+00
-8.512308998302207108e-01,4.010000000000000231e-01,0.000000000000000000e+00
-8.487266553480475872e-01,4.010000000000000231e-01,0.000000000000000000e+00
-8.462224108658743527e-01,4.010000000000000231e-01,0.000000000000000000e+00
-8.437181663837012291e-01,4.010000000000000231e-01,0.000000000000000000e+00
-8.412139219015279945e-01,4.010000000000000231e-01,0.000000000000000000e+00
-8.387096774193548709e-01,4.010000000000000231e-01,0.000000000000000000e+00
-8.362054329371816364e-01,4.010000000000000231e-01,0.000000000000000000e+00
-8.337011884550085128e-01,4.010000000000000231e-01,0.000000000000000000e+00
-8.311969439728352782e-01,4.010000000000000231e-01,0.000000000000000000e+00
-8.286926994906621546e-01,4.010000000000000231e-01,0.000000000000000000e+00
-8.261884550084889201e-01,4.010000000000000231e-01,0.000000000000000000e+00
-8.236842105263157965e-01,4.010000000000000231e-01,0.000000000000000000e+00
-8.211799660441425619e-01,4.010000000000000231e-01,0.000000000000000000e+00
-8.186757215619694383e-01,4.010000000000000231e-01,0.000000000000000000e+00
-8.161714770797963148e-01,4.010000000000000231e-01,0.000000000000000000e+00
-8.136672325976230802e-01,4.010000000000000231e-01,0.000000000000000000e+00
-8.111629881154499566e-01,4.010000000000000231e-01,0.000000000000000000e+00
-8.086587436332767220e-01,4.010000000000000231e-01,0.000000000000000000e+00
-8.061544991511035985e-01,4.010000000000000231e-01,0.000000000000000000e+00
-8.036502546689303639e-01,4.010000000000000231e-01,0.000000000000000000e+00
-8.011460101867572403e-01,4.010000000000000231e-01,0.000000000000000000e+00
-7.986417657045840057e-01,4.010000000000000231e-01,0.000000000000000000e+00
-7.961375212224108822e-01,4.010000000000000231e-01,0.000000000000000000e+00
-7.936332767402376476e-01,4.010000000000000231e-01,0.000000000000000000e+00
-7.911290322580645240e-01,4.010000000000000231e-01,0.000000000000000000e+00
-7.886247877758912894e-01,4.010000000000000231e-01,0.000000000000000000e+00
-7.861205432937181659e-01,4.010000000000000231e-01,0.000000000000000000e+00
-7.836162988115449313e-01,4.010000000000000231e-01,0.000000000000000000e+00
-7.811120543293718077e-01,4.010000000000000231e-01,0.000000000000000000e+00
-7.786078098471986841e-01,4.010000000000000231e-01,0.000000000000000000e+00
-7.761035653650254496e-01,4.010000000000000231e-01,0.000000000000000000e+00
-7.735993208828523260e-01,4.010000000000000231e-01,0.000000000000000000e+00
-7.710950764006790914e-01,4.010000000000000231e-01,0.000000000000000000e+00
-7.685908319185059678e-01,4.010000000000000231e-01,0.000000000000000000e+00
-7.660865874363327332e-01,4.010000000000000231e-01,0.000000000000000000e+00
-7.635823429541596097e-01,4.010000000000000231e-01,0.000000000000000000e+00
-7.610780984719863751e-01,4.010000000000000231e-01,0.000000000000000000e+00
-7.585738539898132515e-01,4.010000000000000231e-01,0.000000000000000000e+00
-7.560696095076400169e-01,4.010000000000000231e-01,0.000000000000000000e+00
-7.535653650254668934e-01,4.010000000000000231e-01,0.000000000000000000e+00
-7.510611205432936588e-01,4.010000000000000231e-01,0.000000000000000000e+00
-7.485568760611205352e-01,4.010000000000000231e-01,0.000000000000000000e+00
-7.460526315789473006e-01,4.010000000000000231e-01,0.000000000000000000e+00
-7.435483870967741771e-01,4.010000000000000231e-01,0.000000000000000000e+00
-7.410441426146010535e-01,4.010000000000000231e-01,0.000000000000000000e+00
-7.385398981324278189e-01,4.010000000000000231e-01,0.000000000000000000e+00
-7.360356536502546954e-01,4.010000000000000231e-01,0.000000000000000000e+00
-7.335314091680814608e-01,4.010000000000000231e-01,0.000000000000000000e+00
-7.310271646859083372e-01,4.010000000000000231e-01,0.000000000000000000e+00
-7.285229202037351026e-01,4.010000000000000231e-01,0.000000000000000000e+00
-7.260186757215619791e-01,4.010000000000000231e-01,0.000000000000000000e+00
-7.235144312393887445e-01,4.010000000000000231e-01,0.000000000000000000e+00
-7.210101867572156209e-01,4.010000000000000231e-01,0.000000000000000000e+00
-7.185059422750423863e-01,4.010000000000000231e-01,0.000000000000000000e+00
-7.160016977928692627e-01,4.010000000000000231e-01,0.000000000000000000e+00
-7.134974533106960282e-01,4.010000000000000231e-01,0.000000000000000000e+00
-7.109932088285229046e-01,4.010000000000000231e-01,0.000000000000000000e+00
-7.084889643463497810e-01,4.010000000000000231e-01,0.000000000000000000e+00
-7.059847198641765464e-01,4.010000000000000231e-01,0.000000000000000000e+00
-7.034804753820034229e-01,4.010000000000000231e-01,0.000000000000000000e+00
-7.009762308998301883e-01,4.010000000000000231e-01,0.000000000000000000e+00
-6.984719864176570647e-01,4.010000000000000231e-01,0.000000000000000000e+00
-6.959677419354838301e-01,4.010000000000000231e-01,0.000000000000000000e+00
-6.934634974533107066e-01,4.010000000000000231e-01,0.000000000000000000e+00
-6.909592529711374720e-01,4.010000000000000231e-01,0.000000000000000000e+00
-6.884550084889643484e-01,4.010000000000000231e-01,0.000000000000000000e+00
-6.859507640067911138e-01,4.010000000000000231e-01,0.000000000000000000e+00
-6.834465195246179903e-01,4.010000000000000231e-01,0.000000000000000000e+00
-6.809422750424447557e-01,4.010000000000000231e-01,0.000000000000000000e+00
-6.784380305602716321e-01,4.010000000000000231e-01,0.000000000000000000e+00
-6.759337860780983975e-01,4.010000000000000231e-01,0.000000000000000000e+00
-6.734295415959252740e-01,4.010000000000000231e-01,0.000000000000000000e+00
-6.709252971137521504e-01,4.010000000000000231e-01,0.000000000000000000e+00
-6.684210526315789158e-01,4.010000000000000231e-01,0.000000000000000000e+00
-6.659168081494057922e-01,4.010000000000000231e-01,0.000000000000000000e+00
-6.634125636672325577e-01,4.010000000000000231e-01,0.000000000000000000e+00
-6.609083191850594341e-01,4.010000000000000231e-01,0.000000000000000000e+00
-6.584040747028861995e-01,4.010000000000000231e-01,0.000000000000000000e+00
-6.558998302207130759e-01,4.010000000000000231e-01,0.000000000000000000e+00
-6.533955857385398414e-01,4.010000000000000231e-01,0.000000000000000000e+00
-6.508913412563667178e-01,4.010000000000000231e-01,0.000000000000000000e+00
-6.483870967741934832e-01,4.010000000000000231e-01,0.000000000000000000e+00
-6.458828522920203596e-01,4.010000000000000231e-01,0.000000000000000000e+00
-6.433786078098471251e-01,4.010000000000000231e-01,0.000000000000000000e+00
-6.408743633276740015e-01,4.010000000000000231e-01,0.000000000000000000e+00
-6.383701188455008779e-01,4.010000000000000231e-01,0.000000000000000000e+00
-6.358658743633276433e-01,4.010000000000000231e-01,0.000000000000000000e+00
-6.333616298811545198e-01,4.010000000000000231e-01,0.000000000000000000e+00
-6.308573853989812852e-01,4.010000000000000231e-01,0.000000000000000000e+00
-6.283531409168081616e-01,4.010000000000000231e-01,0.000000000000000000e+00
-6.258488964346349270e-01,4.010000000000000231e-01,0.000000000000000000e+00
-6.233446519524618035e-01,4.010000000000000231e-01,0.000000000000000000e+00
-6.208404074702885689e-01,4.010000000000000231e-01,0.000000000000000000e+00
-6.183361629881154453e-01,4.010000000000000231e-01,0.000000000000000000e+00
-6.158319185059422107e-01,4.010000000000000231e-01,0.000000000000000000e+00
-6.133276740237690872e-01,4.010000000000000231e-01,0.000000000000000000e+00
-6.108234295415958526e-01,4.010000000000000231e-01,0.000000000000000000e+00
-6.083191850594227290e-01,4.010000000000000231e-01,0.000000000000000000e+00
-6.058149405772494944e-01,4.010000000000000231e-01,0.000000000000000000e+00
-6.033106960950763709e-01,4.010000000000000231e-01,0.000000000000000000e+00
-6.008064516129032473e-01,4.010000000000000231e-01,0.000000000000000000e+00
-5.983022071307300127e-01,4.010000000000000231e-01,0.000000000000000000e+00
-5.957979626485567781e-01,4.010000000000000231e-01,0.000000000000000000e+00
-5.932937181663837656e-01,4.010000000000000231e-01,0.000000000000000000e+00
-5.907894736842105310e-01,4.010000000000000231e-01,0.000000000000000000e+00
-5.882852292020372964e-01,4.010000000000000231e-01,0.000000000000000000e+00
-5.857809847198640618e-01,4.010000000000000231e-01,0.000000000000000000e+00
-5.832767402376910493e-01,4.010000000000000231e-01,0.000000000000000000e+00
-5.807724957555178147e-01,4.010000000000000231e-01,0.000000000000000000e+00
-5.782682512733445801e-01,4.010000000000000231e-01,0.000000000000000000e+00
-5.757640067911713455e-01,4.010000000000000231e-01,0.000000000000000000e+00
-5.732597623089983330e-01,4.010000000000000231e-01,0.000000000000000000e+00
-5.707555178268250984e-01,4.010000000000000231e-01,0.000000000000000000e+00
-5.682512733446518638e-01,4.010000000000000231e-01,0.000000000000000000e+00
-5.657470288624788513e-01,4.010000000000000231e-01,0.000000000000000000e+00
-5.632427843803056167e-01,4.010000000000000231e-01,0.000000000000000000e+00
-5.607385398981323821e-01,4.010000000000000231e-01,0.000000000000000000e+00
-5.582342954159591475e-01,4.010000000000000231e-01,0.000000000000000000e+00
-5.557300509337861349e-01,4.010000000000000231e-01,0.000000000000000000e+00
-5.532258064516129004e-01,4.010000000000000231e-01,0.000000000000000000e+00
-5.507215619694396658e-01,4.010000000000000231e-01,0.000000000000000000e+00
-5.482173174872664312e-01,4.010000000000000231e-01,0.000000000000000000e+00
-5.457130730050934186e-01,4.010000000000000231e-01,0.000000000000000000e+00
-5.432088285229201841e-01,4.010000000000000231e-01,0.000000000000000000e+00
-5.407045840407469495e-01,4.010000000000000231e-01,0.000000000000000000e+00
-5.382003395585737149e-01,4.010000000000000231e-01,0.000000000000000000e+00
-5.356960950764007023e-01,4.010000000000000231e-01,0.000000000000000000e+00
-5.331918505942274678e-01,4.010000000000000231e-01,0.000000000000000000e+00
-5.306876061120542332e-01,4.010000000000000231e-01,0.000000000000000000e+00
-5.281833616298812206e-01,4.010000000000000231e-01,0.000000000000000000e+00
-5.256791171477079860e-01,4.010000000000000231e-01,0.000000000000000000e+00
-5.231748726655347514e-01,4.010000000000000231e-01,0.000000000000000000e+00
-5.206706281833615169e-01,4.010000000000000231e-01,0.000000000000000000e+00
-5.181663837011885043e-01,4.010000000000000231e-01,0.000000000000000000e+00
-5.156621392190152697e-01,4.010000000000000231e-01,0.000000000000000000e+00
-5.131578947368420351e-01,4.010000000000000231e-01,0.000000000000000000e+00
-5.106536502546688006e-01,4.010000000000000231e-01,0.000000000000000000e+00
-5.081494057724957880e-01,4.010000000000000231e-01,0.000000000000000000e+00
-5.056451612903225534e-01,4.010000000000000231e-01,0.000000000000000000e+00
-5.031409168081493188e-01,4.010000000000000231e-01,0.000000000000000000e+00
-5.006366723259760843e-01,4.010000000000000231e-01,0.000000000000000000e+00
-4.981324278438030717e-01,4.010000000000000231e-01,0.000000000000000000e+00
-4.956281833616298371e-01,4.010000000000000231e-01,0.000000000000000000e+00
-4.931239388794566025e-01,4.010000000000000231e-01,0.000000000000000000e+00
-4.906196943972835900e-01,4.010000000000000231e-01,0.000000000000000000e+00
-4.881154499151103554e-01,4.010000000000000231e-01,0.000000000000000000e+00
-4.856112054329371208e-01,4.010000000000000231e-01,0.000000000000000000e+00
-4.831069609507638862e-01,4.010000000000000231e-01,0.000000000000000000e+00
-4.806027164685908737e-01,4.010000000000000231e-01,0.000000000000000000e+00
-4.780984719864176391e-01,4.010000000000000231e-01,0.000000000000000000e+00
-4.755942275042444045e-01,4.010000000000000231e-01,0.000000000000000000e+00
-4.730899830220711699e-01,4.010000000000000231e-01,0.000000000000000000e+00
-4.705857385398981574e-01,4.010000000000000231e-01,0.000000000000000000e+00
-4.680814940577249228e-01,4.010000000000000231e-01,0.000000000000000000e+00
-4.655772495755516882e-01,4.010000000000000231e-01,0.000000000000000000e+00
-4.630730050933784536e-01,4.010000000000000231e-01,0.000000000000000000e+00
-4.605687606112054411e-01,4.010000000000000231e-01,0.000000000000000000e+00
-4.580645161290322065e-01,4.010000000000000231e-01,0.000000000000000000e+00
-4.555602716468589719e-01,4.010000000000000231e-01,0.000000000000000000e+00
-4.530560271646859594e-01,4.010000000000000231e-01,0.000000000000000000e+00
-4.505517826825127248e-01,4.010000000000000231e-01,0.000000000000000000e+00
-4.480475382003394902e-01,4.010000000000000231e-01,0.000000000000000000e+00
-4.455432937181662556e-01,4.010000000000000231e-01,0.000000000000000000e+00
-4.430390492359932431e-01,4.010000000000000231e-01,0.000000000000000000e+00
-4.405348047538200085e-01,4.010000000000000231e-01,0.000000000000000000e+00
-4.380305602716467739e-01,4.010000000000000231e-01,0.000000000000000000e+00
-4.355263157894735393e-01,4.010000000000000231e-01,0.000000000000000000e+00
-4.330220713073005268e-01,4.010000000000000231e-01,0.000000000000000000e+00
-4.305178268251272922e-01,4.010000000000000231e-01,0.000000000000000000e+00
-4.280135823429540576e-01,4.010000000000000231e-01,0.000000000000000000e+00
-4.255093378607808230e-01,4.010000000000000231e-01,0.000000000000000000e+00
-4.230050933786078105e-01,4.010000000000000231e-01,0.000000000000000000e+00
-4.205008488964345759e-01,4.010000000000000231e-01,0.000000000000000000e+00
-4.179966044142613413e-01,4.010000000000000231e-01,0.000000000000000000e+00
-4.154923599320883287e-01,4.010000000000000231e-01,0.000000000000000000e+00
-4.129881154499150941e-01,4.010000000000000231e-01,0.000000000000000000e+00
-4.104838709677418596e-01,4.010000000000000231e-01,0.000000000000000000e+00
-4.079796264855686250e-01,4.010000000000000231e-01,0.000000000000000000e+00
-4.054753820033956124e-01,4.010000000000000231e-01,0.000000000000000000e+00
-4.029711375212223778e-01,4.010000000000000231e-01,0.000000000000000000e+00
-4.004668930390491433e-01,4.010000000000000231e-01,0.000000000000000000e+00
-3.979626485568759087e-01,4.010000000000000231e-01,0.000000000000000000e+00
-3.954584040747028961e-01,4.010000000000000231e-01,0.000000000000000000e+00
-3.929541595925296615e-01,4.010000000000000231e-01,0.000000000000000000e+00
-3.904499151103564270e-01,4.010000000000000231e-01,0.000000000000000000e+00
-3.879456706281834144e-01,4.010000000000000231e-01,0.000000000000000000e+00
-3.854414261460101798e-01,4.010000000000000231e-01,0.000000000000000000e+00
-3.829371816638369452e-01,4.010000000000000231e-01,0.000000000000000000e+00
-3.804329371816637106e-01,4.010000000000000231e-01,0.000000000000000000e+00
-3.779286926994906981e-01,4.010000000000000231e-01,0.000000000000000000e+00
-3.754244482173174635e-01,4.010000000000000231e-01,0.000000000000000000e+00
-3.729202037351442289e-01,4.010000000000000231e-01,0.000000000000000000e+00
-3.704159592529709943e-01,4.010000000000000231e-01,0.000000000000000000e+00
-3.679117147707979818e-01,4.010000000000000231e-01,0.000000000000000000e+00
-3.654074702886247472e-01,4.010000000000000231e-01,0.000000000000000000e+00
-3.629032258064515126e-01,4.010000000000000231e-01,0.000000000000000000e+00
-3.603989813242782780e-01,4.010000000000000231e-01,0.000000000000000000e+00
-3.578947368421052655e-01,4.010000000000000231e-01,0.000000000000000000e+00
-3.553904923599320309e-01,4.010000000000000231e-01,0.000000000000000000e+00
-3.528862478777587963e-01,4.010000000000000231e-01,0.000000000000000000e+00
-3.503820033955857838e-01,4.010000000000000231e-01,0.000000000000000000e+00
-3.478777589134125492e-01,4.010000000000000231e-01,0.000000000000000000e+00
-3.453735144312393146e-01,4.010000000000000231e-01,0.000000000000000000e+00
-3.428692699490660800e-01,4.010000000000000231e-01,0.000000000000000000e+00
-3.403650254668930675e-01,4.010000000000000231e-01,0.000000000000000000e+00
-3.378607809847198329e-01,4.010000000000000231e-01,0.000000000000000000e+00
-3.353565365025465983e-01,4.010000000000000231e-01,0.000000000000000000e+00
-3.328522920203733637e-01,4.010000000000000231e-01,0.000000000000000000e+00
-3.303480475382003512e-01,4.010000000000000231e-01,0.000000000000000000e+00
-3.278438030560271166e-01,4.010000000000000231e-01,0.000000000000000000e+00
-3.253395585738538820e-01,4.010000000000000231e-01,0.000000000000000000e+00
-3.228353140916806474e-01,4.010000000000000231e-01,0.000000000000000000e+00
-3.203310696095076349e-01,4.010000000000000231e-01,0.000000000000000000e+00
-3.178268251273344003e-01,4.010000000000000231e-01,0.000000000000000000e+00
-3.153225806451611657e-01,4.010000000000000231e-01,0.000000000000000000e+00
-3.128183361629881531e-01,4.010000000000000231e-01,0.000000000000000000e+00
-3.103140916808149186e-01,4.010000000000000231e-01,0.000000000000000000e+00
-3.078098471986416840e-01,4.010000000000000231e-01,0.000000000000000000e+00
-3.053056027164684494e-01,4.010000000000000231e-01,0.000000000000000000e+00
-3.028013582342954368e-01,4.010000000000000231e-01,0.000000000000000000e+00
-3.002971137521222023e-01,4.010000000000000231e-01,0.000000000000000000e+00
-2.977928692699489677e-01,4.010000000000000231e-01,0.000000000000000000e+00
-2.952886247877757331e-01,4.010000000000000231e-01,0.000000000000000000e+00
-2.927843803056027205e-01,4.010000000000000231e-01,0.000000000000000000e+00
-2.902801358234294860e-01,4.010000000000000231e-01,0.000000000000000000e+00
-2.877758913412562514e-01,4.010000000000000231e-01,0.000000000000000000e+00
-2.852716468590830168e-01,4.010000000000000231e-01,0.000000000000000000e+00
-2.827674023769100042e-01,4.010000000000000231e-01,0.000000000000000000e+00
-2.802631578947367696e-01,4.010000000000000231e-01,0.000000000000000000e+00
-2.777589134125635351e-01,4.010000000000000231e-01,0.000000000000000000e+00
-2.752546689303905225e-01,4.010000000000000231e-01,0.000000000000000000e+00
-2.727504244482172879e-01,4.010000000000000231e-01,0.000000000000000000e+00
-2.702461799660440533e-01,4.010000000000000231e-01,0.000000000000000000e+00
-2.677419354838708188e-01,4.010000000000000231e-01,0.000000000000000000e+00
-2.652376910016978062e-01,4.010000000000000231e-01,0.000000000000000000e+00
-2.627334465195245716e-01,4.010000000000000231e-01,0.000000000000000000e+00
-2.602292020373513370e-01,4.010000000000000231e-01,0.000000000000000000e+00
-2.577249575551781025e-01,4.010000000000000231e-01,0.000000000000000000e+00
-2.552207130730050899e-01,4.010000000000000231e-01,0.000000000000000000e+00
-2.527164685908318553e-01,4.010000000000000231e-01,0.000000000000000000e+00
-2.502122241086586207e-01,4.010000000000000231e-01,0.000000000000000000e+00
-2.477079796264853861e-01,4.010000000000000231e-01,0.000000000000000000e+00
-2.452037351443123736e-01,4.010000000000000231e-01,0.000000000000000000e+00
-2.426994906621391390e-01,4.010000000000000231e-01,0.000000000000000000e+00
-2.401952461799659044e-01,4.010000000000000231e-01,0.000000000000000000e+00
-2.376910016977928919e-01,4.010000000000000231e-01,0.000000000000000000e+00
-2.351867572156196573e-01,4.010000000000000231e-01,0.000000000000000000e+00
-2.326825127334464227e-01,4.010000000000000231e-01,0.000000000000000000e+00
-2.301782682512731881e-01,4.010000000000000231e-01,0.000000000000000000e+00
-2.276740237691001756e-01,4.010000000000000231e-01,0.000000000000000000e+00
-2.251697792869269410e-01,4.010000000000000231e-01,0.000000000000000000e+00
-2.226655348047537064e-01,4.010000000000000231e-01,0.000000000000000000e+00
-2.201612903225804718e-01,4.010000000000000231e-01,0.000000000000000000e+00
-2.176570458404074593e-01,4.010000000000000231e-01,0.000000000000000000e+00
-2.151528013582342247e-01,4.010000000000000231e-01,0.000000000000000000e+00
-2.126485568760609901e-01,4.010000000000000231e-01,0.000000000000000000e+00
-2.101443123938879776e-01,4.010000000000000231e-01,0.000000000000000000e+00
-2.076400679117147430e-01,4.010000000000000231e-01,0.000000000000000000e+00
-2.051358234295415084e-01,4.010000000000000231e-01,0.000000000000000000e+00
-2.026315789473682738e-01,4.010000000000000231e-01,0.000000000000000000e+00
-2.001273344651952613e-01,4.010000000000000231e-01,0.000000000000000000e+00
-1.976230899830220267e-01,4.010000000000000231e-01,0.000000000000000000e+00
-1.951188455008487921e-01,4.010000000000000231e-01,0.000000000000000000e+00
-1.926146010186755575e-01,4.010000000000000231e-01,0.000000000000000000e+00
-1.901103565365025450e-01,4.010000000000000231e-01,0.000000000000000000e+00
-1.876061120543293104e-01,4.010000000000000231e-01,0.000000000000000000e+00
-1.851018675721560758e-01,4.010000000000000231e-01,0.000000000000000000e+00
-1.825976230899828412e-01,4.010000000000000231e-01,0.000000000000000000e+00
-1.800933786078098287e-01,4.010000000000000231e-01,0.000000000000000000e+00
-1.775891341256365941e-01,4.010000000000000231e-01,0.000000000000000000e+00
-1.750848896434633595e-01,4.010000000000000231e-01,0.000000000000000000e+00
-1.725806451612903469e-01,4.010000000000000231e-01,0.000000000000000000e+00
-1.700764006791171123e-01,4.010000000000000231e-01,0.000000000000000000e+00
-1.675721561969438778e-01,4.010000000000000231e-01,0.000000000000000000e+00
-1.650679117147706432e-01,4.010000000000000231e-01,0.000000000000000000e+00
-1.625636672325976306e-01,4.010000000000000231e-01,0.000000000000000000e+00
-1.600594227504243960e-01,4.010000000000000231e-01,0.000000000000000000e+00
-1.575551782682511615e-01,4.010000000000000231e-01,0.000000000000000000e+00
-1.550509337860779269e-01,4.010000000000000231e-01,0.000000000000000000e+00
-1.525466893039049143e-01,4.010000000000000231e-01,0.000000000000000000e+00
-1.500424448217316797e-01,4.010000000000000231e-01,0.000000000000000000e+00
-1.475382003395584452e-01,4.010000000000000231e-01,0.000000000000000000e+00
-1.450339558573852106e-01,4.010000000000000231e-01,0.000000000000000000e+00
-1.425297113752121980e-01,4.010000000000000231e-01,0.000000000000000000e+00
-1.400254668930389634e-01,4.010000000000000231e-01,0.000000000000000000e+00
-1.375212224108657288e-01,4.010000000000000231e-01,0.000000000000000000e+00
-1.350169779286927163e-01,4.010000000000000231e-01,0.000000000000000000e+00
-1.325127334465194817e-01,4.010000000000000231e-01,0.000000000000000000e+00
-1.300084889643462471e-01,4.010000000000000231e-01,0.000000000000000000e+00
-1.275042444821730125e-01,4.010000000000000231e-01,0.000000000000000000e+00
-1.250000000000000000e-01,4.010000000000000231e-01,0.000000000000000000e+00
-1.250000000000000000e-01,4.010000000000000231e-01,1.516215006499616935e+00
-1.223636363636363689e-01,4.010000000000000231e-01,1.566391982112172787e+00
-1.197272727272727239e-01,4.010000000000000231e-01,1.571136876559855899e+00
-1.170909090909090927e-01,4.010000000000000231e-01,1.530449689842656946e+00
-1.144545454545454477e-01,4.010000000000000231e-01,1.444330421960584587e+00
-1.118181818181818166e-01,4.010000000000000231e-01,1.312779072913629941e+00
-1.091818181818181854e-01,4.010000000000000231e-01,1.135795642701798336e+00
-1.065454545454545543e-01,4.010000000000000231e-01,9.133801313250903275e-01
-1.039090909090909093e-01,4.010000000000000231e-01,6.455325387835010309e-01
-1.012727272727272643e-01,4.010000000000000231e-01,3.322528650770406600e-01
-9.863636363636363313e-02,4.010000000000000231e-01,-2.645888979430394139e-02
-9.600000000000000200e-02,4.010000000000000231e-01,0.000000000000000000e+00
-9.600000000000000200e-02,4.010000000000000231e-01,0.000000000000000000e+00
-9.199999999999999845e-02,4.010000000000000231e-01,0.000000000000000000e+00
-8.799999999999999489e-02,4.010000000000000231e-01,0.000000000000000000e+00
-8.799999999999999489e-02,4.010000000000000231e-01,2.643697824611813130e-01
-8.527272727272726394e-02,4.010000000000000231e-01,-3.249772563489658483e-02
-8.254545454545454686e-02,4.010000000000000231e-01,-3.139571256862148663e-01
-7.981818181818181590e-02,4.010000000000000231e-01,-5.800084176927943203e-01
-7.709090909090908494e-02,4.010000000000000231e-01,-8.306516016546143799e-01
-7.436363636363635399e-02,4.010000000000000231e-01,-1.065886677571683316e+00
-7.163636363636363691e-02,4.010000000000000231e-01,-1.285713645443999686e+00
-6.890909090909090595e-02,4.010000000000000231e-01,-1.490132505271572372e+00
-6.618181818181817500e-02,4.010000000000000231e-01,-1.679143257054384053e+00
-6.345454545454545792e-02,4.010000000000000231e-01,-1.852745900792448719e+00
-6.072727272727272696e-02,4.010000000000000231e-01,-2.010940436485760152e+00
-5.800000000000000294e-02,4.010000000000000231e-01,0.000000000000000000e+00
-5.551612903225806861e-02,4.010000000000000231e-01,0.000000000000000000e+00
-5.303225806451613428e-02,4.010000000000000231e-01,0.000000000000000000e+00
-5.054838709677419994e-02,4.010000000000000231e-01,0.000000000000000000e+00
-4.806451612903225867e-02,4.010000000000000231e-01,0.000000000000000000e+00
-4.558064516129032434e-02,4.010000000000000231e-01,0.000000000000000000e+00
-4.309677419354839001e-02,4.010000000000000231e-01,0.000000000000000000e+00
-4.061290322580644874e-02,4.010000000000000231e-01,0.000000000000000000e+00
-3.812903225806452134e-02,4.010000000000000231e-01,0.000000000000000000e+00
-3.564516129032258007e-02,4.010000000000000231e-01,0.000000000000000000e+00
-3.316129032258064574e-02,4.010000000000000231e-01,0.000000000000000000e+00
-3.067741935483871141e-02,4.010000000000000231e-01,0.000000000000000000e+00
-2.819354838709677707e-02,4.010000000000000231e-01,0.000000000000000000e+00
-2.570967741935484274e-02,4.010000000000000231e-01,0.000000000000000000e+00
-2.322580645161290147e-02,4.010000000000000231e-01,0.000000000000000000e+00
-2.074193548387096714e-02,4.010000000000000231e-01,0.000000000000000000e+00
-1.825806451612903281e-02,4.010000000000000231e-01,0.000000000000000000e+00
-1.577419354838709847e-02,4.010000000000000231e-01,0.000000000000000000e+00
-1.329032258064516414e-02,4.010000000000000231e-01,0.000000000000000000e+00
-1.080645161290322287e-02,4.010000000000000231e-01,0.000000000000000000e+00
-8.322580645161288537e-03,4.010000000000000231e-01,0.000000000000000000e+00
-5.838709677419354205e-03,4.010000000000000231e-01,0.000000000000000000e+00
-3.354838709677419872e-03,4.010000000000000231e-01,0.000000000000000000e+00
-8.709677419354855399e-04,-8.709677419354855399e-04,0.000000000000000000e+00
1.612903225806448793e-03,4.010000000000000231e-01,0.000000000000000000e+00
4.096774193548390064e-03,4.010000000000000231e-01,0.000000000000000000e+00
6.580645161290317458e-03,4.010000000000000231e-01,0.000000000000000000e+00
9.064516129032258729e-03,4.010000000000000231e-01,0.000000000000000000e+00
1.154838709677420000e-02,4.010000000000000231e-01,0.000000000000000000e+00
1.403225806451612739e-02,4.010000000000000231e-01,0.000000000000000000e+00
1.651612903225806867e-02,4.010000000000000231e-01,1.976711873684943443e-01
1.899999999999999953e-02,4.010000000000000231e-01,3.444515237730741752e+00
2.159259259259259378e-02,4.010000000000000231e-01,2.846891775278892922e+00
2.418518518518518456e-02,4.010000000000000231e-01,2.299631003857679712e+00
2.677777777777777535e-02,4.010000000000000231e-01,1.802732923467091464e+00
2.937037037037036960e-02,4.010000000000000231e-01,1.356197534107138836e+00
3.196296296296296385e-02,4.010000000000000231e-01,9.600248357778211616e-01
3.455555555555555464e-02,4.010000000000000231e-01,6.142148284791365542e-01
3.714814814814815236e-02,4.010000000000000231e-01,3.187675122110811832e-01
3.974074074074074314e-02,4.010000000000000231e-01,7.368288697365261986e-02
4.233333333333333393e-02,4.010000000000000231e-01,-1.210390472331313444e-01
4.492592592592592471e-02,4.010000000000000231e-01,-2.653982904092948569e-01
4.751851851851851549e-02,4.010000000000000231e-01,-3.593948425548217918e-01
5.011111111111110628e-02,4.010000000000000231e-01,-4.030287036697148828e-01
5.270370370370369706e-02,4.010000000000000231e-01,-3.962998737539799587e-01
5.529629629629630172e-02,4.010000000000000231e-01,-3.392083528076101362e-01
5.788888888888889250e-02,4.010000000000000231e-01,-2.317541408306015849e-01
6.048148148148148329e-02,4.010000000000000231e-01,-7.393723782297258185e-02
6.307407407407407407e-02,4.010000000000000231e-01,1.258790598028612373e-01
6.566666666666666485e-02,4.010000000000000231e-01,2.615646352959310472e-01
6.825925925925925564e-02,4.010000000000000231e-01,2.601672226937389865e-01
7.085185185185184642e-02,4.010000000000000231e-01,1.202527862602413844e-01
7.344444444444443720e-02,4.010000000000000231e-01,-1.581786740045367512e-01
7.603703703703704186e-02,4.010000000000000231e-01,-5.751271581006139888e-01
7.862962962962963265e-02,4.010000000000000231e-01,-1.130592666027979920e+00
8.122222222222222343e-02,4.010000000000000231e-01,-1.824575197786629799e+00
8.381481481481481421e-02,4.010000000000000231e-01,-1.452176628460754415e+01
8.640740740740740500e-02,4.010000000000000231e-01,2.437065668210249836e+00
8.899999999999999578e-02,4.010000000000000231e-01,0.000000000000000000e+00
8.899999999999999578e-02,4.010000000000000231e-01,0.000000000000000000e+00
9.157142857142856751e-02,4.010000000000000231e-01,0.000000000000000000e+00
9.414285714285713924e-02,4.010000000000000231e-01,0.000000000000000000e+00
9.671428571428571097e-02,4.010000000000000231e-01,0.000000000000000000e+00
9.928571428571428270e-02,4.010000000000000231e-01,0.000000000000000000e+00
1.018571428571428544e-01,4.010000000000000231e-01,0.000000000000000000e+00
1.044285714285714262e-01,4.010000000000000231e-01,0.000000000000000000e+00
1.069999999999999840e-01,4.010000000000000231e-01,0.000000000000000000e+00
1.095714285714285696e-01,4.010000000000000231e-01,0.000000000000000000e+00
1.121428571428571275e-01,4.010000000000000231e-01,0.000000000000000000e+00
1.147142857142857131e-01,4.010000000000000231e-01,0.000000000000000000e+00
1.172857142857142709e-01,4.010000000000000231e-01,0.000000000000000000e+00
1.198571428571428427e-01,4.010000000000000231e-01,0.000000000000000000e+00
1.224285714285714144e-01,4.010000000000000231e-01,0.000000000000000000e+00
1.249999999999999861e-01,4.010000000000000231e-01,0.000000000000000000e+00
1.275714285714285579e-01,4.010000000000000231e-01,0.000000000000000000e+00
1.301428571428571157e-01,4.010000000000000231e-01,0.000000000000000000e+00
1.327142857142857013e-01,4.010000000000000231e-01,0.000000000000000000e+00
1.352857142857142869e-01,4.010000000000000231e-01,0.000000000000000000e+00
1.378571428571428448e-01,4.010000000000000231e-01,0.000000000000000000e+00
1.404285714285714026e-01,4.010000000000000231e-01,0.000000000000000000e+00
1.429999999999999882e-01,4.010000000000000231e-01,0.000000000000000000e+00
1.429999999999999882e-01,4.010000000000000231e-01,-2.103907025802092878e+00
1.455769230769230760e-01,4.010000000000000231e-01,2.589926055793446036e+00
1.481538461538461360e-01,4.010000000000000231e-01,1.682455074477410051e+01
1.507307692307692237e-01,4.010000000000000231e-01,7.835969528997335787e-02
1.533076923076922837e-01,4.010000000000000231e-01,-3.393161009091980596e-01
1.558846153846153715e-01,4.010000000000000231e-01,-8.733501585471596662e-02
1.584615384615384592e-01,4.010000000000000231e-01,1.034212824844804035e-01
1.610384615384615192e-01,4.010000000000000231e-01,2.329527941083823217e-01
1.636153846153846070e-01,4.010000000000000231e-01,3.012595190170146986e-01
1.661923076923076947e-01,4.010000000000000231e-01,3.100334155170291206e-01
1.687692307692307547e-01,4.010000000000000231e-01,2.775880340921798584e-01
1.713461538461538425e-01,4.010000000000000231e-01,2.151252456603041374e-01
1.739230769230769025e-01,4.010000000000000231e-01,1.228060310083646939e-01
1.764999999999999902e-01,4.010000000000000231e-01,6.303901363361823478e-04
1.790769230769230780e-01,4.010000000000000231e-01,-1.514016769557422759e-01
1.816538461538461380e-01,4.010000000000000231e-01,-3.332901702679142431e-01
1.842307692307692257e-01,4.010000000000000231e-01,-5.450350898001420363e-01
1.868076923076922857e-01,4.010000000000000231e-01,-7.866364355524574359e-01
1.893846153846153735e-01,4.010000000000000231e-01,-1.058094207524837849e+00
1.919615384615384612e-01,4.010000000000000231e-01,-1.359408405717282609e+00
1.945384615384615212e-01,4.010000000000000231e-01,-1.690579030129809590e+00
1.971153846153846090e-01,4.010000000000000231e-01,-2.051606080762407025e+00
1.996923076923076690e-01,4.010000000000000231e-01,-2.442489557615075135e+00
2.022692307692307567e-01,4.010000000000000231e-01,-2.863229460687818140e+00
2.048461538461538445e-01,4.010000000000000231e-01,-3.313825789980631153e+00
2.074230769230769045e-01,4.010000000000000231e-01,-3.794278545493517729e+00
2.099999999999999922e-01,4.010000000000000231e-01,0.000000000000000000e+00
2.099999999999999922e-01,4.010000000000000231e-01,0.000000000000000000e+00
2.125045045045045045e-01,4.010000000000000231e-01,0.000000000000000000e+00
2.150090090090089889e-01,4.010000000000000231e-01,0.000000000000000000e+00
2.175135135135135012e-01,4.010000000000000231e-01,0.000000000000000000e+00
2.200180180180180134e-01,4.010000000000000231e-01,0.000000000000000000e+00
2.225225225225225256e-01,4.010000000000000231e-01,0.000000000000000000e+00
2.250270270270270101e-01,4.010000000000000231e-01,0.000000000000000000e+00
2.275315315315315223e-01,4.010000000000000231e-01,0.000000000000000000e+00
2.300360360360360346e-01,4.010000000000000231e-01,0.000000000000000000e+00
2.325405405405405468e-01,4.010000000000000231e-01,0.000000000000000000e+00
2.350450450450450313e-01,4.010000000000000231e-01,0.000000000000000000e+00
2.375495495495495435e-01,4.010000000000000231e-01,0.000000000000000000e+00
2.400540540540540557e-01,4.010000000000000231e-01,0.000000000000000000e+00
2.425585585585585680e-01,4.010000000000000231e-01,0.000000000000000000e+00
2.450630630630630524e-01,4.010000000000000231e-01,0.000000000000000000e+00
2.475675675675675647e-01,4.010000000000000231e-01,0.000000000000000000e+00
2.500720720720720491e-01,4.010000000000000231e-01,0.000000000000000000e+00
2.525765765765765614e-01,4.010000000000000231e-01,0.000000000000000000e+00
2.550810810810810736e-01,4.010000000000000231e-01,0.000000000000000000e+00
2.575855855855855858e-01,4.010000000000000231e-01,0.000000000000000000e+00
2.600900900900900981e-01,4.010000000000000231e-01,0.000000000000000000e+00
2.625945945945946103e-01,4.010000000000000231e-01,0.000000000000000000e+00
2.650990990990991225e-01,4.010000000000000231e-01,0.000000000000000000e+00
2.676036036036035792e-01,4.010000000000000231e-01,0.000000000000000000e+00
2.701081081081080915e-01,4.010000000000000231e-01,0.000000000000000000e+00
2.726126126126126037e-01,4.010000000000000231e-01,0.000000000000000000e+00
2.751171171171171159e-01,4.010000000000000231e-01,0.000000000000000000e+00
2.776216216216216282e-01,4.010000000000000231e-01,0.000000000000000000e+00
2.801261261261261404e-01,4.010000000000000231e-01,0.000000000000000000e+00
2.826306306306306526e-01,4.010000000000000231e-01,0.000000000000000000e+00
2.851351351351351093e-01,4.010000000000000231e-01,0.000000000000000000e+00
2.876396396396396771e-01,4.010000000000000231e-01,0.000000000000000000e+00
2.901441441441441338e-01,4.010000000000000231e-01,0.000000000000000000e+00
2.926486486486486460e-01,4.010000000000000231e-01,0.000000000000000000e+00
2.951531531531531583e-01,4.010000000000000231e-01,0.000000000000000000e+00
2.976576576576576705e-01,4.010000000000000231e-01,0.000000000000000000e+00
3.001621621621621827e-01,4.010000000000000231e-01,0.000000000000000000e+00
3.026666666666666394e-01,4.010000000000000231e-01,0.000000000000000000e+00
3.051711711711712072e-01,4.010000000000000231e-01,0.000000000000000000e+00
3.076756756756756639e-01,4.010000000000000231e-01,0.000000000000000000e+00
3.101801801801801761e-01,4.010000000000000231e-01,0.000000000000000000e+00
3.126846846846846883e-01,4.010000000000000231e-01,0.000000000000000000e+00
3.151891891891892006e-01,4.010000000000000231e-01,0.000000000000000000e+00
3.176936936936937128e-01,4.010000000000000231e-01,0.000000000000000000e+00
3.201981981981982250e-01,4.010000000000000231e-01,0.000000000000000000e+00
3.227027027027027373e-01,4.010000000000000231e-01,0.000000000000000000e+00
3.252072072072071940e-01,4.010000000000000231e-01,0.000000000000000000e+00
3.277117117117117062e-01,4.010000000000000231e-01,0.000000000000000000e+00
3.302162162162162184e-01,4.010000000000000231e-01,0.000000000000000000e+00
3.327207207207207307e-01,4.010000000000000231e-01,0.000000000000000000e+00
3.352252252252252429e-01,4.010000000000000231e-01,0.000000000000000000e+00
3.377297297297296996e-01,4.010000000000000231e-01,0.000000000000000000e+00
3.402342342342342674e-01,4.010000000000000231e-01,0.000000000000000000e+00
3.427387387387387241e-01,4.010000000000000231e-01,0.000000000000000000e+00
3.452432432432432918e-01,4.010000000000000231e-01,0.000000000000000000e+00
3.477477477477477485e-01,4.010000000000000231e-01,0.000000000000000000e+00
3.502522522522522608e-01,4.010000000000000231e-01,0.000000000000000000e+00
3.527567567567567730e-01,4.010000000000000231e-01,0.000000000000000000e+00
3.552612612612612852e-01,4.010000000000000231e-01,0.000000000000000000e+00
3.577657657657657975e-01,4.010000000000000231e-01,0.000000000000000000e+00
3.602702702702702542e-01,4.010000000000000231e-01,0.000000000000000000e+00
3.627747747747748219e-01,4.010000000000000231e-01,0.000000000000000000e+00
3.652792792792792786e-01,4.010000000000000231e-01,0.000000000000000000e+00
3.677837837837837909e-01,4.010000000000000231e-01,0.000000000000000000e+00
3.702882882882883031e-01,4.010000000000000231e-01,0.000000000000000000e+00
3.727927927927928153e-01,4.010000000000000231e-01,0.000000000000000000e+00
3.752972972972973276e-01,4.010000000000000231e-01,0.000000000000000000e+00
3.778018018018017843e-01,4.010000000000000231e-01,0.000000000000000000e+00
3.803063063063063520e-01,4.010000000000000231e-01,0.000000000000000000e+00
3.828108108108108087e-01,4.010000000000000231e-01,0.000000000000000000e+00
3.853153153153153210e-01,4.010000000000000231e-01,0.000000000000000000e+00
3.878198198198198332e-01,4.010000000000000231e-01,0.000000000000000000e+00
3.903243243243243454e-01,4.010000000000000231e-01,0.000000000000000000e+00
3.928288288288288577e-01,4.010000000000000231e-01,0.000000000000000000e+00
3.953333333333333144e-01,4.010000000000000231e-01,0.000000000000000000e+00
3.978378378378378821e-01,4.010000000000000231e-01,0.000000000000000000e+00
4.003423423423423388e-01,4.010000000000000231e-01,0.000000000000000000e+00
4.028468468468469066e-01,4.010000000000000231e-01,0.000000000000000000e+00
4.053513513513513633e-01,4.010000000000000231e-01,0.000000000000000000e+00
4.078558558558558755e-01,4.010000000000000231e-01,0.000000000000000000e+00
4.103603603603603878e-01,4.010000000000000231e-01,0.000000000000000000e+00
4.128648648648648445e-01,4.010000000000000231e-01,0.000000000000000000e+00
4.153693693693694122e-01,4.010000000000000231e-01,0.000000000000000000e+00
4.178738738738738689e-01,4.010000000000000231e-01,0.000000000000000000e+00
4.203783783783784367e-01,4.010000000000000231e-01,0.000000000000000000e+00
4.228828828828828934e-01,4.010000000000000231e-01,0.000000000000000000e+00
4.253873873873874056e-01,4.010000000000000231e-01,0.000000000000000000e+00
4.278918918918919179e-01,4.010000000000000231e-01,0.000000000000000000e+00
4.303963963963964301e-01,4.010000000000000231e-01,0.000000000000000000e+00
4.329009009009009423e-01,4.010000000000000231e-01,0.000000000000000000e+00
4.354054054054053990e-01,4.010000000000000231e-01,0.000000000000000000e+00
4.379099099099099668e-01,4.010000000000000231e-01,0.000000000000000000e+00
4.404144144144144235e-01,4.010000000000000231e-01,0.000000000000000000e+00
4.429189189189189357e-01,4.010000000000000231e-01,0.000000000000000000e+00
4.454234234234234480e-01,4.010000000000000231e-01,0.000000000000000000e+00
4.479279279279279602e-01,4.010000000000000231e-01,0.000000000000000000e+00
4.504324324324324724e-01,4.010000000000000231e-01,0.000000000000000000e+00
4.529369369369369291e-01,4.010000000000000231e-01,0.000000000000000000e+00
4.554414414414414969e-01,4.010000000000000231e-01,0.000000000000000000e+00
4.579459459459459536e-01,4.010000000000000231e-01,0.000000000000000000e+00
4.604504504504505213e-01,4.010000000000000231e-01,0.000000000000000000e+00
4.629549549549549781e-01,4.010000000000000231e-01,0.000000000000000000e+00
4.654594594594594348e-01,4.010000000000000231e-01,0.000000000000000000e+00
4.679639639639640025e-01,4.010000000000000231e-01,0.000000000000000000e+00
4.704684684684684592e-01,4.010000000000000231e-01,0.000000000000000000e+00
4.729729729729730270e-01,4.010000000000000231e-01,0.000000000000000000e+00
4.754774774774774837e-01,4.010000000000000231e-01,0.000000000000000000e+00
4.779819819819820514e-01,4.010000000000000231e-01,0.000000000000000000e+00
4.804864864864865082e-01,4.010000000000000231e-01,0.000000000000000000e+00
4.829909909909910759e-01,4.010000000000000231e-01,0.000000000000000000e+00
4.854954954954955326e-01,4.010000000000000231e-01,0.000000000000000000e+00
4.879999999999999893e-01,4.010000000000000231e-01,0.000000000000000000e+00
4.905045045045045571e-01,4.010000000000000231e-01,0.000000000000000000e+00
4.930090090090090138e-01,4.010000000000000231e-01,0.000000000000000000e+00
4.955135135135135815e-01,4.010000000000000231e-01,0.000000000000000000e+00
4.980180180180180383e-01,4.010000000000000231e-01,0.000000000000000000e+00
5.005225225225226060e-01,4.010000000000000231e-01,0.000000000000000000e+00
5.030270270270270627e-01,4.010000000000000231e-01,0.000000000000000000e+00
5.055315315315315194e-01,4.010000000000000231e-01,0.000000000000000000e+00
5.080360360360360872e-01,4.010000000000000231e-01,0.000000000000000000e+00
5.105405405405405439e-01,4.010000000000000231e-01,0.000000000000000000e+00
5.130450450450451116e-01,4.010000000000000231e-01,0.000000000000000000e+00
5.155495495495495684e-01,4.010000000000000231e-01,0.000000000000000000e+00
5.180540540540541361e-01,4.010000000000000231e-01,0.000000000000000000e+00
5.205585585585585928e-01,4.010000000000000231e-01,0.000000000000000000e+00
5.230630630630630495e-01,4.010000000000000231e-01,0.000000000000000000e+00
5.255675675675676173e-01,4.010000000000000231e-01,0.000000000000000000e+00
5.280720720720720740e-01,4.010000000000000231e-01,0.000000000000000000e+00
5.305765765765766417e-01,4.010000000000000231e-01,0.000000000000000000e+00
5.330810810810810985e-01,4.010000000000000231e-01,0.000000000000000000e+00
5.355855855855856662e-01,4.010000000000000231e-01,0.000000000000000000e+00
5.380900900900901229e-01,4.010000000000000231e-01,0.000000000000000000e+00
5.405945945945945796e-01,4.010000000000000231e-01,0.000000000000000000e+00
5.430990990990991474e-01,4.010000000000000231e-01,0.000000000000000000e+00
5.456036036036036041e-01,4.010000000000000231e-01,0.000000000000000000e+00
5.481081081081081718e-01,4.010000000000000231e-01,0.000000000000000000e+00
5.506126126126126286e-01,4.010000000000000231e-01,0.000000000000000000e+00
5.531171171171171963e-01,4.010000000000000231e-01,0.000000000000000000e+00
5.556216216216216530e-01,4.010000000000000231e-01,0.000000000000000000e+00
5.581261261261262208e-01,4.010000000000000231e-01,0.000000000000000000e+00
5.606306306306306775e-01,4.010000000000000231e-01,0.000000000000000000e+00
5.631351351351351342e-01,4.010000000000000231e-01,0.000000000000000000e+00
5.656396396396397019e-01,4.010000000000000231e-01,0.000000000000000000e+00
5.681441441441441587e-01,4.010000000000000231e-01,0.000000000000000000e+00
5.706486486486487264e-01,4.010000000000000231e-01,0.000000000000000000e+00
5.731531531531531831e-01,4.010000000000000231e-01,0.000000000000000000e+00
5.756576576576577509e-01,4.010000000000000231e-01,0.000000000000000000e+00
5.781621621621622076e-01,4.010000000000000231e-01,0.000000000000000000e+00
5.806666666666666643e-01,4.010000000000000231e-01,0.000000000000000000e+00
5.831711711711712320e-01,4.010000000000000231e-01,0.000000000000000000e+00
5.856756756756756888e-01,4.010000000000000231e-01,0.000000000000000000e+00
5.881801801801802565e-01,4.010000000000000231e-01,0.000000000000000000e+00
5.906846846846847132e-01,4.010000000000000231e-01,0.000000000000000000e+00
5.931891891891892810e-01,4.010000000000000231e-01,0.000000000000000000e+00
5.956936936936937377e-01,4.010000000000000231e-01,0.000000000000000000e+00
5.981981981981981944e-01,4.010000000000000231e-01,0.000000000000000000e+00
6.007027027027027621e-01,4.010000000000000231e-01,0.000000000000000000e+00
6.032072072072072189e-01,4.010000000000000231e-01,0.000000000000000000e+00
6.057117117117117866e-01,4.010000000000000231e-01,0.000000000000000000e+00
6.082162162162162433e-01,4.010000000000000231e-01,0.000000000000000000e+00
6.107207207207208111e-01,4.010000000000000231e-01,0.000000000000000000e+00
6.132252252252252678e-01,4.010000000000000231e-01,0.000000000000000000e+00
6.157297297297297245e-01,4.010000000000000231e-01,0.000000000000000000e+00
6.182342342342342922e-01,4.010000000000000231e-01,0.000000000000000000e+00
6.207387387387387490e-01,4.010000000000000231e-01,0.000000000000000000e+00
6.232432432432433167e-01,4.010000000000000231e-01,0.000000000000000000e+00
6.257477477477477734e-01,4.010000000000000231e-01,0.000000000000000000e+00
6.282522522522523412e-01,4.010000000000000231e-01,0.000000000000000000e+00
6.307567567567567979e-01,4.010000000000000231e-01,0.000000000000000000e+00
6.332612612612613656e-01,4.010000000000000231e-01,0.000000000000000000e+00
6.357657657657658223e-01,4.010000000000000231e-01,0.000000000000000000e+00
6.382702702702702791e-01,4.010000000000000231e-01,0.000000000000000000e+00
6.407747747747748468e-01,4.010000000000000231e-01,0.000000000000000000e+00
6.432792792792793035e-01,4.010000000000000231e-01,0.000000000000000000e+00
6.457837837837838713e-01,4.010000000000000231e-01,0.000000000000000000e+00
6.482882882882883280e-01,4.010000000000000231e-01,0.000000000000000000e+00
6.507927927927928957e-01,4.010000000000000231e-01,0.000000000000000000e+00
6.532972972972973524e-01,4.010000000000000231e-01,0.000000000000000000e+00
6.558018018018018092e-01,4.010000000000000231e-01,0.000000000000000000e+00
6.583063063063063769e-01,4.010000000000000231e-01,0.000000000000000000e+00
6.608108108108108336e-01,4.010000000000000231e-01,0.000000000000000000e+00
6.633153153153154014e-01,4.010000000000000231e-01,0.000000000000000000e+00
6.658198198198198581e-01,4.010000000000000231e-01,0.000000000000000000e+00
6.683243243243244258e-01,4.010000000000000231e-01,0.000000000000000000e+00
6.708288288288288825e-01,4.010000000000000231e-01,0.000000000000000000e+00
6.733333333333333393e-01,4.010000000000000231e-01,0.000000000000000000e+00
6.758378378378379070e-01,4.010000000000000231e-01,0.000000000000000000e+00
6.783423423423423637e-01,4.010000000000000231e-01,0.000000000000000000e+00
6.808468468468469315e-01,4.010000000000000231e-01,0.000000000000000000e+00
6.833513513513513882e-01,4.010000000000000231e-01,0.000000000000000000e+00
6.858558558558559559e-01,4.010000000000000231e-01,0.000000000000000000e+00
6.883603603603604126e-01,4.010000000000000231e-01,0.000000000000000000e+00
6.908648648648648694e-01,4.010000000000000231e-01,0.000000000000000000e+00
6.933693693693694371e-01,4.010000000000000231e-01,0.000000000000000000e+00
6.958738738738738938e-01,4.010000000000000231e-01,0.000000000000000000e+00
6.983783783783784616e-01,4.010000000000000231e-01,0.000000000000000000e+00
7.008828828828829183e-01,4.010000000000000231e-01,0.000000000000000000e+00
7.033873873873874860e-01,4.010000000000000231e-01,0.000000000000000000e+00
7.058918918918919427e-01,4.010000000000000231e-01,0.000000000000000000e+00
7.083963963963965105e-01,4.010000000000000231e-01,0.000000000000000000e+00
7.109009009009009672e-01,4.010000000000000231e-01,0.000000000000000000e+00
7.134054054054054239e-01,4.010000000000000231e-01,0.000000000000000000e+00
7.159099099099099917e-01,4.010000000000000231e-01,0.000000000000000000e+00
7.184144144144144484e-01,4.010000000000000231e-01,0.000000000000000000e+00
7.209189189189189051e-01,4.010000000000000231e-01,0.000000000000000000e+00
7.234234234234234728e-01,4.010000000000000231e-01,0.000000000000000000e+00
7.259279279279279296e-01,4.010000000000000231e-01,0.000000000000000000e+00
7.284324324324324973e-01,4.010000000000000231e-01,0.000000000000000000e+00
7.309369369369369540e-01,4.010000000000000231e-01,0.000000000000000000e+00
7.334414414414415218e-01,4.010000000000000231e-01,0.000000000000000000e+00
7.359459459459459785e-01,4.010000000000000231e-01,0.000000000000000000e+00
7.384504504504504352e-01,4.010000000000000231e-01,0.000000000000000000e+00
7.409549549549550029e-01,4.010000000000000231e-01,0.000000000000000000e+00
7.434594594594594597e-01,4.010000000000000231e-01,0.000000000000000000e+00
7.459639639639640274e-01,4.010000000000000231e-01,0.000000000000000000e+00
7.484684684684684841e-01,4.010000000000000231e-01,0.000000000000000000e+00
7.509729729729730519e-01,4.010000000000000231e-01,0.000000000000000000e+00
7.534774774774775086e-01,4.010000000000000231e-01,0.000000000000000000e+00
7.559819819819820763e-01,4.010000000000000231e-01,0.000000000000000000e+00
7.584864864864865330e-01,4.010000000000000231e-01,0.000000000000000000e+00
7.609909909909909898e-01,4.010000000000000231e-01,0.000000000000000000e+00
7.634954954954955575e-01,4.010000000000000231e-01,0.000000000000000000e+00
7.660000000000000142e-01,4.010000000000000231e-01,0.000000000000000000e+00
7.685045045045045820e-01,4.010000000000000231e-01,0.000000000000000000e+00
7.710090090090090387e-01,4.010000000000000231e-01,0.000000000000000000e+00
7.735135135135136064e-01,4.010000000000000231e-01,0.000000000000000000e+00
7.760180180180180631e-01,4.010000000000000231e-01,0.000000000000000000e+00
7.785225225225225198e-01,4.010000000000000231e-01,0.000000000000000000e+00
7.810270270270270876e-01,4.010000000000000231e-01,0.000000000000000000e+00
7.835315315315315443e-01,4.010000000000000231e-01,0.000000000000000000e+00
7.860360360360361121e-01,4.010000000000000231e-01,0.000000000000000000e+00
7.885405405405405688e-01,4.010000000000000231e-01,0.000000000000000000e+00
7.910450450450451365e-01,4.010000000000000231e-01,0.000000000000000000e+00
7.935495495495495932e-01,4.010000000000000231e-01,0.000000000000000000e+00
7.960540540540540499e-01,4.010000000000000231e-01,0.000000000000000000e+00
7.985585585585586177e-01,4.010000000000000231e-01,0.000000000000000000e+00
8.010630630630630744e-01,4.010000000000000231e-01,0.000000000000000000e+00
8.035675675675676422e-01,4.010000000000000231e-01,0.000000000000000000e+00
8.060720720720720989e-01,4.010000000000000231e-01,0.000000000000000000e+00
8.085765765765766666e-01,4.010000000000000231e-01,0.000000000000000000e+00
8.110810810810811233e-01,4.010000000000000231e-01,0.000000000000000000e+00
8.135855855855855800e-01,4.010000000000000231e-01,0.000000000000000000e+00
8.160900900900901478e-01,4.010000000000000231e-01,0.000000000000000000e+00
8.185945945945946045e-01,4.010000000000000231e-01,0.000000000000000000e+00
8.210990990990991722e-01,4.010000000000000231e-01,0.000000000000000000e+00
8.236036036036036290e-01,4.010000000000000231e-01,0.000000000000000000e+00
8.261081081081081967e-01,4.010000000000000231e-01,0.000000000000000000e+00
8.286126126126126534e-01,4.010000000000000231e-01,0.000000000000000000e+00
8.311171171171172212e-01,4.010000000000000231e-01,0.000000000000000000e+00
8.336216216216216779e-01,4.010000000000000231e-01,0.000000000000000000e+00
8.361261261261261346e-01,4.010000000000000231e-01,0.000000000000000000e+00
8.386306306306307023e-01,4.010000000000000231e-01,0.000000000000000000e+00
8.411351351351351591e-01,4.010000000000000231e-01,0.000000000000000000e+00
8.436396396396397268e-01,4.010000000000000231e-01,0.000000000000000000e+00
8.461441441441441835e-01,4.010000000000000231e-01,0.000000000000000000e+00
8.486486486486487513e-01,4.010000000000000231e-01,0.000000000000000000e+00
8.511531531531532080e-01,4.010000000000000231e-01,0.000000000000000000e+00
8.536576576576576647e-01,4.010000000000000231e-01,0.000000000000000000e+00
8.561621621621622324e-01,4.010000000000000231e-01,0.000000000000000000e+00
8.586666666666666892e-01,4.010000000000000231e-01,0.000000000000000000e+00
8.611711711711712569e-01,4.010000000000000231e-01,0.000000000000000000e+00
8.636756756756757136e-01,4.010000000000000231e-01,0.000000000000000000e+00
8.661801801801802814e-01,4.010000000000000231e-01,0.000000000000000000e+00
8.686846846846847381e-01,4.010000000000000231e-01,0.000000000000000000e+00
8.711891891891891948e-01,4.010000000000000231e-01,0.000000000000000000e+00
8.736936936936937625e-01,4.010000000000000231e-01,0.000000000000000000e+00
8.761981981981982193e-01,4.010000000000000231e-01,0.000000000000000000e+00
8.787027027027027870e-01,4.010000000000000231e-01,0.000000000000000000e+00
8.812072072072072437e-01,4.010000000000000231e-01,0.000000000000000000e+00
8.837117117117118115e-01,4.010000000000000231e-01,0.000000000000000000e+00
8.862162162162162682e-01,4.010000000000000231e-01,0.000000000000000000e+00
8.887207207207208359e-01,4.010000000000000231e-01,0.000000000000000000e+00
8.912252252252252926e-01,4.010000000000000231e-01,0.000000000000000000e+00
8.937297297297297494e-01,4.010000000000000231e-01,0.000000000000000000e+00
8.962342342342343171e-01,4.010000000000000231e-01,0.000000000000000000e+00
8.987387387387387738e-01,4.010000000000000231e-01,0.000000000000000000e+00
9.012432432432433416e-01,4.010000000000000231e-01,0.000000000000000000e+00
9.037477477477477983e-01,4.010000000000000231e-01,0.000000000000000000e+00
9.062522522522523660e-01,4.010000000000000231e-01,0.000000000000000000e+00
9.087567567567568227e-01,4.010000000000000231e-01,0.000000000000000000e+00
9.112612612612612795e-01,4.010000000000000231e-01,0.000000000000000000e+00
9.137657657657658472e-01,4.010000000000000231e-01,0.000000000000000000e+00
9.162702702702703039e-01,4.010000000000000231e-01,0.000000000000000000e+00
9.187747747747748717e-01,4.010000000000000231e-01,0.000000000000000000e+00
9.212792792792793284e-01,4.010000000000000231e-01,0.000000000000000000e+00
9.237837837837838961e-01,4.010000000000000231e-01,0.000000000000000000e+00
9.262882882882883528e-01,4.010000000000000231e-01,0.000000000000000000e+00
9.287927927927928096e-01,4.010000000000000231e-01,0.000000000000000000e+00
9.312972972972973773e-01,4.010000000000000231e-01,0.000000000000000000e+00
9.338018018018018340e-01,4.010000000000000231e-01,0.000000000000000000e+00
9.363063063063064018e-01,4.010000000000000231e-01,0.000000000000000000e+00
9.388108108108108585e-01,4.010000000000000231e-01,0.000000000000000000e+00
9.413153153153154262e-01,4.010000000000000231e-01,0.000000000000000000e+00
9.438198198198198829e-01,4.010000000000000231e-01,0.000000000000000000e+00
9.463243243243243397e-01,4.010000000000000231e-01,0.000000000000000000e+00
9.488288288288289074e-01,4.010000000000000231e-01,0.000000000000000000e+00
9.513333333333333641e-01,4.010000000000000231e-01,0.000000000000000000e+00
9.538378378378379319e-01,4.010000000000000231e-01,0.000000000000000000e+00
9.563423423423423886e-01,4.010000000000000231e-01,0.000000000000000000e+00
9.588468468468469563e-01,4.010000000000000231e-01,0.000000000000000000e+00
9.613513513513514130e-01,4.010000000000000231e-01,0.000000000000000000e+00
9.638558558558559808e-01,4.010000000000000231e-01,0.000000000000000000e+00
9.663603603603604375e-01,4.010000000000000231e-01,0.000000000000000000e+00
9.688648648648648942e-01,4.010000000000000231e-01,0.000000000000000000e+00
9.713693693693694620e-01,4.010000000000000231e-01,0.000000000000000000e+00
9.738738738738739187e-01,4.010000000000000231e-01,0.000000000000000000e+00
9.763783783783784864e-01,4.010000000000000231e-01,0.000000000000000000e+00
9.788828828828829431e-01,4.010000000000000231e-01,0.000000000000000000e+00
9.813873873873875109e-01,4.010000000000000231e-01,0.000000000000000000e+00
9.838918918918919676e-01,4.010000000000000231e-01,0.000000000000000000e+00
9.863963963963964243e-01,4.010000000000000231e-01,0.000000000000000000e+00
9.889009009009009921e-01,4.010000000000000231e-01,0.000000000000000000e+00
9.914054054054054488e-01,4.010000000000000231e-01,0.000000000000000000e+00
9.939099099099100165e-01,4.010000000000000231e-01,0.000000000000000000e+00
9.964144144144144732e-01,4.010000000000000231e-01,0.000000000000000000e+00
9.989189189189190410e-01,4.010000000000000231e-01,0.000000000000000000e+00
1.001423423423423609e+00,4.010000000000000231e-01,0.000000000000000000e+00
1.003927927927928065e+00,4.010000000000000231e-01,0.000000000000000000e+00
1.006432432432432522e+00,4.010000000000000231e-01,0.000000000000000000e+00
1.008936936936936979e+00,4.010000000000000231e-01,0.000000000000000000e+00
1.011441441441441658e+00,4.010000000000000231e-01,0.000000000000000000e+00
1.013945945945946114e+00,4.010000000000000231e-01,0.000000000000000000e+00
1.016450450450450571e+00,4.010000000000000231e-01,0.000000000000000000e+00
1.018954954954955028e+00,4.010000000000000231e-01,0.000000000000000000e+00
1.021459459459459485e+00,4.010000000000000231e-01,0.000000000000000000e+00
1.023963963963964163e+00,4.010000000000000231e-01,0.000000000000000000e+00
1.026468468468468620e+00,4.010000000000000231e-01,0.000000000000000000e+00
1.028972972972973077e+00,4.010000000000000231e-01,0.000000000000000000e+00
1.031477477477477533e+00,4.010000000000000231e-01,0.000000000000000000e+00
1.033981981981982212e+00,4.010000000000000231e-01,0.000000000000000000e+00
1.036486486486486669e+00,4.010000000000000231e-01,0.000000000000000000e+00
1.038990990990991126e+00,4.010000000000000231e-01,0.000000000000000000e+00
1.041495495495495582e+00,4.010000000000000231e-01,0.000000000000000000e+00
1.044000000000000039e+00,4.010000000000000231e-01,0.000000000000000000e+00
1.046504504504504718e+00,4.010000000000000231e-01,0.000000000000000000e+00
1.049009009009009175e+00,4.010000000000000231e-01,0.000000000000000000e+00
1.051513513513513631e+00,4.010000000000000231e-01,0.000000000000000000e+00
1.054018018018018088e+00,4.010000000000000231e-01,0.000000000000000000e+00
1.056522522522522767e+00,4.010000000000000231e-01,0.000000000000000000e+00
1.059027027027027223e+00,4.010000000000000231e-01,0.000000000000000000e+00
1.061531531531531680e+00,4.010000000000000231e-01,0.000000000000000000e+00
1.064036036036036137e+00,4.010000000000000231e-01,0.000000000000000000e+00
1.066540540540540594e+00,4.010000000000000231e-01,0.000000000000000000e+00
1.069045045045045272e+00,4.010000000000000231e-01,0.000000000000000000e+00
1.071549549549549729e+00,4.010000000000000231e-01,0.000000000000000000e+00
1.074054054054054186e+00,4.010000000000000231e-01,0.000000000000000000e+00
1.076558558558558643e+00,4.010000000000000231e-01,0.000000000000000000e+00
1.079063063063063099e+00,4.010000000000000231e-01,0.000000000000000000e+00
1.081567567567567778e+00,4.010000000000000231e-01,0.000000000000000000e+00
1.084072072072072235e+00,4.010000000000000231e-01,0.000000000000000000e+00
1.086576576576576691e+00,4.010000000000000231e-01,0.000000000000000000e+00
1.089081081081081148e+00,4.010000000000000231e-01,0.000000000000000000e+00
1.091585585585585827e+00,4.010000000000000231e-01,0.000000000000000000e+00
1.094090090090090284e+00,4.010000000000000231e-01,0.000000000000000000e+00
1.096594594594594740e+00,4.010000000000000231e-01,0.000000000000000000e+00
1.099099099099099197e+00,4.010000000000000231e-01,0.000000000000000000e+00
1.101603603603603654e+00,4.010000000000000231e-01,0.000000000000000000e+00
1.104108108108108333e+00,4.010000000000000231e-01,0.000000000000000000e+00
1.106612612612612789e+00,4.010000000000000231e-01,0.000000000000000000e+00
1.109117117117117246e+00,4.010000000000000231e-01,0.000000000000000000e+00
1.111621621621621703e+00,4.010000000000000231e-01,0.000000000000000000e+00
1.114126126126126382e+00,4.010000000000000231e-01,0.000000000000000000e+00
1.116630630630630838e+00,4.010000000000000231e-01,0.000000000000000000e+00
1.119135135135135295e+00,4.010000000000000231e-01,0.000000000000000000e+00
1.121639639639639752e+00,4.010000000000000231e-01,0.000000000000000000e+00
1.124144144144144208e+00,4.010000000000000231e-01,0.000000000000000000e+00
1.126648648648648887e+00,4.010000000000000231e-01,0.000000000000000000e+00
1.129153153153153344e+00,4.010000000000000231e-01,0.000000000000000000e+00
1.131657657657657801e+00,4.010000000000000231e-01,0.000000000000000000e+00
1.134162162162162257e+00,4.010000000000000231e-01,0.000000000000000000e+00
1.136666666666666714e+00,4.010000000000000231e-01,0.000000000000000000e+00
1.139171171171171393e+00,4.010000000000000231e-01,0.000000000000000000e+00
1.141675675675675850e+00,4.010000000000000231e-01,0.000000000000000000e+00
1.144180180180180306e+00,4.010000000000000231e-01,0.000000000000000000e+00
1.146684684684684763e+00,4.010000000000000231e-01,0.000000000000000000e+00
1.149189189189189442e+00,4.010000000000000231e-01,0.000000000000000000e+00
1.151693693693693898e+00,4.010000000000000231e-01,0.000000000000000000e+00
1.154198198198198355e+00,4.010000000000000231e-01,0.000000000000000000e+00
1.156702702702702812e+00,4.010000000000000231e-01,0.000000000000000000e+00
1.159207207207207269e+00,4.010000000000000231e-01,0.000000000000000000e+00
1.161711711711711947e+00,4.010000000000000231e-01,0.000000000000000000e+00
1.164216216216216404e+00,4.010000000000000231e-01,0.000000000000000000e+00
1.166720720720720861e+00,4.010000000000000231e-01,0.000000000000000000e+00
1.169225225225225318e+00,4.010000000000000231e-01,0.000000000000000000e+00
1.171729729729729774e+00,4.010000000000000231e-01,0.000000000000000000e+00
1.174234234234234453e+00,4.010000000000000231e-01,0.000000000000000000e+00
1.176738738738738910e+00,4.010000000000000231e-01,0.000000000000000000e+00
1.179243243243243366e+00,4.010000000000000231e-01,0.000000000000000000e+00
1.181747747747747823e+00,4.010000000000000231e-01,0.000000000000000000e+00
1.184252252252252502e+00,4.010000000000000231e-01,0.000000000000000000e+00
1.186756756756756959e+00,4.010000000000000231e-01,0.000000000000000000e+00
1.189261261261261415e+00,4.010000000000000231e-01,0.000000000000000000e+00
1.191765765765765872e+00,4.010000000000000231e-01,0.000000000000000000e+00
1.194270270270270329e+00,4.010000000000000231e-01,0.000000000000000000e+00
1.196774774774775008e+00,4.010000000000000231e-01,0.000000000000000000e+00
1.199279279279279464e+00,4.010000000000000231e-01,0.000000000000000000e+00
1.201783783783783921e+00,4.010000000000000231e-01,0.000000000000000000e+00
1.204288288288288378e+00,4.010000000000000231e-01,0.000000000000000000e+00
1.206792792792793056e+00,4.010000000000000231e-01,0.000000000000000000e+00
1.209297297297297513e+00,4.010000000000000231e-01,0.000000000000000000e+00
1.211801801801801970e+00,4.010000000000000231e-01,0.000000000000000000e+00
1.214306306306306427e+00,4.010000000000000231e-01,0.000000000000000000e+00
1.216810810810810883e+00,4.010000000000000231e-01,0.000000000000000000e+00
1.219315315315315340e+00,4.010000000000000231e-01,0.000000000000000000e+00
1.221819819819820019e+00,4.010000000000000231e-01,0.000000000000000000e+00
1.224324324324324476e+00,4.010000000000000231e-01,0.000000000000000000e+00
1.226828828828828932e+00,4.010000000000000231e-01,0.000000000000000000e+00
1.229333333333333389e+00,4.010000000000000231e-01,0.000000000000000000e+00
1.231837837837837846e+00,4.010000000000000231e-01,0.000000000000000000e+00
1.234342342342342524e+00,4.010000000000000231e-01,0.000000000000000000e+00
1.236846846846846981e+00,4.010000000000000231e-01,0.000000000000000000e+00
1.239351351351351438e+00,4.010000000000000231e-01,0.000000000000000000e+00
1.241855855855855895e+00,4.010000000000000231e-01,0.000000000000000000e+00
1.244360360360360573e+00,4.010000000000000231e-01,0.000000000000000000e+00
1.246864864864865030e+00,4.010000000000000231e-01,0.000000000000000000e+00
1.249369369369369487e+00,4.010000000000000231e-01,0.000000000000000000e+00
1.251873873873873944e+00,4.010000000000000231e-01,0.000000000000000000e+00
1.254378378378378400e+00,4.010000000000000231e-01,0.000000000000000000e+00
1.256882882882883079e+00,4.010000000000000231e-01,0.000000000000000000e+00
1.259387387387387536e+00,4.010000000000000231e-01,0.000000000000000000e+00
1.261891891891891992e+00,4.010000000000000231e-01,0.000000000000000000e+00
1.264396396396396449e+00,4.010000000000000231e-01,0.000000000000000000e+00
1.266900900900900906e+00,4.010000000000000231e-01,0.000000000000000000e+00
1.269405405405405585e+00,4.010000000000000231e-01,0.000000000000000000e+00
1.271909909909910041e+00,4.010000000000000231e-01,0.000000000000000000e+00
1.274414414414414498e+00,4.010000000000000231e-01,0.000000000000000000e+00
1.276918918918918955e+00,4.010000000000000231e-01,0.000000000000000000e+00
1.279423423423423634e+00,4.010000000000000231e-01,0.000000000000000000e+00
1.281927927927928090e+00,4.010000000000000231e-01,0.000000000000000000e+00
1.284432432432432547e+00,4.010000000000000231e-01,0.000000000000000000e+00
1.286936936936937004e+00,4.010000000000000231e-01,0.000000000000000000e+00
1.289441441441441460e+00,4.010000000000000231e-01,0.000000000000000000e+00
1.291945945945946139e+00,4.010000000000000231e-01,0.000000000000000000e+00
1.294450450450450596e+00,4.010000000000000231e-01,0.000000000000000000e+00
1.296954954954955053e+00,4.010000000000000231e-01,0.000000000000000000e+00
1.299459459459459509e+00,4.010000000000000231e-01,0.000000000000000000e+00
1.301963963963964188e+00,4.010000000000000231e-01,0.000000000000000000e+00
1.304468468468468645e+00,4.010000000000000231e-01,0.000000000000000000e+00
1.306972972972973102e+00,4.010000000000000231e-01,0.000000000000000000e+00
1.309477477477477558e+00,4.010000000000000231e-01,0.000000000000000000e+00
1.311981981981982015e+00,4.010000000000000231e-01,0.000000000000000000e+00
1.314486486486486694e+00,4.010000000000000231e-01,0.000000000000000000e+00
1.316990990990991151e+00,4.010000000000000231e-01,0.000000000000000000e+00
1.319495495495495607e+00,4.010000000000000231e-01,0.000000000000000000e+00
1.322000000000000064e+00,4.010000000000000231e-01,0.000000000000000000e+00
1.324504504504504521e+00,4.010000000000000231e-01,0.000000000000000000e+00
1.327009009009009199e+00,4.010000000000000231e-01,0.000000000000000000e+00
1.329513513513513656e+00,4.010000000000000231e-01,0.000000000000000000e+00
1.332018018018018113e+00,4.010000000000000231e-01,0.000000000000000000e+00
1.334522522522522570e+00,4.010000000000000231e-01,0.000000000000000000e+00
1.337027027027027248e+00,4.010000000000000231e-01,0.000000000000000000e+00
1.339531531531531705e+00,4.010000000000000231e-01,0.000000000000000000e+00
1.342036036036036162e+00,4.010000000000000231e-01,0.000000000000000000e+00
1.344540540540540619e+00,4.010000000000000231e-01,0.000000000000000000e+00
1.347045045045045075e+00,4.010000000000000231e-01,0.000000000000000000e+00
1.349549549549549754e+00,4.010000000000000231e-01,0.000000000000000000e+00
1.352054054054054211e+00,4.010000000000000231e-01,0.000000000000000000e+00
1.354558558558558667e+00,4.010000000000000231e-01,0.000000000000000000e+00
1.357063063063063124e+00,4.010000000000000231e-01,0.000000000000000000e+00
1.359567567567567803e+00,4.010000000000000231e-01,0.000000000000000000e+00
1.362072072072072260e+00,4.010000000000000231e-01,0.000000000000000000e+00
1.364576576576576716e+00,4.010000000000000231e-01,0.000000000000000000e+00
1.367081081081081173e+00,4.010000000000000231e-01,0.000000000000000000e+00
1.369585585585585630e+00,4.010000000000000231e-01,0.000000000000000000e+00
1.372090090090090309e+00,4.010000000000000231e-01,0.000000000000000000e+00
1.374594594594594765e+00,4.010000000000000231e-01,0.000000000000000000e+00
1.377099099099099222e+00,4.010000000000000231e-01,0.000000000000000000e+00
1.379603603603603679e+00,4.010000000000000231e-01,0.000000000000000000e+00
1.382108108108108135e+00,4.010000000000000231e-01,0.000000000000000000e+00
1.384612612612612814e+00,4.010000000000000231e-01,0.000000000000000000e+00
1.387117117117117271e+00,4.010000000000000231e-01,0.000000000000000000e+00
1.389621621621621728e+00,4.010000000000000231e-01,0.000000000000000000e+00
1.392126126126126184e+00,4.010000000000000231e-01,0.000000000000000000e+00
1.394630630630630863e+00,4.010000000000000231e-01,0.000000000000000000e+00
1.397135135135135320e+00,4.010000000000000231e-01,0.000000000000000000e+00
1.399639639639639777e+00,4.010000000000000231e-01,0.000000000000000000e+00
1.402144144144144233e+00,4.010000000000000231e-01,0.000000000000000000e+00
1.404648648648648690e+00,4.010000000000000231e-01,0.000000000000000000e+00
1.407153153153153369e+00,4.010000000000000231e-01,0.000000000000000000e+00
1.409657657657657825e+00,4.010000000000000231e-01,0.000000000000000000e+00
1.412162162162162282e+00,4.010000000000000231e-01,0.000000000000000000e+00
1.414666666666666739e+00,4.010000000000000231e-01,0.000000000000000000e+00
1.417171171171171196e+00,4.010000000000000231e-01,0.000000000000000000e+00
1.419675675675675874e+00,4.010000000000000231e-01,0.000000000000000000e+00
1.422180180180180331e+00,4.010000000000000231e-01,0.000000000000000000e+00
1.424684684684684788e+00,4.010000000000000231e-01,0.000000000000000000e+00
1.427189189189189245e+00,4.010000000000000231e-01,0.000000000000000000e+00
1.429693693693693923e+00,4.010000000000000231e-01,0.000000000000000000e+00
1.432198198198198380e+00,4.010000000000000231e-01,0.000000000000000000e+00
1.434702702702702837e+00,4.010000000000000231e-01,0.000000000000000000e+00
1.437207207207207293e+00,4.010000000000000231e-01,0.000000000000000000e+00
1.439711711711711750e+00,4.010000000000000231e-01,0.000000000000000000e+00
1.442216216216216429e+00,4.010000000000000231e-01,0.000000000000000000e+00
1.444720720720720886e+00,4.010000000000000231e-01,0.000000000000000000e+00
1.447225225225225342e+00,4.010000000000000231e-01,0.000000000000000000e+00
1.449729729729729799e+00,4.010000000000000231e-01,0.000000000000000000e+00
1.452234234234234478e+00,4.010000000000000231e-01,0.000000000000000000e+00
1.454738738738738935e+00,4.010000000000000231e-01,0.000000000000000000e+00
1.457243243243243391e+00,4.010000000000000231e-01,0.000000000000000000e+00
1.459747747747747848e+00,4.010000000000000231e-01,0.000000000000000000e+00
1.462252252252252305e+00,4.010000000000000231e-01,0.000000000000000000e+00
1.464756756756756984e+00,4.010000000000000231e-01,0.000000000000000000e+00
1.467261261261261440e+00,4.010000000000000231e-01,0.000000000000000000e+00
1.469765765765765897e+00,4.010000000000000231e-01,0.000000000000000000e+00
1.472270270270270354e+00,4.010000000000000231e-01,0.000000000000000000e+00
1.474774774774774810e+00,4.010000000000000231e-01,0.000000000000000000e+00
1.477279279279279489e+00,4.010000000000000231e-01,0.000000000000000000e+00
1.479783783783783946e+00,4.010000000000000231e-01,0.000000000000000000e+00
1.482288288288288403e+00,4.010000000000000231e-01,0.000000000000000000e+00
1.484792792792792859e+00,4.010000000000000231e-01,0.000000000000000000e+00
1.487297297297297538e+00,4.010000000000000231e-01,0.000000000000000000e+00
1.489801801801801995e+00,4.010000000000000231e-01,0.000000000000000000e+00
1.492306306306306452e+00,4.010000000000000231e-01,0.000000000000000000e+00
1.494810810810810908e+00,4.010000000000000231e-01,0.000000000000000000e+00
1.497315315315315365e+00,4.010000000000000231e-01,0.000000000000000000e+00
1.499819819819820044e+00,4.010000000000000231e-01,0.000000000000000000e+00
1.502324324324324500e+00,4.010000000000000231e-01,0.000000000000000000e+00
1.504828828828828957e+00,4.010000000000000231e-01,0.000000000000000000e+00
1.507333333333333414e+00,4.010000000000000231e-01,0.000000000000000000e+00
1.509837837837838093e+00,4.010000000000000231e-01,0.000000000000000000e+00
1.512342342342342549e+00,4.010000000000000231e-01,0.000000000000000000e+00
1.514846846846847006e+00,4.010000000000000231e-01,0.000000000000000000e+00
1.517351351351351463e+00,4.010000000000000231e-01,0.000000000000000000e+00
1.519855855855855920e+00,4.010000000000000231e-01,0.000000000000000000e+00
1.522360360360360598e+00,4.010000000000000231e-01,0.000000000000000000e+00
1.524864864864865055e+00,4.010000000000000231e-01,0.000000000000000000e+00
1.527369369369369512e+00,4.010000000000000231e-01,0.000000000000000000e+00
1.529873873873873968e+00,4.010000000000000231e-01,0.000000000000000000e+00
1.532378378378378425e+00,4.010000000000000231e-01,0.000000000000000000e+00
1.534882882882883104e+00,4.010000000000000231e-01,0.000000000000000000e+00
1.537387387387387561e+00,4.010000000000000231e-01,0.000000000000000000e+00
1.539891891891892017e+00,4.010000000000000231e-01,0.000000000000000000e+00
1.542396396396396474e+00,4.010000000000000231e-01,0.000000000000000000e+00
1.544900900900901153e+00,4.010000000000000231e-01,0.000000000000000000e+00
1.547405405405405610e+00,4.010000000000000231e-01,0.000000000000000000e+00
1.549909909909910066e+00,4.010000000000000231e-01,0.000000000000000000e+00
1.552414414414414523e+00,4.010000000000000231e-01,0.000000000000000000e+00
1.554918918918918980e+00,4.010000000000000231e-01,0.000000000000000000e+00
1.557423423423423658e+00,4.010000000000000231e-01,0.000000000000000000e+00
1.559927927927928115e+00,4.010000000000000231e-01,0.000000000000000000e+00
1.562432432432432572e+00,4.010000000000000231e-01,0.000000000000000000e+00
1.564936936936937029e+00,4.010000000000000231e-01,0.000000000000000000e+00
1.567441441441441707e+00,4.010000000000000231e-01,0.000000000000000000e+00
1.569945945945946164e+00,4.010000000000000231e-01,0.000000000000000000e+00
1.572450450450450621e+00,4.010000000000000231e-01,0.000000000000000000e+00
1.574954954954955078e+00,4.010000000000000231e-01,0.000000000000000000e+00
1.577459459459459534e+00,4.010000000000000231e-01,0.000000000000000000e+00
1.579963963963964213e+00,4.010000000000000231e-01,0.000000000000000000e+00
1.582468468468468670e+00,4.010000000000000231e-01,0.000000000000000000e+00
1.584972972972973126e+00,4.010000000000000231e-01,0.000000000000000000e+00
1.587477477477477583e+00,4.010000000000000231e-01,0.000000000000000000e+00
1.589981981981982040e+00,4.010000000000000231e-01,0.000000000000000000e+00
1.592486486486486719e+00,4.010000000000000231e-01,0.000000000000000000e+00
1.594990990990991175e+00,4.010000000000000231e-01,0.000000000000000000e+00
1.597495495495495632e+00,4.010000000000000231e-01,0.000000000000000000e+00
