-1.600000000000000089e+00,-1.990000000000000102e-01,0.000000000000000000e+00
-1.597497277676951155e+00,-1.990000000000000102e-01,0.000000000000000000e+00
-1.594994555353901999e+00,-1.990000000000000102e-01,0.000000000000000000e+00
-1.592491833030853066e+00,-1.990000000000000102e-01,0.000000000000000000e+00
-1.589989110707804132e+00,-1.990000000000000102e-01,0.000000000000000000e+00
-1.587486388384754976e+00,-1.990000000000000102e-01,0.000000000000000000e+00
-1.584983666061706042e+00,-1.990000000000000102e-01,0.000000000000000000e+00
-1.582480943738657109e+00,-1.990000000000000102e-01,0.000000000000000000e+00
-1.579978221415608175e+00,-1.990000000000000102e-01,0.000000000000000000e+00
-1.577475499092559019e+00,-1.990000000000000102e-01,0.000000000000000000e+00
-1.574972776769510086e+00,-1.990000000000000102e-01,0.000000000000000000e+00
-1.572470054446461152e+00,-1.990000000000000102e-01,0.000000000000000000e+00
-1.569967332123411996e+00,-1.990000000000000102e-01,0.000000000000000000e+00
-1.567464609800363062e+00,-1.990000000000000102e-01,0.000000000000000000e+00
-1.564961887477314129e+00,-1.990000000000000102e-01,0.000000000000000000e+00
-1.562459165154264973e+00,-1.990000000000000102e-01,0.000000000000000000e+00
-1.559956442831216039e+00,-1.990000000000000102e-01,0.000000000000000000e+00
-1.557453720508167105e+00,-1.990000000000000102e-01,0.000000000000000000e+00
-1.554950998185117950e+00,-1.990000000000000102e-01,0.000000000000000000e+00
-1.552448275862069016e+00,-1.990000000000000102e-01,0.000000000000000000e+00
-1.549945553539020082e+00,-1.990000000000000102e-01,0.000000000000000000e+00
-1.547442831215971148e+00,-1.990000000000000102e-01,0.000000000000000000e+00
-1.544940108892921993e+00,-1.990000000000000102e-01,0.000000000000000000e+00
-1.542437386569873059e+00,-1.990000000000000102e-01,0.000000000000000000e+00
-1.539934664246824125e+00,-1.990000000000000102e-01,0.000000000000000000e+00
-1.537431941923774970e+00,-1.990000000000000102e-01,0.000000000000000000e+00
-1.534929219600726036e+00,-1.990000000000000102e-01,0.000000000000000000e+00
-1.532426497277677102e+00,-1.990000000000000102e-01,0.000000000000000000e+00
-1.529923774954627946e+00,-1.990000000000000102e-01,0.000000000000000000e+00
-1.527421052631579013e+00,-1.990000000000000102e-01,0.000000000000000000e+00
-1.524918330308530079e+00,-1.990000000000000102e-01,0.000000000000000000e+00
-1.522415607985481145e+00,-1.990000000000000102e-01,0.000000000000000000e+00
-1.519912885662431989e+00,-1.990000000000000102e-01,0.000000000000000000e+00
-1.517410163339383056e+00,-1.990000000000000102e-01,0.000000000000000000e+00
-1.514907441016334122e+00,-1.990000000000000102e-01,0.000000000000000000e+00
-1.512404718693284966e+00,-1.990000000000000102e-01,0.000000000000000000e+00
-1.509901996370236033e+00,-1.990000000000000102e-01,0.000000000000000000e+00
-1.507399274047187099e+00,-1.990000000000000102e-01,0.000000000000000000e+00
-1.504896551724137943e+00,-1.990000000000000102e-01,0.000000000000000000e+00
-1.502393829401089009e+00,-1.990000000000000102e-01,0.000000000000000000e+00
-1.499891107078040076e+00,-1.990000000000000102e-01,0.000000000000000000e+00
-1.497388384754990920e+00,-1.990000000000000102e-01,0.000000000000000000e+00
-1.494885662431941986e+00,-1.990000000000000102e-01,0.000000000000000000e+00
-1.492382940108893052e+00,-1.990000000000000102e-01,0.000000000000000000e+00
-1.489880217785843897e+00,-1.990000000000000102e-01,0.000000000000000000e+00
-1.487377495462794963e+00,-1.990000000000000102e-01,0.000000000000000000e+00
-1.484874773139746029e+00,-1.990000000000000102e-01,0.000000000000000000e+00
-1.482372050816697095e+00,-1.990000000000000102e-01,0.000000000000000000e+00
-1.479869328493647940e+00,-1.990000000000000102e-01,0.000000000000000000e+00
-1.477366606170599006e+00,-1.990000000000000102e-01,0.000000000000000000e+00
-1.474863883847550072e+00,-1.990000000000000102e-01,0.000000000000000000e+00
-1.472361161524500917e+00,-1.990000000000000102e-01,0.000000000000000000e+00
-1.469858439201451983e+00,-1.990000000000000102e-01,0.000000000000000000e+00
-1.467355716878403049e+00,-1.990000000000000102e-01,0.000000000000000000e+00
-1.464852994555354115e+00,-1.990000000000000102e-01,0.000000000000000000e+00
-1.462350272232304960e+00,-1.990000000000000102e-01,0.000000000000000000e+00
-1.459847549909256026e+00,-1.990000000000000102e-01,0.000000000000000000e+00
-1.457344827586207092e+00,-1.990000000000000102e-01,0.000000000000000000e+00
-1.454842105263157936e+00,-1.990000000000000102e-01,0.000000000000000000e+00
-1.452339382940109003e+00,-1.990000000000000102e-01,0.000000000000000000e+00
-1.449836660617060069e+00,-1.990000000000000102e-01,0.000000000000000000e+00
-1.447333938294010913e+00,-1.990000000000000102e-01,0.000000000000000000e+00
-1.444831215970961980e+00,-1.990000000000000102e-01,0.000000000000000000e+00
-1.442328493647913046e+00,-1.990000000000000102e-01,0.000000000000000000e+00
-1.439825771324863890e+00,-1.990000000000000102e-01,0.000000000000000000e+00
-1.437323049001814956e+00,-1.990000000000000102e-01,0.000000000000000000e+00
-1.434820326678766023e+00,-1.990000000000000102e-01,0.000000000000000000e+00
-1.432317604355716867e+00,-1.990000000000000102e-01,0.000000000000000000e+00
-1.429814882032667933e+00,-1.990000000000000102e-01,0.000000000000000000e+00
-1.427312159709618999e+00,-1.990000000000000102e-01,0.000000000000000000e+00
-1.424809437386569844e+00,-1.990000000000000102e-01,0.000000000000000000e+00
-1.422306715063520910e+00,-1.990000000000000102e-01,0.000000000000000000e+00
-1.419803992740471976e+00,-1.990000000000000102e-01,0.000000000000000000e+00
-1.417301270417423043e+00,-1.990000000000000102e-01,0.000000000000000000e+00
-1.414798548094373887e+00,-1.990000000000000102e-01,0.000000000000000000e+00
-1.412295825771324953e+00,-1.990000000000000102e-01,0.000000000000000000e+00
-1.409793103448276019e+00,-1.990000000000000102e-01,0.000000000000000000e+00
-1.407290381125226864e+00,-1.990000000000000102e-01,0.000000000000000000e+00
-1.404787658802177930e+00,-1.990000000000000102e-01,0.000000000000000000e+00
-1.402284936479128996e+00,-1.990000000000000102e-01,0.000000000000000000e+00
-1.399782214156080062e+00,-1.990000000000000102e-01,0.000000000000000000e+00
-1.397279491833030907e+00,-1.990000000000000102e-01,0.000000000000000000e+00
-1.394776769509981973e+00,-1.990000000000000102e-01,0.000000000000000000e+00
-1.392274047186933039e+00,-1.990000000000000102e-01,0.000000000000000000e+00
-1.389771324863883883e+00,-1.990000000000000102e-01,0.000000000000000000e+00
-1.387268602540834950e+00,-1.990000000000000102e-01,0.000000000000000000e+00
-1.384765880217786016e+00,-1.990000000000000102e-01,0.000000000000000000e+00
-1.382263157894736860e+00,-1.990000000000000102e-01,0.000000000000000000e+00
-1.379760435571687927e+00,-1.990000000000000102e-01,0.000000000000000000e+00
-1.377257713248638993e+00,-1.990000000000000102e-01,0.000000000000000000e+00
-1.374754990925589837e+00,-1.990000000000000102e-01,0.000000000000000000e+00
-1.372252268602540903e+00,-1.990000000000000102e-01,0.000000000000000000e+00
-1.369749546279491970e+00,-1.990000000000000102e-01,0.000000000000000000e+00
-1.367246823956442814e+00,-1.990000000000000102e-01,0.000000000000000000e+00
-1.364744101633393880e+00,-1.990000000000000102e-01,0.000000000000000000e+00
-1.362241379310344946e+00,-1.990000000000000102e-01,0.000000000000000000e+00
-1.359738656987295791e+00,-1.990000000000000102e-01,0.000000000000000000e+00
-1.357235934664246857e+00,-1.990000000000000102e-01,0.000000000000000000e+00
-1.354733212341197923e+00,-1.990000000000000102e-01,0.000000000000000000e+00
-1.352230490018148990e+00,-1.990000000000000102e-01,0.000000000000000000e+00
-1.349727767695099834e+00,-1.990000000000000102e-01,0.000000000000000000e+00
-1.347225045372050900e+00,-1.990000000000000102e-01,0.000000000000000000e+00
-1.344722323049001966e+00,-1.990000000000000102e-01,0.000000000000000000e+00
-1.342219600725953033e+00,-1.990000000000000102e-01,0.000000000000000000e+00
-1.339716878402903877e+00,-1.990000000000000102e-01,0.000000000000000000e+00
-1.337214156079854943e+00,-1.990000000000000102e-01,0.000000000000000000e+00
-1.334711433756806009e+00,-1.990000000000000102e-01,0.000000000000000000e+00
-1.332208711433756854e+00,-1.990000000000000102e-01,0.000000000000000000e+00
-1.329705989110707920e+00,-1.990000000000000102e-01,0.000000000000000000e+00
-1.327203266787658986e+00,-1.990000000000000102e-01,0.000000000000000000e+00
-1.324700544464609830e+00,-1.990000000000000102e-01,0.000000000000000000e+00
-1.322197822141560897e+00,-1.990000000000000102e-01,0.000000000000000000e+00
-1.319695099818511963e+00,-1.990000000000000102e-01,0.000000000000000000e+00
-1.317192377495462807e+00,-1.990000000000000102e-01,0.000000000000000000e+00
-1.314689655172413874e+00,-1.990000000000000102e-01,0.000000000000000000e+00
-1.312186932849364940e+00,-1.990000000000000102e-01,0.000000000000000000e+00
-1.309684210526315784e+00,-1.990000000000000102e-01,0.000000000000000000e+00
-1.307181488203266850e+00,-1.990000000000000102e-01,0.000000000000000000e+00
-1.304678765880217917e+00,-1.990000000000000102e-01,0.000000000000000000e+00
-1.302176043557168761e+00,-1.990000000000000102e-01,0.000000000000000000e+00
-1.299673321234119827e+00,-1.990000000000000102e-01,0.000000000000000000e+00
-1.297170598911070893e+00,-1.990000000000000102e-01,0.000000000000000000e+00
-1.294667876588021738e+00,-1.990000000000000102e-01,0.000000000000000000e+00
-1.292165154264972804e+00,-1.990000000000000102e-01,0.000000000000000000e+00
-1.289662431941923870e+00,-1.990000000000000102e-01,0.000000000000000000e+00
-1.287159709618874937e+00,-1.990000000000000102e-01,0.000000000000000000e+00
-1.284656987295825781e+00,-1.990000000000000102e-01,0.000000000000000000e+00
-1.282154264972776847e+00,-1.990000000000000102e-01,0.000000000000000000e+00
-1.279651542649727913e+00,-1.990000000000000102e-01,0.000000000000000000e+00
-1.277148820326678980e+00,-1.990000000000000102e-01,0.000000000000000000e+00
-1.274646098003629824e+00,-1.990000000000000102e-01,0.000000000000000000e+00
-1.272143375680580890e+00,-1.990000000000000102e-01,0.000000000000000000e+00
-1.269640653357531956e+00,-1.990000000000000102e-01,0.000000000000000000e+00
-1.267137931034482801e+00,-1.990000000000000102e-01,0.000000000000000000e+00
-1.264635208711433867e+00,-1.990000000000000102e-01,0.000000000000000000e+00
-1.262132486388384933e+00,-1.990000000000000102e-01,0.000000000000000000e+00
-1.259629764065335777e+00,-1.990000000000000102e-01,0.000000000000000000e+00
-1.257127041742286844e+00,-1.990000000000000102e-01,0.000000000000000000e+00
-1.254624319419237910e+00,-1.990000000000000102e-01,0.000000000000000000e+00
-1.252121597096188754e+00,-1.990000000000000102e-01,0.000000000000000000e+00
-1.249618874773139821e+00,-1.990000000000000102e-01,0.000000000000000000e+00
-1.247116152450090887e+00,-1.990000000000000102e-01,0.000000000000000000e+00
-1.244613430127041731e+00,-1.990000000000000102e-01,0.000000000000000000e+00
-1.242110707803992797e+00,-1.990000000000000102e-01,0.000000000000000000e+00
-1.239607985480943864e+00,-1.990000000000000102e-01,0.000000000000000000e+00
-1.237105263157894708e+00,-1.990000000000000102e-01,0.000000000000000000e+00
-1.234602540834845774e+00,-1.990000000000000102e-01,0.000000000000000000e+00
-1.232099818511796840e+00,-1.990000000000000102e-01,0.000000000000000000e+00
-1.229597096188747685e+00,-1.990000000000000102e-01,0.000000000000000000e+00
-1.227094373865698751e+00,-1.990000000000000102e-01,0.000000000000000000e+00
-1.224591651542649817e+00,-1.990000000000000102e-01,0.000000000000000000e+00
-1.222088929219600884e+00,-1.990000000000000102e-01,0.000000000000000000e+00
-1.219586206896551950e+00,-1.990000000000000102e-01,0.000000000000000000e+00
-1.217083484573502794e+00,-1.990000000000000102e-01,0.000000000000000000e+00
-1.214580762250453860e+00,-1.990000000000000102e-01,0.000000000000000000e+00
-1.212078039927404927e+00,-1.990000000000000102e-01,0.000000000000000000e+00
-1.209575317604355771e+00,-1.990000000000000102e-01,0.000000000000000000e+00
-1.207072595281306837e+00,-1.990000000000000102e-01,0.000000000000000000e+00
-1.204569872958257903e+00,-1.990000000000000102e-01,0.000000000000000000e+00
-1.202067150635208748e+00,-1.990000000000000102e-01,0.000000000000000000e+00
-1.199564428312159814e+00,-1.990000000000000102e-01,0.000000000000000000e+00
-1.197061705989110880e+00,-1.990000000000000102e-01,0.000000000000000000e+00
-1.194558983666061724e+00,-1.990000000000000102e-01,0.000000000000000000e+00
-1.192056261343012791e+00,-1.990000000000000102e-01,0.000000000000000000e+00
-1.189553539019963857e+00,-1.990000000000000102e-01,0.000000000000000000e+00
-1.187050816696914701e+00,-1.990000000000000102e-01,0.000000000000000000e+00
-1.184548094373865768e+00,-1.990000000000000102e-01,0.000000000000000000e+00
-1.182045372050816834e+00,-1.990000000000000102e-01,0.000000000000000000e+00
-1.179542649727767678e+00,-1.990000000000000102e-01,0.000000000000000000e+00
-1.177039927404718744e+00,-1.990000000000000102e-01,0.000000000000000000e+00
-1.174537205081669811e+00,-1.990000000000000102e-01,0.000000000000000000e+00
-1.172034482758620655e+00,-1.990000000000000102e-01,0.000000000000000000e+00
-1.169531760435571721e+00,-1.990000000000000102e-01,0.000000000000000000e+00
-1.167029038112522787e+00,-1.990000000000000102e-01,0.000000000000000000e+00
-1.164526315789473854e+00,-1.990000000000000102e-01,0.000000000000000000e+00
-1.162023593466424698e+00,-1.990000000000000102e-01,0.000000000000000000e+00
-1.159520871143375764e+00,-1.990000000000000102e-01,0.000000000000000000e+00
-1.157018148820326831e+00,-1.990000000000000102e-01,0.000000000000000000e+00
-1.154515426497277897e+00,-1.990000000000000102e-01,0.000000000000000000e+00
-1.152012704174228741e+00,-1.990000000000000102e-01,0.000000000000000000e+00
-1.149509981851179807e+00,-1.990000000000000102e-01,0.000000000000000000e+00
-1.147007259528130874e+00,-1.990000000000000102e-01,0.000000000000000000e+00
-1.144504537205081718e+00,-1.990000000000000102e-01,0.000000000000000000e+00
-1.142001814882032784e+00,-1.990000000000000102e-01,0.000000000000000000e+00
-1.139499092558983850e+00,-1.990000000000000102e-01,0.000000000000000000e+00
-1.136996370235934695e+00,-1.990000000000000102e-01,0.000000000000000000e+00
-1.134493647912885761e+00,-1.990000000000000102e-01,0.000000000000000000e+00
-1.131990925589836827e+00,-1.990000000000000102e-01,0.000000000000000000e+00
-1.129488203266787671e+00,-1.990000000000000102e-01,0.000000000000000000e+00
-1.126985480943738738e+00,-1.990000000000000102e-01,0.000000000000000000e+00
-1.124482758620689804e+00,-1.990000000000000102e-01,0.000000000000000000e+00
-1.121980036297640648e+00,-1.990000000000000102e-01,0.000000000000000000e+00
-1.119477313974591715e+00,-1.990000000000000102e-01,0.000000000000000000e+00
-1.116974591651542781e+00,-1.990000000000000102e-01,0.000000000000000000e+00
-1.114471869328493625e+00,-1.990000000000000102e-01,0.000000000000000000e+00
-1.111969147005444691e+00,-1.990000000000000102e-01,0.000000000000000000e+00
-1.109466424682395758e+00,-1.990000000000000102e-01,0.000000000000000000e+00
-1.106963702359346602e+00,-1.990000000000000102e-01,0.000000000000000000e+00
-1.104460980036297668e+00,-1.990000000000000102e-01,0.000000000000000000e+00
-1.101958257713248734e+00,-1.990000000000000102e-01,0.000000000000000000e+00
-1.099455535390199579e+00,-1.990000000000000102e-01,0.000000000000000000e+00
-1.096952813067150867e+00,-1.990000000000000102e-01,0.000000000000000000e+00
-1.094450090744101711e+00,-1.990000000000000102e-01,0.000000000000000000e+00
-1.091947368421052778e+00,-1.990000000000000102e-01,0.000000000000000000e+00
-1.089444646098003844e+00,-1.990000000000000102e-01,0.000000000000000000e+00
-1.086941923774954688e+00,-1.990000000000000102e-01,0.000000000000000000e+00
-1.084439201451905754e+00,-1.990000000000000102e-01,0.000000000000000000e+00
-1.081936479128856821e+00,-1.990000000000000102e-01,0.000000000000000000e+00
-1.079433756805807665e+00,-1.990000000000000102e-01,0.000000000000000000e+00
-1.076931034482758731e+00,-1.990000000000000102e-01,0.000000000000000000e+00
-1.074428312159709797e+00,-1.990000000000000102e-01,0.000000000000000000e+00
-1.071925589836660642e+00,-1.990000000000000102e-01,0.000000000000000000e+00
-1.069422867513611708e+00,-1.990000000000000102e-01,0.000000000000000000e+00
-1.066920145190562774e+00,-1.990000000000000102e-01,0.000000000000000000e+00
-1.064417422867513618e+00,-1.990000000000000102e-01,0.000000000000000000e+00
-1.061914700544464685e+00,-1.990000000000000102e-01,0.000000000000000000e+00
-1.059411978221415751e+00,-1.990000000000000102e-01,0.000000000000000000e+00
-1.056909255898366595e+00,-1.990000000000000102e-01,0.000000000000000000e+00
-1.054406533575317662e+00,-1.990000000000000102e-01,0.000000000000000000e+00
-1.051903811252268728e+00,-1.990000000000000102e-01,0.000000000000000000e+00
-1.049401088929219572e+00,-1.990000000000000102e-01,0.000000000000000000e+00
-1.046898366606170638e+00,-1.990000000000000102e-01,0.000000000000000000e+00
-1.044395644283121705e+00,-1.990000000000000102e-01,0.000000000000000000e+00
-1.041892921960072549e+00,-1.990000000000000102e-01,0.000000000000000000e+00
-1.039390199637023837e+00,-1.990000000000000102e-01,0.000000000000000000e+00
-1.036887477313974681e+00,-1.990000000000000102e-01,0.000000000000000000e+00
-1.034384754990925526e+00,-1.990000000000000102e-01,0.000000000000000000e+00
-1.031882032667876814e+00,-1.990000000000000102e-01,0.000000000000000000e+00
-1.029379310344827658e+00,-1.990000000000000102e-01,0.000000000000000000e+00
-1.026876588021778725e+00,-1.990000000000000102e-01,0.000000000000000000e+00
-1.024373865698729791e+00,-1.990000000000000102e-01,0.000000000000000000e+00
-1.021871143375680635e+00,-1.990000000000000102e-01,0.000000000000000000e+00
-1.019368421052631701e+00,-1.990000000000000102e-01,0.000000000000000000e+00
-1.016865698729582768e+00,-1.990000000000000102e-01,0.000000000000000000e+00
-1.014362976406533612e+00,-1.990000000000000102e-01,0.000000000000000000e+00
-1.011860254083484678e+00,-1.990000000000000102e-01,0.000000000000000000e+00
-1.009357531760435744e+00,-1.990000000000000102e-01,0.000000000000000000e+00
-1.006854809437386589e+00,-1.990000000000000102e-01,0.000000000000000000e+00
-1.004352087114337655e+00,-1.990000000000000102e-01,0.000000000000000000e+00
-1.001849364791288721e+00,-1.990000000000000102e-01,0.000000000000000000e+00
-9.993466424682396765e-01,-1.990000000000000102e-01,0.000000000000000000e+00
-9.968439201451906317e-01,-1.990000000000000102e-01,0.000000000000000000e+00
-9.943411978221416980e-01,-1.990000000000000102e-01,0.000000000000000000e+00
-9.918384754990926533e-01,-1.990000000000000102e-01,0.000000000000000000e+00
-9.893357531760436085e-01,-1.990000000000000102e-01,0.000000000000000000e+00
-9.868330308529946748e-01,-1.990000000000000102e-01,0.000000000000000000e+00
-9.843303085299456301e-01,-1.990000000000000102e-01,0.000000000000000000e+00
-9.818275862068966964e-01,-1.990000000000000102e-01,0.000000000000000000e+00
-9.793248638838476516e-01,-1.990000000000000102e-01,0.000000000000000000e+00
-9.768221415607986069e-01,-1.990000000000000102e-01,0.000000000000000000e+00
-9.743194192377496732e-01,-1.990000000000000102e-01,0.000000000000000000e+00
-9.718166969147006284e-01,-1.990000000000000102e-01,0.000000000000000000e+00
-9.693139745916515837e-01,-1.990000000000000102e-01,0.000000000000000000e+00
-9.668112522686026500e-01,-1.990000000000000102e-01,0.000000000000000000e+00
-9.643085299455536052e-01,-1.990000000000000102e-01,0.000000000000000000e+00
-9.618058076225046715e-01,-1.990000000000000102e-01,0.000000000000000000e+00
-9.593030852994556268e-01,-1.990000000000000102e-01,0.000000000000000000e+00
-9.568003629764065820e-01,-1.990000000000000102e-01,0.000000000000000000e+00
-9.542976406533576483e-01,-1.990000000000000102e-01,0.000000000000000000e+00
-9.517949183303086036e-01,-1.990000000000000102e-01,0.000000000000000000e+00
-9.492921960072596699e-01,-1.990000000000000102e-01,0.000000000000000000e+00
-9.467894736842106251e-01,-1.990000000000000102e-01,0.000000000000000000e+00
-9.442867513611615804e-01,-1.990000000000000102e-01,0.000000000000000000e+00
-9.417840290381126467e-01,-1.990000000000000102e-01,0.000000000000000000e+00
-9.392813067150636019e-01,-1.990000000000000102e-01,0.000000000000000000e+00
-9.367785843920145572e-01,-1.990000000000000102e-01,0.000000000000000000e+00
-9.342758620689656235e-01,-1.990000000000000102e-01,0.000000000000000000e+00
-9.317731397459165787e-01,-1.990000000000000102e-01,0.000000000000000000e+00
-9.292704174228676450e-01,-1.990000000000000102e-01,0.000000000000000000e+00
-9.267676950998186003e-01,-1.990000000000000102e-01,0.000000000000000000e+00
-9.242649727767695556e-01,-1.990000000000000102e-01,0.000000000000000000e+00
-9.217622504537206218e-01,-1.990000000000000102e-01,0.000000000000000000e+00
-9.192595281306715771e-01,-1.990000000000000102e-01,0.000000000000000000e+00
-9.167568058076226434e-01,-1.990000000000000102e-01,0.000000000000000000e+00
-9.142540834845735986e-01,-1.990000000000000102e-01,0.000000000000000000e+00
-9.117513611615245539e-01,-1.990000000000000102e-01,0.000000000000000000e+00
-9.092486388384756202e-01,-1.990000000000000102e-01,0.000000000000000000e+00
-9.067459165154265754e-01,-1.990000000000000102e-01,0.000000000000000000e+00
-9.042431941923776417e-01,-1.990000000000000102e-01,0.000000000000000000e+00
-9.017404718693285970e-01,-1.990000000000000102e-01,0.000000000000000000e+00
-8.992377495462795522e-01,-1.990000000000000102e-01,0.000000000000000000e+00
-8.967350272232306185e-01,-1.990000000000000102e-01,0.000000000000000000e+00
-8.942323049001815738e-01,-1.990000000000000102e-01,0.000000000000000000e+00
-8.917295825771325291e-01,-1.990000000000000102e-01,0.000000000000000000e+00
-8.892268602540835953e-01,-1.990000000000000102e-01,0.000000000000000000e+00
-8.867241379310345506e-01,-1.990000000000000102e-01,0.000000000000000000e+00
-8.842214156079856169e-01,-1.990000000000000102e-01,0.000000000000000000e+00
-8.817186932849365721e-01,-1.990000000000000102e-01,0.000000000000000000e+00
-8.792159709618875274e-01,-1.990000000000000102e-01,0.000000000000000000e+00
-8.767132486388385937e-01,-1.990000000000000102e-01,0.000000000000000000e+00
-8.742105263157895489e-01,-1.990000000000000102e-01,0.000000000000000000e+00
-8.717078039927406152e-01,-1.990000000000000102e-01,0.000000000000000000e+00
-8.692050816696915705e-01,-1.990000000000000102e-01,0.000000000000000000e+00
-8.667023593466425258e-01,-1.990000000000000102e-01,0.000000000000000000e+00
-8.641996370235935920e-01,-1.990000000000000102e-01,0.000000000000000000e+00
-8.616969147005445473e-01,-1.990000000000000102e-01,0.000000000000000000e+00
-8.591941923774955026e-01,-1.990000000000000102e-01,0.000000000000000000e+00
-8.566914700544465688e-01,-1.990000000000000102e-01,0.000000000000000000e+00
-8.541887477313975241e-01,-1.990000000000000102e-01,0.000000000000000000e+00
-8.516860254083485904e-01,-1.990000000000000102e-01,0.000000000000000000e+00
-8.491833030852995456e-01,-1.990000000000000102e-01,0.000000000000000000e+00
-8.466805807622505009e-01,-1.990000000000000102e-01,0.000000000000000000e+00
-8.441778584392015672e-01,-1.990000000000000102e-01,0.000000000000000000e+00
-8.416751361161525224e-01,-1.990000000000000102e-01,0.000000000000000000e+00
-8.391724137931035887e-01,-1.990000000000000102e-01,0.000000000000000000e+00
-8.366696914700545440e-01,-1.990000000000000102e-01,0.000000000000000000e+00
-8.341669691470054993e-01,-1.990000000000000102e-01,0.000000000000000000e+00
-8.316642468239565655e-01,-1.990000000000000102e-01,0.000000000000000000e+00
-8.291615245009075208e-01,-1.990000000000000102e-01,0.000000000000000000e+00
-8.266588021778584761e-01,-1.990000000000000102e-01,0.000000000000000000e+00
-8.241560798548095423e-01,-1.990000000000000102e-01,0.000000000000000000e+00
-8.216533575317604976e-01,-1.990000000000000102e-01,0.000000000000000000e+00
-8.191506352087115639e-01,-1.990000000000000102e-01,0.000000000000000000e+00
-8.166479128856625191e-01,-1.990000000000000102e-01,0.000000000000000000e+00
-8.141451905626134744e-01,-1.990000000000000102e-01,0.000000000000000000e+00
-8.116424682395645407e-01,-1.990000000000000102e-01,0.000000000000000000e+00
-8.091397459165154959e-01,-1.990000000000000102e-01,0.000000000000000000e+00
-8.066370235934665622e-01,-1.990000000000000102e-01,0.000000000000000000e+00
-8.041343012704175175e-01,-1.990000000000000102e-01,0.000000000000000000e+00
-8.016315789473684728e-01,-1.990000000000000102e-01,0.000000000000000000e+00
-7.991288566243195390e-01,-1.990000000000000102e-01,0.000000000000000000e+00
-7.966261343012704943e-01,-1.990000000000000102e-01,0.000000000000000000e+00
-7.941234119782215606e-01,-1.990000000000000102e-01,0.000000000000000000e+00
-7.916206896551725158e-01,-1.990000000000000102e-01,0.000000000000000000e+00
-7.891179673321234711e-01,-1.990000000000000102e-01,0.000000000000000000e+00
-7.866152450090745374e-01,-1.990000000000000102e-01,0.000000000000000000e+00
-7.841125226860254926e-01,-1.990000000000000102e-01,0.000000000000000000e+00
-7.816098003629764479e-01,-1.990000000000000102e-01,0.000000000000000000e+00
-7.791070780399275142e-01,-1.990000000000000102e-01,0.000000000000000000e+00
-7.766043557168784695e-01,-1.990000000000000102e-01,0.000000000000000000e+00
-7.741016333938295357e-01,-1.990000000000000102e-01,0.000000000000000000e+00
-7.715989110707804910e-01,-1.990000000000000102e-01,0.000000000000000000e+00
-7.690961887477314463e-01,-1.990000000000000102e-01,0.000000000000000000e+00
-7.665934664246825125e-01,-1.990000000000000102e-01,0.000000000000000000e+00
-7.640907441016334678e-01,-1.990000000000000102e-01,0.000000000000000000e+00
-7.615880217785845341e-01,-1.990000000000000102e-01,0.000000000000000000e+00
-7.590852994555354893e-01,-1.990000000000000102e-01,0.000000000000000000e+00
-7.565825771324864446e-01,-1.990000000000000102e-01,0.000000000000000000e+00
-7.540798548094375109e-01,-1.990000000000000102e-01,0.000000000000000000e+00
-7.515771324863884661e-01,-1.990000000000000102e-01,0.000000000000000000e+00
-7.490744101633394214e-01,-1.990000000000000102e-01,0.000000000000000000e+00
-7.465716878402904877e-01,-1.990000000000000102e-01,0.000000000000000000e+00
-7.440689655172414430e-01,-1.990000000000000102e-01,0.000000000000000000e+00
-7.415662431941925092e-01,-1.990000000000000102e-01,0.000000000000000000e+00
-7.390635208711434645e-01,-1.990000000000000102e-01,0.000000000000000000e+00
-7.365607985480944198e-01,-1.990000000000000102e-01,0.000000000000000000e+00
-7.340580762250454860e-01,-1.990000000000000102e-01,0.000000000000000000e+00
-7.315553539019964413e-01,-1.990000000000000102e-01,0.000000000000000000e+00
-7.290526315789475076e-01,-1.990000000000000102e-01,0.000000000000000000e+00
-7.265499092558984628e-01,-1.990000000000000102e-01,0.000000000000000000e+00
-7.240471869328494181e-01,-1.990000000000000102e-01,0.000000000000000000e+00
-7.215444646098004844e-01,-1.990000000000000102e-01,0.000000000000000000e+00
-7.190417422867514397e-01,-1.990000000000000102e-01,0.000000000000000000e+00
-7.165390199637025059e-01,-1.990000000000000102e-01,0.000000000000000000e+00
-7.140362976406534612e-01,-1.990000000000000102e-01,0.000000000000000000e+00
-7.115335753176044165e-01,-1.990000000000000102e-01,0.000000000000000000e+00
-7.090308529945554827e-01,-1.990000000000000102e-01,0.000000000000000000e+00
-7.065281306715064380e-01,-1.990000000000000102e-01,0.000000000000000000e+00
-7.040254083484573933e-01,-1.990000000000000102e-01,0.000000000000000000e+00
-7.015226860254084595e-01,-1.990000000000000102e-01,0.000000000000000000e+00
-6.990199637023594148e-01,-1.990000000000000102e-01,0.000000000000000000e+00
-6.965172413793104811e-01,-1.990000000000000102e-01,0.000000000000000000e+00
-6.940145190562614363e-01,-1.990000000000000102e-01,0.000000000000000000e+00
-6.915117967332123916e-01,-1.990000000000000102e-01,0.000000000000000000e+00
-6.890090744101634579e-01,-1.990000000000000102e-01,0.000000000000000000e+00
-6.865063520871144132e-01,-1.990000000000000102e-01,0.000000000000000000e+00
-6.840036297640654794e-01,-1.990000000000000102e-01,0.000000000000000000e+00
-6.815009074410164347e-01,-1.990000000000000102e-01,0.000000000000000000e+00
-6.789981851179673900e-01,-1.990000000000000102e-01,0.000000000000000000e+00
-6.764954627949184562e-01,-1.990000000000000102e-01,0.000000000000000000e+00
-6.739927404718694115e-01,-1.990000000000000102e-01,0.000000000000000000e+00
-6.714900181488203668e-01,-1.990000000000000102e-01,0.000000000000000000e+00
-6.689872958257714330e-01,-1.990000000000000102e-01,0.000000000000000000e+00
-6.664845735027223883e-01,-1.990000000000000102e-01,0.000000000000000000e+00
-6.639818511796734546e-01,-1.990000000000000102e-01,0.000000000000000000e+00
-6.614791288566244098e-01,-1.990000000000000102e-01,0.000000000000000000e+00
-6.589764065335753651e-01,-1.990000000000000102e-01,0.000000000000000000e+00
-6.564736842105264314e-01,-1.990000000000000102e-01,0.000000000000000000e+00
-6.539709618874773867e-01,-1.990000000000000102e-01,0.000000000000000000e+00
-6.514682395644284529e-01,-1.990000000000000102e-01,0.000000000000000000e+00
-6.489655172413794082e-01,-1.990000000000000102e-01,0.000000000000000000e+00
-6.464627949183303635e-01,-1.990000000000000102e-01,0.000000000000000000e+00
-6.439600725952814297e-01,-1.990000000000000102e-01,0.000000000000000000e+00
-6.414573502722323850e-01,-1.990000000000000102e-01,0.000000000000000000e+00
-6.389546279491833403e-01,-1.990000000000000102e-01,0.000000000000000000e+00
-6.364519056261344065e-01,-1.990000000000000102e-01,0.000000000000000000e+00
-6.339491833030853618e-01,-1.990000000000000102e-01,0.000000000000000000e+00
-6.314464609800364281e-01,-1.990000000000000102e-01,0.000000000000000000e+00
-6.289437386569873834e-01,-1.990000000000000102e-01,0.000000000000000000e+00
-6.264410163339383386e-01,-1.990000000000000102e-01,0.000000000000000000e+00
-6.239382940108894049e-01,-1.990000000000000102e-01,0.000000000000000000e+00
-6.214355716878403602e-01,-1.990000000000000102e-01,0.000000000000000000e+00
-6.189328493647914264e-01,-1.990000000000000102e-01,0.000000000000000000e+00
-6.164301270417423817e-01,-1.990000000000000102e-01,0.000000000000000000e+00
-6.139274047186933370e-01,-1.990000000000000102e-01,0.000000000000000000e+00
-6.114246823956444032e-01,-1.990000000000000102e-01,0.000000000000000000e+00
-6.089219600725953585e-01,-1.990000000000000102e-01,0.000000000000000000e+00
-6.064192377495464248e-01,-1.990000000000000102e-01,0.000000000000000000e+00
-6.039165154264973800e-01,-1.990000000000000102e-01,0.000000000000000000e+00
-6.014137931034483353e-01,-1.990000000000000102e-01,0.000000000000000000e+00
-5.989110707803992906e-01,-1.990000000000000102e-01,0.000000000000000000e+00
-5.964083484573503569e-01,-1.990000000000000102e-01,0.000000000000000000e+00
-5.939056261343014231e-01,-1.990000000000000102e-01,0.000000000000000000e+00
-5.914029038112522674e-01,-1.990000000000000102e-01,0.000000000000000000e+00
-5.889001814882033337e-01,-1.990000000000000102e-01,0.000000000000000000e+00
-5.863974591651543999e-01,-1.990000000000000102e-01,0.000000000000000000e+00
-5.838947368421054662e-01,-1.990000000000000102e-01,0.000000000000000000e+00
-5.813920145190563105e-01,-1.990000000000000102e-01,0.000000000000000000e+00
-5.788892921960073767e-01,-1.990000000000000102e-01,0.000000000000000000e+00
-5.763865698729584430e-01,-1.990000000000000102e-01,0.000000000000000000e+00
-5.738838475499092873e-01,-1.990000000000000102e-01,0.000000000000000000e+00
-5.713811252268603535e-01,-1.990000000000000102e-01,0.000000000000000000e+00
-5.688784029038114198e-01,-1.990000000000000102e-01,0.000000000000000000e+00
-5.663756805807622641e-01,-1.990000000000000102e-01,0.000000000000000000e+00
-5.638729582577133304e-01,-1.990000000000000102e-01,0.000000000000000000e+00
-5.613702359346643966e-01,-1.990000000000000102e-01,0.000000000000000000e+00
-5.588675136116152409e-01,-1.990000000000000102e-01,0.000000000000000000e+00
-5.563647912885663072e-01,-1.990000000000000102e-01,0.000000000000000000e+00
-5.538620689655173734e-01,-1.990000000000000102e-01,0.000000000000000000e+00
-5.513593466424684397e-01,-1.990000000000000102e-01,0.000000000000000000e+00
-5.488566243194192840e-01,-1.990000000000000102e-01,0.000000000000000000e+00
-5.463539019963703502e-01,-1.990000000000000102e-01,0.000000000000000000e+00
-5.438511796733214165e-01,-1.990000000000000102e-01,0.000000000000000000e+00
-5.413484573502722608e-01,-1.990000000000000102e-01,0.000000000000000000e+00
-5.388457350272233271e-01,-1.990000000000000102e-01,0.000000000000000000e+00
-5.363430127041743933e-01,-1.990000000000000102e-01,0.000000000000000000e+00
-5.338402903811252376e-01,-1.990000000000000102e-01,0.000000000000000000e+00
-5.313375680580763039e-01,-1.990000000000000102e-01,0.000000000000000000e+00
-5.288348457350273701e-01,-1.990000000000000102e-01,0.000000000000000000e+00
-5.263321234119782144e-01,-1.990000000000000102e-01,0.000000000000000000e+00
-5.238294010889292807e-01,-1.990000000000000102e-01,0.000000000000000000e+00
-5.213266787658803469e-01,-1.990000000000000102e-01,0.000000000000000000e+00
-5.188239564428314132e-01,-1.990000000000000102e-01,0.000000000000000000e+00
-5.163212341197822575e-01,-1.990000000000000102e-01,0.000000000000000000e+00
-5.138185117967333237e-01,-1.990000000000000102e-01,0.000000000000000000e+00
-5.113157894736843900e-01,-1.990000000000000102e-01,0.000000000000000000e+00
-5.088130671506352343e-01,-1.990000000000000102e-01,0.000000000000000000e+00
-5.063103448275863006e-01,-1.990000000000000102e-01,0.000000000000000000e+00
-5.038076225045373668e-01,-1.990000000000000102e-01,0.000000000000000000e+00
-5.013049001814882111e-01,-1.990000000000000102e-01,0.000000000000000000e+00
-4.988021778584392774e-01,-1.990000000000000102e-01,0.000000000000000000e+00
-4.962994555353903436e-01,-1.990000000000000102e-01,0.000000000000000000e+00
-4.937967332123411879e-01,-1.990000000000000102e-01,0.000000000000000000e+00
-4.912940108892922542e-01,-1.990000000000000102e-01,0.000000000000000000e+00
-4.887912885662433204e-01,-1.990000000000000102e-01,0.000000000000000000e+00
-4.862885662431943867e-01,-1.990000000000000102e-01,0.000000000000000000e+00
-4.837858439201452310e-01,-1.990000000000000102e-01,0.000000000000000000e+00
-4.812831215970962973e-01,-1.990000000000000102e-01,0.000000000000000000e+00
-4.787803992740473635e-01,-1.990000000000000102e-01,0.000000000000000000e+00
-4.762776769509982078e-01,-1.990000000000000102e-01,0.000000000000000000e+00
-4.737749546279492741e-01,-1.990000000000000102e-01,0.000000000000000000e+00
-4.712722323049003403e-01,-1.990000000000000102e-01,0.000000000000000000e+00
-4.687695099818511846e-01,-1.990000000000000102e-01,0.000000000000000000e+00
-4.662667876588022509e-01,-1.990000000000000102e-01,0.000000000000000000e+00
-4.637640653357533171e-01,-1.990000000000000102e-01,0.000000000000000000e+00
-4.612613430127041614e-01,-1.990000000000000102e-01,0.000000000000000000e+00
-4.587586206896552277e-01,-1.990000000000000102e-01,0.000000000000000000e+00
-4.562558983666062939e-01,-1.990000000000000102e-01,0.000000000000000000e+00
-4.537531760435573602e-01,-1.990000000000000102e-01,0.000000000000000000e+00
-4.512504537205082045e-01,-1.990000000000000102e-01,0.000000000000000000e+00
-4.487477313974592708e-01,-1.990000000000000102e-01,0.000000000000000000e+00
-4.462450090744103370e-01,-1.990000000000000102e-01,0.000000000000000000e+00
-4.437422867513611813e-01,-1.990000000000000102e-01,0.000000000000000000e+00
-4.412395644283122476e-01,-1.990000000000000102e-01,0.000000000000000000e+00
-4.387368421052633138e-01,-1.990000000000000102e-01,0.000000000000000000e+00
-4.362341197822141581e-01,-1.990000000000000102e-01,0.000000000000000000e+00
-4.337313974591652244e-01,-1.990000000000000102e-01,0.000000000000000000e+00
-4.312286751361162906e-01,-1.990000000000000102e-01,0.000000000000000000e+00
-4.287259528130671349e-01,-1.990000000000000102e-01,0.000000000000000000e+00
-4.262232304900182012e-01,-1.990000000000000102e-01,0.000000000000000000e+00
-4.237205081669692674e-01,-1.990000000000000102e-01,0.000000000000000000e+00
-4.212177858439203337e-01,-1.990000000000000102e-01,0.000000000000000000e+00
-4.187150635208711780e-01,-1.990000000000000102e-01,0.000000000000000000e+00
-4.162123411978222443e-01,-1.990000000000000102e-01,0.000000000000000000e+00
-4.137096188747733105e-01,-1.990000000000000102e-01,0.000000000000000000e+00
-4.112068965517241548e-01,-1.990000000000000102e-01,0.000000000000000000e+00
-4.087041742286752211e-01,-1.990000000000000102e-01,0.000000000000000000e+00
-4.062014519056262873e-01,-1.990000000000000102e-01,0.000000000000000000e+00
-4.036987295825771316e-01,-1.990000000000000102e-01,0.000000000000000000e+00
-4.011960072595281979e-01,-1.990000000000000102e-01,0.000000000000000000e+00
-3.986932849364792641e-01,-1.990000000000000102e-01,0.000000000000000000e+00
-3.961905626134303304e-01,-1.990000000000000102e-01,0.000000000000000000e+00
-3.936878402903811747e-01,-1.990000000000000102e-01,0.000000000000000000e+00
-3.911851179673322410e-01,-1.990000000000000102e-01,0.000000000000000000e+00
-3.886823956442833072e-01,-1.990000000000000102e-01,0.000000000000000000e+00
-3.861796733212341515e-01,-1.990000000000000102e-01,0.000000000000000000e+00
-3.836769509981852178e-01,-1.990000000000000102e-01,0.000000000000000000e+00
-3.811742286751362840e-01,-1.990000000000000102e-01,0.000000000000000000e+00
-3.786715063520871283e-01,-1.990000000000000102e-01,0.000000000000000000e+00
-3.761687840290381946e-01,-1.990000000000000102e-01,0.000000000000000000e+00
-3.736660617059892608e-01,-1.990000000000000102e-01,0.000000000000000000e+00
-3.711633393829401051e-01,-1.990000000000000102e-01,0.000000000000000000e+00
-3.686606170598911714e-01,-1.990000000000000102e-01,0.000000000000000000e+00
-3.661578947368422376e-01,-1.990000000000000102e-01,0.000000000000000000e+00
-3.636551724137933039e-01,-1.990000000000000102e-01,0.000000000000000000e+00
-3.611524500907441482e-01,-1.990000000000000102e-01,0.000000000000000000e+00
-3.586497277676952145e-01,-1.990000000000000102e-01,0.000000000000000000e+00
-3.561470054446462807e-01,-1.990000000000000102e-01,0.000000000000000000e+00
-3.536442831215971250e-01,-1.990000000000000102e-01,0.000000000000000000e+00
-3.511415607985481913e-01,-1.990000000000000102e-01,0.000000000000000000e+00
-3.486388384754992575e-01,-1.990000000000000102e-01,0.000000000000000000e+00
-3.461361161524501018e-01,-1.990000000000000102e-01,0.000000000000000000e+00
-3.436333938294011681e-01,-1.990000000000000102e-01,0.000000000000000000e+00
-3.411306715063522343e-01,-1.990000000000000102e-01,0.000000000000000000e+00
-3.386279491833030786e-01,-1.990000000000000102e-01,0.000000000000000000e+00
-3.361252268602541449e-01,-1.990000000000000102e-01,0.000000000000000000e+00
-3.336225045372052112e-01,-1.990000000000000102e-01,0.000000000000000000e+00
-3.311197822141562774e-01,-1.990000000000000102e-01,0.000000000000000000e+00
-3.286170598911071217e-01,-1.990000000000000102e-01,0.000000000000000000e+00
-3.261143375680581880e-01,-1.990000000000000102e-01,0.000000000000000000e+00
-3.236116152450092542e-01,-1.990000000000000102e-01,0.000000000000000000e+00
-3.211088929219600985e-01,-1.990000000000000102e-01,0.000000000000000000e+00
-3.186061705989111648e-01,-1.990000000000000102e-01,0.000000000000000000e+00
-3.161034482758622310e-01,-1.990000000000000102e-01,0.000000000000000000e+00
-3.136007259528130753e-01,-1.990000000000000102e-01,0.000000000000000000e+00
-3.110980036297641416e-01,-1.990000000000000102e-01,0.000000000000000000e+00
-3.085952813067152078e-01,-1.990000000000000102e-01,0.000000000000000000e+00
-3.060925589836660521e-01,-1.990000000000000102e-01,0.000000000000000000e+00
-3.035898366606171184e-01,-1.990000000000000102e-01,0.000000000000000000e+00
-3.010871143375681847e-01,-1.990000000000000102e-01,0.000000000000000000e+00
-2.985843920145192509e-01,-1.990000000000000102e-01,0.000000000000000000e+00
-2.960816696914700952e-01,-1.990000000000000102e-01,0.000000000000000000e+00
-2.935789473684211615e-01,-1.990000000000000102e-01,0.000000000000000000e+00
-2.910762250453722277e-01,-1.990000000000000102e-01,0.000000000000000000e+00
-2.885735027223230720e-01,-1.990000000000000102e-01,0.000000000000000000e+00
-2.860707803992741383e-01,-1.990000000000000102e-01,0.000000000000000000e+00
-2.835680580762252045e-01,-1.990000000000000102e-01,0.000000000000000000e+00
-2.810653357531760488e-01,-1.990000000000000102e-01,0.000000000000000000e+00
-2.785626134301271151e-01,-1.990000000000000102e-01,0.000000000000000000e+00
-2.760598911070781813e-01,-1.990000000000000102e-01,0.000000000000000000e+00
-2.735571687840290256e-01,-1.990000000000000102e-01,0.000000000000000000e+00
-2.710544464609800919e-01,-1.990000000000000102e-01,0.000000000000000000e+00
-2.685517241379311582e-01,-1.990000000000000102e-01,0.000000000000000000e+00
-2.660490018148822244e-01,-1.990000000000000102e-01,0.000000000000000000e+00
-2.635462794918330687e-01,-1.990000000000000102e-01,0.000000000000000000e+00
-2.610435571687841350e-01,-1.990000000000000102e-01,0.000000000000000000e+00
-2.585408348457352012e-01,-1.990000000000000102e-01,0.000000000000000000e+00
-2.560381125226860455e-01,-1.990000000000000102e-01,0.000000000000000000e+00
-2.535353901996371118e-01,-1.990000000000000102e-01,0.000000000000000000e+00
-2.510326678765881780e-01,-1.990000000000000102e-01,0.000000000000000000e+00
-2.485299455535390223e-01,-1.990000000000000102e-01,0.000000000000000000e+00
-2.460272232304900886e-01,-1.990000000000000102e-01,0.000000000000000000e+00
-2.435245009074411549e-01,-1.990000000000000102e-01,0.000000000000000000e+00
-2.410217785843919991e-01,-1.990000000000000102e-01,0.000000000000000000e+00
-2.385190562613430654e-01,-1.990000000000000102e-01,0.000000000000000000e+00
-2.360163339382941317e-01,-1.990000000000000102e-01,0.000000000000000000e+00
-2.335136116152451979e-01,-1.990000000000000102e-01,0.000000000000000000e+00
-2.310108892921960422e-01,-1.990000000000000102e-01,0.000000000000000000e+00
-2.285081669691471085e-01,-1.990000000000000102e-01,0.000000000000000000e+00
-2.260054446460981747e-01,-1.990000000000000102e-01,0.000000000000000000e+00
-2.235027223230490190e-01,-1.990000000000000102e-01,0.000000000000000000e+00
-2.210000000000000020e-01,-1.990000000000000102e-01,0.000000000000000000e+00
-2.210000000000000020e-01,-1.990000000000000102e-01,1.921657459488606667e+00
-2.184565217391304381e-01,-1.990000000000000102e-01,1.799669363194749794e+00
-2.159130434782608743e-01,-1.990000000000000102e-01,1.682198616538755020e+00
-2.133695652173913104e-01,-1.990000000000000102e-01,1.569245219520625456e+00
-2.108260869565217466e-01,-1.990000000000000102e-01,1.460809172140359546e+00
-2.082826086956521827e-01,-1.990000000000000102e-01,1.356890474397961510e+00
-2.057391304347826189e-01,-1.990000000000000102e-01,1.257489126293420467e+00
-2.031956521739130550e-01,-1.990000000000000102e-01,1.162605127826752627e+00
-2.006521739130434911e-01,-1.990000000000000102e-01,1.072238478997943334e+00
-1.981086956521739273e-01,-1.990000000000000102e-01,9.863891798069991390e-01
-1.955652173913043357e-01,-1.990000000000000102e-01,9.050572302539188208e-01
-1.930217391304347996e-01,-1.990000000000000102e-01,8.282426303387077082e-01
-1.904782608695652080e-01,-1.990000000000000102e-01,7.559453800613543661e-01
-1.879347826086956719e-01,-1.990000000000000102e-01,6.881654794218684534e-01
-1.853913043478260803e-01,-1.990000000000000102e-01,6.249029284202491930e-01
-1.828478260869565164e-01,-1.990000000000000102e-01,5.661577270564902564e-01
-1.803043478260869525e-01,-1.990000000000000102e-01,5.119298753305991934e-01
-1.777608695652173887e-01,-1.990000000000000102e-01,4.622193732425760593e-01
-1.752173913043478248e-01,-1.990000000000000102e-01,4.170262207924043674e-01
-1.726739130434782610e-01,-1.990000000000000102e-01,3.763504179801087091e-01
-1.701304347826086971e-01,-1.990000000000000102e-01,3.401919648056754841e-01
-1.675869565217391333e-01,-1.990000000000000102e-01,3.085508612691074126e-01
-1.650434782608695694e-01,-1.990000000000000102e-01,2.814271073703962234e-01
-1.625000000000000056e-01,-1.990000000000000102e-01,2.588207031095556832e-01
-1.599565217391304417e-01,-1.990000000000000102e-01,2.407316484865748285e-01
-1.574130434782608778e-01,-1.990000000000000102e-01,2.271599435014672874e-01
-1.548695652173913140e-01,-1.990000000000000102e-01,2.181055881542170449e-01
-1.523260869565217224e-01,-1.990000000000000102e-01,2.135685824448390335e-01
-1.497826086956521863e-01,-1.990000000000000102e-01,2.135489263733113263e-01
-1.472391304347825947e-01,-1.990000000000000102e-01,2.180466199396608462e-01
-1.446956521739130586e-01,-1.990000000000000102e-01,2.270616631438686916e-01
-1.421521739130434669e-01,-1.990000000000000102e-01,2.405940559859379713e-01
-1.396086956521739308e-01,-1.990000000000000102e-01,2.586437984658809253e-01
-1.370652173913043392e-01,-1.990000000000000102e-01,2.812108905836840367e-01
-1.345217391304348031e-01,-1.990000000000000102e-01,3.082953323393508027e-01
-1.319782608695652115e-01,-1.990000000000000102e-01,3.398971237328798911e-01
-1.294347826086956754e-01,-1.990000000000000102e-01,3.760162647642755762e-01
-1.268913043478260838e-01,-1.990000000000000102e-01,4.166527554335374139e-01
-1.243478260869565200e-01,-1.990000000000000102e-01,4.618065957406548572e-01
-1.218043478260869561e-01,-1.990000000000000102e-01,5.114777856856537186e-01
-1.192608695652173922e-01,-1.990000000000000102e-01,5.656663252685069088e-01
-1.167173913043478284e-01,-1.990000000000000102e-01,6.243722144892143167e-01
-1.141739130434782645e-01,-1.990000000000000102e-01,6.875954533478031427e-01
-1.116304347826087007e-01,-1.990000000000000102e-01,7.553360418442626179e-01
-1.090869565217391368e-01,-1.990000000000000102e-01,8.275939799785545503e-01
-1.065434782608695730e-01,-1.990000000000000102e-01,-3.728387864121534001e-01
-1.039999999999999952e-01,-1.990000000000000102e-01,0.000000000000000000e+00
-1.039999999999999952e-01,-1.990000000000000102e-01,-1.082850306790278383e+00
-1.009999999999999926e-01,-1.990000000000000102e-01,0.000000000000000000e+00
-9.800000000000000377e-02,-1.990000000000000102e-01,9.169546806373303216e-01
-9.500000000000000111e-02,-1.990000000000000102e-01,0.000000000000000000e+00
-9.500000000000000111e-02,-1.990000000000000102e-01,1.432877587329522751e+00
-9.241860465116279177e-02,-1.990000000000000102e-01,3.514842699516850244e-01
-8.983720930232558244e-02,-1.990000000000000102e-01,3.362867883637801203e-01
-8.725581395348837310e-02,-1.990000000000000102e-01,3.216351083116500975e-01
-8.467441860465116377e-02,-1.990000000000000102e-01,3.075292297952680887e-01
-8.209302325581395443e-02,-1.990000000000000102e-01,2.939691528146555766e-01
-7.951162790697674509e-02,-1.990000000000000102e-01,2.809548773697964630e-01
-7.693023255813953576e-02,-1.990000000000000102e-01,2.684864034607068461e-01
-7.434883720930232642e-02,-1.990000000000000102e-01,2.565637310873706278e-01
-7.176744186046511709e-02,-1.990000000000000102e-01,2.451868602497716543e-01
-6.918604651162790775e-02,-1.990000000000000102e-01,2.343557909479744295e-01
-6.660465116279069842e-02,-1.990000000000000102e-01,2.240705231818983512e-01
-6.402325581395348908e-02,-1.990000000000000102e-01,2.143310569516025110e-01
-6.144186046511627974e-02,-1.990000000000000102e-01,2.051373922570600417e-01
-5.886046511627907041e-02,-1.990000000000000102e-01,1.964895290982763554e-01
-5.627906976744186107e-02,-1.990000000000000102e-01,1.883874674752567813e-01
-5.369767441860465174e-02,-1.990000000000000102e-01,1.808312073880013193e-01
-5.111627906976744240e-02,-1.990000000000000102e-01,1.738207488364777731e-01
-4.853488372093023306e-02,-1.990000000000000102e-01,1.673560918207290804e-01
-4.595348837209302373e-02,-1.990000000000000102e-01,1.614372363407606537e-01
-4.337209302325581439e-02,-1.990000000000000102e-01,1.560641823965294994e-01
-4.079069767441860506e-02,-1.990000000000000102e-01,1.512369299880516882e-01
-3.820930232558139572e-02,-1.990000000000000102e-01,1.469554791153541706e-01
-3.562790697674418638e-02,-1.990000000000000102e-01,1.432198297783992547e-01
-3.304651162790697705e-02,-1.990000000000000102e-01,1.400299819772138632e-01
-3.046511627906976771e-02,-1.990000000000000102e-01,1.373859357117818425e-01
-2.788372093023255838e-02,-1.990000000000000102e-01,1.352876909821031925e-01
-2.530232558139534904e-02,-1.990000000000000102e-01,1.337352477882048085e-01
-2.272093023255813971e-02,-1.990000000000000102e-01,1.327286061300436693e-01
-2.013953488372093037e-02,-1.990000000000000102e-01,1.322677660076520545e-01
-1.755813953488372103e-02,-1.990000000000000102e-01,1.323527274210191951e-01
-1.497674418604651170e-02,-1.990000000000000102e-01,1.329834903701397064e-01
-1.239534883720930236e-02,-1.990000000000000102e-01,1.341600548550243299e-01
-9.813953488372093026e-03,-1.990000000000000102e-01,1.358824208756784779e-01
-7.232558139534883690e-03,-1.990000000000000102e-01,1.381505884320752553e-01
-4.651162790697674354e-03,-1.990000000000000102e-01,1.409645575242307880e-01
-2.069767441860465018e-03,-2.069767441860465018e-03,1.443243281521612020e-01
5.116279069767443177e-04,-1.990000000000000102e-01,1.482299003158396300e-01
3.093023255813953654e-03,-1.990000000000000102e-01,1.526812740152821701e-01
5.674418604651162990e-03,-1.990000000000000102e-01,1.576784492504834656e-01
8.255813953488372325e-03,-1.990000000000000102e-01,1.632214260214273904e-01
1.083720930232558166e-02,-1.990000000000000102e-01,1.693102043281569657e-01
1.341860465116279100e-02,-1.990000000000000102e-01,1.759447841706345272e-01
1.600000000000000033e-02,-1.990000000000000102e-01,-1.196102851915707976e-01
1.800000000000000211e-02,-1.990000000000000102e-01,0.000000000000000000e+00
2.000000000000000042e-02,-1.990000000000000102e-01,0.000000000000000000e+00
2.199999999999999872e-02,-1.990000000000000102e-01,0.000000000000000000e+00
2.400000000000000050e-02,-1.990000000000000102e-01,-1.961587334679812111e-01
2.657500000000000140e-02,-1.990000000000000102e-01,-1.688765412177125613e-01
2.915000000000000230e-02,-1.990000000000000102e-01,-1.430174304672797714e-01
3.172500000000000320e-02,-1.990000000000000102e-01,-1.185814012166615944e-01
3.429999999999999716e-02,-1.990000000000000102e-01,-9.556845346588917212e-02
3.687500000000000500e-02,-1.990000000000000102e-01,-7.397858721491591683e-02
3.944999999999999896e-02,-1.990000000000000102e-01,-5.381180246377248455e-02
4.202499999999999986e-02,-1.990000000000000102e-01,-3.506809921243277811e-02
4.460000000000000075e-02,-1.990000000000000102e-01,-1.774747746091814848e-02
4.717500000000000165e-02,-1.990000000000000102e-01,-1.849937209266333928e-03
4.975000000000000255e-02,-1.990000000000000102e-01,1.262452154263049402e-02
5.232499999999999651e-02,-1.990000000000000102e-01,2.567589879465898700e-02
5.490000000000000435e-02,-1.990000000000000102e-01,3.730419454686805664e-02
5.747499999999999831e-02,-1.990000000000000102e-01,4.750940879928949867e-02
6.004999999999999921e-02,-1.990000000000000102e-01,5.629154155184822733e-02
6.262500000000000011e-02,-1.990000000000000102e-01,6.365059280461404789e-02
6.520000000000000795e-02,-1.990000000000000102e-01,6.958656255754991360e-02
6.777500000000000191e-02,-1.990000000000000102e-01,7.409945081067112471e-02
7.034999999999999587e-02,-1.990000000000000102e-01,7.718925756396684268e-02
7.292500000000000371e-02,-1.990000000000000102e-01,7.885598281743248783e-02
7.550000000000001155e-02,-1.990000000000000102e-01,7.909962657109503859e-02
7.807500000000000551e-02,-1.990000000000000102e-01,7.792018882492668386e-02
8.064999999999999947e-02,-1.990000000000000102e-01,7.531766957892245540e-02
8.322499999999999343e-02,-1.990000000000000102e-01,7.129206883311971221e-02
8.580000000000000127e-02,-1.990000000000000102e-01,6.584338658750307771e-02
8.837500000000000910e-02,-1.990000000000000102e-01,5.897162284202933646e-02
9.095000000000000306e-02,-1.990000000000000102e-01,5.067677759675710131e-02
9.352499999999999702e-02,-1.990000000000000102e-01,4.095885085168133460e-02
9.609999999999999098e-02,-1.990000000000000102e-01,2.981784260673704320e-02
9.867500000000001270e-02,-1.990000000000000102e-01,1.725375286202220082e-02
1.012500000000000067e-01,-1.990000000000000102e-01,3.266581617455003531e-03
1.038250000000000006e-01,-1.990000000000000102e-01,-1.214367112692650227e-02
1.063999999999999946e-01,-1.990000000000000102e-01,-2.897700537112231703e-02
1.089749999999999885e-01,-1.990000000000000102e-01,-4.723342111514271247e-02
1.115500000000000103e-01,-1.990000000000000102e-01,-6.691291835899459972e-02
1.141250000000000042e-01,-1.990000000000000102e-01,-8.801549710263872894e-02
1.166999999999999982e-01,-1.990000000000000102e-01,-1.105411573461456826e-01
1.192749999999999921e-01,-1.990000000000000102e-01,-1.344898990894493052e-01
1.218500000000000139e-01,-1.990000000000000102e-01,-1.598617223325593806e-01
1.244250000000000078e-01,-1.990000000000000102e-01,-1.866566270755200263e-01
1.270000000000000018e-01,-1.990000000000000102e-01,0.000000000000000000e+00
1.270000000000000018e-01,-1.990000000000000102e-01,0.000000000000000000e+00
1.300000000000000044e-01,-1.990000000000000102e-01,0.000000000000000000e+00
1.330000000000000071e-01,-1.990000000000000102e-01,0.000000000000000000e+00
1.360000000000000098e-01,-1.990000000000000102e-01,0.000000000000000000e+00
1.360000000000000098e-01,-1.990000000000000102e-01,-6.132002764772012116e-01
1.385600000000000165e-01,-1.990000000000000102e-01,-5.806417751901705726e-01
1.411200000000000232e-01,-1.990000000000000102e-01,-5.505553607883426626e-01
1.436800000000000022e-01,-1.990000000000000102e-01,-5.229410332716345478e-01
1.462400000000000089e-01,-1.990000000000000102e-01,-4.977987926401022389e-01
1.488000000000000156e-01,-1.990000000000000102e-01,-4.751286388937288052e-01
1.513600000000000223e-01,-1.990000000000000102e-01,-4.549305720325245717e-01
1.539200000000000013e-01,-1.990000000000000102e-01,-4.372045920564639476e-01
1.564800000000000080e-01,-1.990000000000000102e-01,-4.219506989655780194e-01
1.590400000000000147e-01,-1.990000000000000102e-01,-4.091688927598401415e-01
1.616000000000000214e-01,-1.990000000000000102e-01,-3.988591734392817334e-01
1.641600000000000004e-01,-1.990000000000000102e-01,-3.910215410038681561e-01
1.667200000000000071e-01,-1.990000000000000102e-01,-3.856559954536286083e-01
1.692800000000000138e-01,-1.990000000000000102e-01,-3.827625367885262864e-01
1.718400000000000205e-01,-1.990000000000000102e-01,-3.823411650086140923e-01
1.743999999999999995e-01,-1.990000000000000102e-01,-3.843918801138254127e-01
1.769600000000000062e-01,-1.990000000000000102e-01,-3.889146821042431257e-01
1.795200000000000129e-01,-1.990000000000000102e-01,-3.959095709797817997e-01
1.820800000000000196e-01,-1.990000000000000102e-01,-4.053765467405064382e-01
1.846400000000000263e-01,-1.990000000000000102e-01,-4.173156093863728544e-01
1.872000000000000053e-01,-1.990000000000000102e-01,-4.317267589174215714e-01
1.897600000000000120e-01,-1.990000000000000102e-01,-4.486099953336120660e-01
1.923200000000000187e-01,-1.990000000000000102e-01,-4.679653186349665428e-01
1.948799999999999977e-01,-1.990000000000000102e-01,-4.897927288214860009e-01
1.974400000000000044e-01,-1.990000000000000102e-01,-5.140922258931693856e-01
2.000000000000000111e-01,-1.990000000000000102e-01,-5.408638098500117009e-01
2.025600000000000178e-01,-1.990000000000000102e-01,-5.701074806920021221e-01
2.051200000000000245e-01,-1.990000000000000102e-01,-6.018232384191730677e-01
2.076800000000000312e-01,-1.990000000000000102e-01,-6.360110830314826824e-01
2.102400000000000102e-01,-1.990000000000000102e-01,-6.726710145289699350e-01
2.128000000000000169e-01,-1.990000000000000102e-01,-7.118030329116198374e-01
2.153599999999999959e-01,-1.990000000000000102e-01,-7.534071381794131828e-01
2.179200000000000026e-01,-1.990000000000000102e-01,-7.974833303323840550e-01
2.204800000000000093e-01,-1.990000000000000102e-01,-8.440316093705029221e-01
2.230400000000000160e-01,-1.990000000000000102e-01,-8.930519752937914335e-01
2.256000000000000227e-01,-1.990000000000000102e-01,-9.445444281022334909e-01
2.281600000000000295e-01,-1.990000000000000102e-01,-9.985089677958399745e-01
2.307200000000000362e-01,-1.990000000000000102e-01,-1.054945594374605777e+00
2.332800000000000151e-01,-1.990000000000000102e-01,-1.113854307838532121e+00
2.358400000000000218e-01,-1.990000000000000102e-01,-1.175235108187622446e+00
2.384000000000000008e-01,-1.990000000000000102e-01,-1.239087995421873423e+00
2.409600000000000075e-01,-1.990000000000000102e-01,-1.305412969541276835e+00
2.435200000000000142e-01,-1.990000000000000102e-01,-1.374210030545852890e+00
2.460800000000000209e-01,-1.990000000000000102e-01,-1.445479178435576939e+00
2.486400000000000277e-01,-1.990000000000000102e-01,-1.519220413210470744e+00
2.512000000000000344e-01,-1.990000000000000102e-01,-1.595433734870525422e+00
2.537599999999999856e-01,-1.990000000000000102e-01,-1.674119143415732314e+00
2.563199999999999923e-01,-1.990000000000000102e-01,-1.755276638846105408e+00
2.588799999999999990e-01,-1.990000000000000102e-01,-1.838906221161639376e+00
2.614400000000000057e-01,-1.990000000000000102e-01,-1.925007890362333773e+00
2.640000000000000124e-01,-1.990000000000000102e-01,0.000000000000000000e+00
2.640000000000000124e-01,-1.990000000000000102e-01,0.000000000000000000e+00
2.665065666041275816e-01,-1.990000000000000102e-01,0.000000000000000000e+00
2.690131332082551507e-01,-1.990000000000000102e-01,0.000000000000000000e+00
2.715196998123827754e-01,-1.990000000000000102e-01,0.000000000000000000e+00
2.740262664165103446e-01,-1.990000000000000102e-01,0.000000000000000000e+00
2.765328330206379137e-01,-1.990000000000000102e-01,0.000000000000000000e+00
2.790393996247654829e-01,-1.990000000000000102e-01,0.000000000000000000e+00
2.815459662288930520e-01,-1.990000000000000102e-01,0.000000000000000000e+00
2.840525328330206767e-01,-1.990000000000000102e-01,0.000000000000000000e+00
2.865590994371482458e-01,-1.990000000000000102e-01,0.000000000000000000e+00
2.890656660412758150e-01,-1.990000000000000102e-01,0.000000000000000000e+00
2.915722326454033841e-01,-1.990000000000000102e-01,0.000000000000000000e+00
2.940787992495309533e-01,-1.990000000000000102e-01,0.000000000000000000e+00
2.965853658536585780e-01,-1.990000000000000102e-01,0.000000000000000000e+00
2.990919324577861471e-01,-1.990000000000000102e-01,0.000000000000000000e+00
3.015984990619137163e-01,-1.990000000000000102e-01,0.000000000000000000e+00
3.041050656660412854e-01,-1.990000000000000102e-01,0.000000000000000000e+00
3.066116322701688546e-01,-1.990000000000000102e-01,0.000000000000000000e+00
3.091181988742964792e-01,-1.990000000000000102e-01,0.000000000000000000e+00
3.116247654784240484e-01,-1.990000000000000102e-01,0.000000000000000000e+00
3.141313320825516175e-01,-1.990000000000000102e-01,0.000000000000000000e+00
3.166378986866791867e-01,-1.990000000000000102e-01,0.000000000000000000e+00
3.191444652908067559e-01,-1.990000000000000102e-01,0.000000000000000000e+00
3.216510318949343805e-01,-1.990000000000000102e-01,0.000000000000000000e+00
3.241575984990619497e-01,-1.990000000000000102e-01,0.000000000000000000e+00
3.266641651031895188e-01,-1.990000000000000102e-01,0.000000000000000000e+00
3.291707317073170880e-01,-1.990000000000000102e-01,0.000000000000000000e+00
3.316772983114446571e-01,-1.990000000000000102e-01,0.000000000000000000e+00
3.341838649155722818e-01,-1.990000000000000102e-01,0.000000000000000000e+00
3.366904315196998509e-01,-1.990000000000000102e-01,0.000000000000000000e+00
3.391969981238274201e-01,-1.990000000000000102e-01,0.000000000000000000e+00
3.417035647279549893e-01,-1.990000000000000102e-01,0.000000000000000000e+00
3.442101313320825584e-01,-1.990000000000000102e-01,0.000000000000000000e+00
3.467166979362101831e-01,-1.990000000000000102e-01,0.000000000000000000e+00
3.492232645403377522e-01,-1.990000000000000102e-01,0.000000000000000000e+00
3.517298311444653214e-01,-1.990000000000000102e-01,0.000000000000000000e+00
3.542363977485928905e-01,-1.990000000000000102e-01,0.000000000000000000e+00
3.567429643527204597e-01,-1.990000000000000102e-01,0.000000000000000000e+00
3.592495309568480844e-01,-1.990000000000000102e-01,0.000000000000000000e+00
3.617560975609755980e-01,-1.990000000000000102e-01,0.000000000000000000e+00
3.642626641651032227e-01,-1.990000000000000102e-01,0.000000000000000000e+00
3.667692307692307918e-01,-1.990000000000000102e-01,0.000000000000000000e+00
3.692757973733583610e-01,-1.990000000000000102e-01,0.000000000000000000e+00
3.717823639774859856e-01,-1.990000000000000102e-01,0.000000000000000000e+00
3.742889305816134993e-01,-1.990000000000000102e-01,0.000000000000000000e+00
3.767954971857411239e-01,-1.990000000000000102e-01,0.000000000000000000e+00
3.793020637898686931e-01,-1.990000000000000102e-01,0.000000000000000000e+00
3.818086303939962622e-01,-1.990000000000000102e-01,0.000000000000000000e+00
3.843151969981238869e-01,-1.990000000000000102e-01,0.000000000000000000e+00
3.868217636022514005e-01,-1.990000000000000102e-01,0.000000000000000000e+00
3.893283302063790252e-01,-1.990000000000000102e-01,0.000000000000000000e+00
3.918348968105065944e-01,-1.990000000000000102e-01,0.000000000000000000e+00
3.943414634146341635e-01,-1.990000000000000102e-01,0.000000000000000000e+00
3.968480300187617882e-01,-1.990000000000000102e-01,0.000000000000000000e+00
3.993545966228893018e-01,-1.990000000000000102e-01,0.000000000000000000e+00
4.018611632270169265e-01,-1.990000000000000102e-01,0.000000000000000000e+00
4.043677298311444956e-01,-1.990000000000000102e-01,0.000000000000000000e+00
4.068742964352720648e-01,-1.990000000000000102e-01,0.000000000000000000e+00
4.093808630393996895e-01,-1.990000000000000102e-01,0.000000000000000000e+00
4.118874296435272031e-01,-1.990000000000000102e-01,0.000000000000000000e+00
4.143939962476548278e-01,-1.990000000000000102e-01,0.000000000000000000e+00
4.169005628517823969e-01,-1.990000000000000102e-01,0.000000000000000000e+00
4.194071294559099661e-01,-1.990000000000000102e-01,0.000000000000000000e+00
4.219136960600375907e-01,-1.990000000000000102e-01,0.000000000000000000e+00
4.244202626641651044e-01,-1.990000000000000102e-01,0.000000000000000000e+00
4.269268292682927290e-01,-1.990000000000000102e-01,0.000000000000000000e+00
4.294333958724202982e-01,-1.990000000000000102e-01,0.000000000000000000e+00
4.319399624765478674e-01,-1.990000000000000102e-01,0.000000000000000000e+00
4.344465290806754920e-01,-1.990000000000000102e-01,0.000000000000000000e+00
4.369530956848030057e-01,-1.990000000000000102e-01,0.000000000000000000e+00
4.394596622889306303e-01,-1.990000000000000102e-01,0.000000000000000000e+00
4.419662288930581995e-01,-1.990000000000000102e-01,0.000000000000000000e+00
4.444727954971857686e-01,-1.990000000000000102e-01,0.000000000000000000e+00
4.469793621013133933e-01,-1.990000000000000102e-01,0.000000000000000000e+00
4.494859287054409069e-01,-1.990000000000000102e-01,0.000000000000000000e+00
4.519924953095685316e-01,-1.990000000000000102e-01,0.000000000000000000e+00
4.544990619136961008e-01,-1.990000000000000102e-01,0.000000000000000000e+00
4.570056285178236699e-01,-1.990000000000000102e-01,0.000000000000000000e+00
4.595121951219512391e-01,-1.990000000000000102e-01,0.000000000000000000e+00
4.620187617260788082e-01,-1.990000000000000102e-01,0.000000000000000000e+00
4.645253283302064329e-01,-1.990000000000000102e-01,0.000000000000000000e+00
4.670318949343340020e-01,-1.990000000000000102e-01,0.000000000000000000e+00
4.695384615384615712e-01,-1.990000000000000102e-01,0.000000000000000000e+00
4.720450281425891403e-01,-1.990000000000000102e-01,0.000000000000000000e+00
4.745515947467167095e-01,-1.990000000000000102e-01,0.000000000000000000e+00
4.770581613508443342e-01,-1.990000000000000102e-01,0.000000000000000000e+00
4.795647279549719033e-01,-1.990000000000000102e-01,0.000000000000000000e+00
4.820712945590994725e-01,-1.990000000000000102e-01,0.000000000000000000e+00
4.845778611632270416e-01,-1.990000000000000102e-01,0.000000000000000000e+00
4.870844277673546108e-01,-1.990000000000000102e-01,0.000000000000000000e+00
4.895909943714822354e-01,-1.990000000000000102e-01,0.000000000000000000e+00
4.920975609756098046e-01,-1.990000000000000102e-01,0.000000000000000000e+00
4.946041275797373737e-01,-1.990000000000000102e-01,0.000000000000000000e+00
4.971106941838649429e-01,-1.990000000000000102e-01,0.000000000000000000e+00
4.996172607879925120e-01,-1.990000000000000102e-01,0.000000000000000000e+00
5.021238273921201367e-01,-1.990000000000000102e-01,0.000000000000000000e+00
5.046303939962477614e-01,-1.990000000000000102e-01,0.000000000000000000e+00
5.071369606003752750e-01,-1.990000000000000102e-01,0.000000000000000000e+00
5.096435272045027887e-01,-1.990000000000000102e-01,0.000000000000000000e+00
5.121500938086304133e-01,-1.990000000000000102e-01,0.000000000000000000e+00
5.146566604127580380e-01,-1.990000000000000102e-01,0.000000000000000000e+00
5.171632270168855516e-01,-1.990000000000000102e-01,0.000000000000000000e+00
5.196697936210131763e-01,-1.990000000000000102e-01,0.000000000000000000e+00
5.221763602251408010e-01,-1.990000000000000102e-01,0.000000000000000000e+00
5.246829268292683146e-01,-1.990000000000000102e-01,0.000000000000000000e+00
5.271894934333959393e-01,-1.990000000000000102e-01,0.000000000000000000e+00
5.296960600375235639e-01,-1.990000000000000102e-01,0.000000000000000000e+00
5.322026266416510776e-01,-1.990000000000000102e-01,0.000000000000000000e+00
5.347091932457785912e-01,-1.990000000000000102e-01,0.000000000000000000e+00
5.372157598499062159e-01,-1.990000000000000102e-01,0.000000000000000000e+00
5.397223264540338405e-01,-1.990000000000000102e-01,0.000000000000000000e+00
5.422288930581613542e-01,-1.990000000000000102e-01,0.000000000000000000e+00
5.447354596622889789e-01,-1.990000000000000102e-01,0.000000000000000000e+00
5.472420262664166035e-01,-1.990000000000000102e-01,0.000000000000000000e+00
5.497485928705441172e-01,-1.990000000000000102e-01,0.000000000000000000e+00
5.522551594746716308e-01,-1.990000000000000102e-01,0.000000000000000000e+00
5.547617260787993665e-01,-1.990000000000000102e-01,0.000000000000000000e+00
5.572682926829268801e-01,-1.990000000000000102e-01,0.000000000000000000e+00
5.597748592870543938e-01,-1.990000000000000102e-01,0.000000000000000000e+00
5.622814258911820184e-01,-1.990000000000000102e-01,0.000000000000000000e+00
5.647879924953096431e-01,-1.990000000000000102e-01,0.000000000000000000e+00
5.672945590994371567e-01,-1.990000000000000102e-01,0.000000000000000000e+00
5.698011257035647814e-01,-1.990000000000000102e-01,0.000000000000000000e+00
5.723076923076924061e-01,-1.990000000000000102e-01,0.000000000000000000e+00
5.748142589118199197e-01,-1.990000000000000102e-01,0.000000000000000000e+00
5.773208255159474334e-01,-1.990000000000000102e-01,0.000000000000000000e+00
5.798273921200751690e-01,-1.990000000000000102e-01,0.000000000000000000e+00
5.823339587242026827e-01,-1.990000000000000102e-01,0.000000000000000000e+00
5.848405253283301963e-01,-1.990000000000000102e-01,0.000000000000000000e+00
5.873470919324578210e-01,-1.990000000000000102e-01,0.000000000000000000e+00
5.898536585365854457e-01,-1.990000000000000102e-01,0.000000000000000000e+00
5.923602251407129593e-01,-1.990000000000000102e-01,0.000000000000000000e+00
5.948667917448405840e-01,-1.990000000000000102e-01,0.000000000000000000e+00
5.973733583489682086e-01,-1.990000000000000102e-01,0.000000000000000000e+00
5.998799249530957223e-01,-1.990000000000000102e-01,0.000000000000000000e+00
6.023864915572232359e-01,-1.990000000000000102e-01,0.000000000000000000e+00
6.048930581613509716e-01,-1.990000000000000102e-01,0.000000000000000000e+00
6.073996247654784852e-01,-1.990000000000000102e-01,0.000000000000000000e+00
6.099061913696059989e-01,-1.990000000000000102e-01,0.000000000000000000e+00
6.124127579737336236e-01,-1.990000000000000102e-01,0.000000000000000000e+00
6.149193245778612482e-01,-1.990000000000000102e-01,0.000000000000000000e+00
6.174258911819887619e-01,-1.990000000000000102e-01,0.000000000000000000e+00
6.199324577861163865e-01,-1.990000000000000102e-01,0.000000000000000000e+00
6.224390243902440112e-01,-1.990000000000000102e-01,0.000000000000000000e+00
6.249455909943715248e-01,-1.990000000000000102e-01,0.000000000000000000e+00
6.274521575984990385e-01,-1.990000000000000102e-01,0.000000000000000000e+00
6.299587242026267742e-01,-1.990000000000000102e-01,0.000000000000000000e+00
6.324652908067542878e-01,-1.990000000000000102e-01,0.000000000000000000e+00
6.349718574108818014e-01,-1.990000000000000102e-01,0.000000000000000000e+00
6.374784240150094261e-01,-1.990000000000000102e-01,0.000000000000000000e+00
6.399849906191370508e-01,-1.990000000000000102e-01,0.000000000000000000e+00
6.424915572232645644e-01,-1.990000000000000102e-01,0.000000000000000000e+00
6.449981238273921891e-01,-1.990000000000000102e-01,0.000000000000000000e+00
6.475046904315198137e-01,-1.990000000000000102e-01,0.000000000000000000e+00
6.500112570356473274e-01,-1.990000000000000102e-01,0.000000000000000000e+00
6.525178236397748410e-01,-1.990000000000000102e-01,0.000000000000000000e+00
6.550243902439024657e-01,-1.990000000000000102e-01,0.000000000000000000e+00
6.575309568480300904e-01,-1.990000000000000102e-01,0.000000000000000000e+00
6.600375234521576040e-01,-1.990000000000000102e-01,0.000000000000000000e+00
6.625440900562852287e-01,-1.990000000000000102e-01,0.000000000000000000e+00
6.650506566604128533e-01,-1.990000000000000102e-01,0.000000000000000000e+00
6.675572232645403670e-01,-1.990000000000000102e-01,0.000000000000000000e+00
6.700637898686679916e-01,-1.990000000000000102e-01,0.000000000000000000e+00
6.725703564727956163e-01,-1.990000000000000102e-01,0.000000000000000000e+00
6.750769230769231299e-01,-1.990000000000000102e-01,0.000000000000000000e+00
6.775834896810506436e-01,-1.990000000000000102e-01,0.000000000000000000e+00
6.800900562851782682e-01,-1.990000000000000102e-01,0.000000000000000000e+00
6.825966228893058929e-01,-1.990000000000000102e-01,0.000000000000000000e+00
6.851031894934334066e-01,-1.990000000000000102e-01,0.000000000000000000e+00
6.876097560975610312e-01,-1.990000000000000102e-01,0.000000000000000000e+00
6.901163227016886559e-01,-1.990000000000000102e-01,0.000000000000000000e+00
6.926228893058161695e-01,-1.990000000000000102e-01,0.000000000000000000e+00
6.951294559099437942e-01,-1.990000000000000102e-01,0.000000000000000000e+00
6.976360225140714189e-01,-1.990000000000000102e-01,0.000000000000000000e+00
7.001425891181989325e-01,-1.990000000000000102e-01,0.000000000000000000e+00
7.026491557223264461e-01,-1.990000000000000102e-01,0.000000000000000000e+00
7.051557223264540708e-01,-1.990000000000000102e-01,0.000000000000000000e+00
7.076622889305816955e-01,-1.990000000000000102e-01,0.000000000000000000e+00
7.101688555347092091e-01,-1.990000000000000102e-01,0.000000000000000000e+00
7.126754221388368338e-01,-1.990000000000000102e-01,0.000000000000000000e+00
7.151819887429644584e-01,-1.990000000000000102e-01,0.000000000000000000e+00
7.176885553470919721e-01,-1.990000000000000102e-01,0.000000000000000000e+00
7.201951219512195967e-01,-1.990000000000000102e-01,0.000000000000000000e+00
7.227016885553472214e-01,-1.990000000000000102e-01,0.000000000000000000e+00
7.252082551594747351e-01,-1.990000000000000102e-01,0.000000000000000000e+00
7.277148217636022487e-01,-1.990000000000000102e-01,0.000000000000000000e+00
7.302213883677298734e-01,-1.990000000000000102e-01,0.000000000000000000e+00
7.327279549718574980e-01,-1.990000000000000102e-01,0.000000000000000000e+00
7.352345215759850117e-01,-1.990000000000000102e-01,0.000000000000000000e+00
7.377410881801126363e-01,-1.990000000000000102e-01,0.000000000000000000e+00
7.402476547842402610e-01,-1.990000000000000102e-01,0.000000000000000000e+00
7.427542213883677746e-01,-1.990000000000000102e-01,0.000000000000000000e+00
7.452607879924953993e-01,-1.990000000000000102e-01,0.000000000000000000e+00
7.477673545966230240e-01,-1.990000000000000102e-01,0.000000000000000000e+00
7.502739212007505376e-01,-1.990000000000000102e-01,0.000000000000000000e+00
7.527804878048780513e-01,-1.990000000000000102e-01,0.000000000000000000e+00
7.552870544090056759e-01,-1.990000000000000102e-01,0.000000000000000000e+00
7.577936210131333006e-01,-1.990000000000000102e-01,0.000000000000000000e+00
7.603001876172608142e-01,-1.990000000000000102e-01,0.000000000000000000e+00
7.628067542213884389e-01,-1.990000000000000102e-01,0.000000000000000000e+00
7.653133208255160636e-01,-1.990000000000000102e-01,0.000000000000000000e+00
7.678198874296435772e-01,-1.990000000000000102e-01,0.000000000000000000e+00
7.703264540337712019e-01,-1.990000000000000102e-01,0.000000000000000000e+00
7.728330206378987155e-01,-1.990000000000000102e-01,0.000000000000000000e+00
7.753395872420263402e-01,-1.990000000000000102e-01,0.000000000000000000e+00
7.778461538461539648e-01,-1.990000000000000102e-01,0.000000000000000000e+00
7.803527204502814785e-01,-1.990000000000000102e-01,0.000000000000000000e+00
7.828592870544091031e-01,-1.990000000000000102e-01,0.000000000000000000e+00
7.853658536585366168e-01,-1.990000000000000102e-01,0.000000000000000000e+00
7.878724202626642414e-01,-1.990000000000000102e-01,0.000000000000000000e+00
7.903789868667918661e-01,-1.990000000000000102e-01,0.000000000000000000e+00
7.928855534709193797e-01,-1.990000000000000102e-01,0.000000000000000000e+00
7.953921200750470044e-01,-1.990000000000000102e-01,0.000000000000000000e+00
7.978986866791745181e-01,-1.990000000000000102e-01,0.000000000000000000e+00
8.004052532833021427e-01,-1.990000000000000102e-01,0.000000000000000000e+00
8.029118198874296564e-01,-1.990000000000000102e-01,0.000000000000000000e+00
8.054183864915572810e-01,-1.990000000000000102e-01,0.000000000000000000e+00
8.079249530956849057e-01,-1.990000000000000102e-01,0.000000000000000000e+00
8.104315196998124193e-01,-1.990000000000000102e-01,0.000000000000000000e+00
8.129380863039400440e-01,-1.990000000000000102e-01,0.000000000000000000e+00
8.154446529080675576e-01,-1.990000000000000102e-01,0.000000000000000000e+00
8.179512195121951823e-01,-1.990000000000000102e-01,0.000000000000000000e+00
8.204577861163228070e-01,-1.990000000000000102e-01,0.000000000000000000e+00
8.229643527204503206e-01,-1.990000000000000102e-01,0.000000000000000000e+00
8.254709193245779453e-01,-1.990000000000000102e-01,0.000000000000000000e+00
8.279774859287054589e-01,-1.990000000000000102e-01,0.000000000000000000e+00
8.304840525328330836e-01,-1.990000000000000102e-01,0.000000000000000000e+00
8.329906191369607082e-01,-1.990000000000000102e-01,0.000000000000000000e+00
8.354971857410882219e-01,-1.990000000000000102e-01,0.000000000000000000e+00
8.380037523452158466e-01,-1.990000000000000102e-01,0.000000000000000000e+00
8.405103189493433602e-01,-1.990000000000000102e-01,0.000000000000000000e+00
8.430168855534709849e-01,-1.990000000000000102e-01,0.000000000000000000e+00
8.455234521575986095e-01,-1.990000000000000102e-01,0.000000000000000000e+00
8.480300187617261232e-01,-1.990000000000000102e-01,0.000000000000000000e+00
8.505365853658537478e-01,-1.990000000000000102e-01,0.000000000000000000e+00
8.530431519699812615e-01,-1.990000000000000102e-01,0.000000000000000000e+00
8.555497185741088861e-01,-1.990000000000000102e-01,0.000000000000000000e+00
8.580562851782365108e-01,-1.990000000000000102e-01,0.000000000000000000e+00
8.605628517823640244e-01,-1.990000000000000102e-01,0.000000000000000000e+00
8.630694183864916491e-01,-1.990000000000000102e-01,0.000000000000000000e+00
8.655759849906191628e-01,-1.990000000000000102e-01,0.000000000000000000e+00
8.680825515947467874e-01,-1.990000000000000102e-01,0.000000000000000000e+00
8.705891181988744121e-01,-1.990000000000000102e-01,0.000000000000000000e+00
8.730956848030019257e-01,-1.990000000000000102e-01,0.000000000000000000e+00
8.756022514071295504e-01,-1.990000000000000102e-01,0.000000000000000000e+00
8.781088180112570640e-01,-1.990000000000000102e-01,0.000000000000000000e+00
8.806153846153846887e-01,-1.990000000000000102e-01,0.000000000000000000e+00
8.831219512195123134e-01,-1.990000000000000102e-01,0.000000000000000000e+00
8.856285178236398270e-01,-1.990000000000000102e-01,0.000000000000000000e+00
8.881350844277674517e-01,-1.990000000000000102e-01,0.000000000000000000e+00
8.906416510318949653e-01,-1.990000000000000102e-01,0.000000000000000000e+00
8.931482176360225900e-01,-1.990000000000000102e-01,0.000000000000000000e+00
8.956547842401502146e-01,-1.990000000000000102e-01,0.000000000000000000e+00
8.981613508442777283e-01,-1.990000000000000102e-01,0.000000000000000000e+00
9.006679174484053529e-01,-1.990000000000000102e-01,0.000000000000000000e+00
9.031744840525328666e-01,-1.990000000000000102e-01,0.000000000000000000e+00
9.056810506566604912e-01,-1.990000000000000102e-01,0.000000000000000000e+00
9.081876172607881159e-01,-1.990000000000000102e-01,0.000000000000000000e+00
9.106941838649156296e-01,-1.990000000000000102e-01,0.000000000000000000e+00
9.132007504690432542e-01,-1.990000000000000102e-01,0.000000000000000000e+00
9.157073170731707679e-01,-1.990000000000000102e-01,0.000000000000000000e+00
9.182138836772983925e-01,-1.990000000000000102e-01,0.000000000000000000e+00
9.207204502814260172e-01,-1.990000000000000102e-01,0.000000000000000000e+00
9.232270168855535308e-01,-1.990000000000000102e-01,0.000000000000000000e+00
9.257335834896811555e-01,-1.990000000000000102e-01,0.000000000000000000e+00
9.282401500938086691e-01,-1.990000000000000102e-01,0.000000000000000000e+00
9.307467166979362938e-01,-1.990000000000000102e-01,0.000000000000000000e+00
9.332532833020639185e-01,-1.990000000000000102e-01,0.000000000000000000e+00
9.357598499061914321e-01,-1.990000000000000102e-01,0.000000000000000000e+00
9.382664165103190568e-01,-1.990000000000000102e-01,0.000000000000000000e+00
9.407729831144465704e-01,-1.990000000000000102e-01,0.000000000000000000e+00
9.432795497185741951e-01,-1.990000000000000102e-01,0.000000000000000000e+00
9.457861163227018197e-01,-1.990000000000000102e-01,0.000000000000000000e+00
9.482926829268293334e-01,-1.990000000000000102e-01,0.000000000000000000e+00
9.507992495309569581e-01,-1.990000000000000102e-01,0.000000000000000000e+00
9.533058161350844717e-01,-1.990000000000000102e-01,0.000000000000000000e+00
9.558123827392120964e-01,-1.990000000000000102e-01,0.000000000000000000e+00
9.583189493433397210e-01,-1.990000000000000102e-01,0.000000000000000000e+00
9.608255159474672347e-01,-1.990000000000000102e-01,0.000000000000000000e+00
9.633320825515948593e-01,-1.990000000000000102e-01,0.000000000000000000e+00
9.658386491557223730e-01,-1.990000000000000102e-01,0.000000000000000000e+00
9.683452157598499976e-01,-1.990000000000000102e-01,0.000000000000000000e+00
9.708517823639776223e-01,-1.990000000000000102e-01,0.000000000000000000e+00
9.733583489681051359e-01,-1.990000000000000102e-01,0.000000000000000000e+00
9.758649155722327606e-01,-1.990000000000000102e-01,0.000000000000000000e+00
9.783714821763602743e-01,-1.990000000000000102e-01,0.000000000000000000e+00
9.808780487804878989e-01,-1.990000000000000102e-01,0.000000000000000000e+00
9.833846153846155236e-01,-1.990000000000000102e-01,0.000000000000000000e+00
9.858911819887430372e-01,-1.990000000000000102e-01,0.000000000000000000e+00
9.883977485928706619e-01,-1.990000000000000102e-01,0.000000000000000000e+00
9.909043151969981755e-01,-1.990000000000000102e-01,0.000000000000000000e+00
9.934108818011258002e-01,-1.990000000000000102e-01,0.000000000000000000e+00
9.959174484052534249e-01,-1.990000000000000102e-01,0.000000000000000000e+00
9.984240150093809385e-01,-1.990000000000000102e-01,0.000000000000000000e+00
1.000930581613508563e+00,-1.990000000000000102e-01,0.000000000000000000e+00
1.003437148217636077e+00,-1.990000000000000102e-01,0.000000000000000000e+00
1.005943714821763812e+00,-1.990000000000000102e-01,0.000000000000000000e+00
1.008450281425891326e+00,-1.990000000000000102e-01,0.000000000000000000e+00
1.010956848030018840e+00,-1.990000000000000102e-01,0.000000000000000000e+00
1.013463414634146353e+00,-1.990000000000000102e-01,0.000000000000000000e+00
1.015969981238273867e+00,-1.990000000000000102e-01,0.000000000000000000e+00
1.018476547842401603e+00,-1.990000000000000102e-01,0.000000000000000000e+00
1.020983114446529116e+00,-1.990000000000000102e-01,0.000000000000000000e+00
1.023489681050656852e+00,-1.990000000000000102e-01,0.000000000000000000e+00
1.025996247654784366e+00,-1.990000000000000102e-01,0.000000000000000000e+00
1.028502814258911879e+00,-1.990000000000000102e-01,0.000000000000000000e+00
1.031009380863039393e+00,-1.990000000000000102e-01,0.000000000000000000e+00
1.033515947467166907e+00,-1.990000000000000102e-01,0.000000000000000000e+00
1.036022514071294642e+00,-1.990000000000000102e-01,0.000000000000000000e+00
1.038529080675422378e+00,-1.990000000000000102e-01,0.000000000000000000e+00
1.041035647279549892e+00,-1.990000000000000102e-01,0.000000000000000000e+00
1.043542213883677405e+00,-1.990000000000000102e-01,0.000000000000000000e+00
1.046048780487804919e+00,-1.990000000000000102e-01,0.000000000000000000e+00
1.048555347091932433e+00,-1.990000000000000102e-01,0.000000000000000000e+00
1.051061913696060168e+00,-1.990000000000000102e-01,0.000000000000000000e+00
1.053568480300187682e+00,-1.990000000000000102e-01,0.000000000000000000e+00
1.056075046904315418e+00,-1.990000000000000102e-01,0.000000000000000000e+00
1.058581613508442931e+00,-1.990000000000000102e-01,0.000000000000000000e+00
1.061088180112570445e+00,-1.990000000000000102e-01,0.000000000000000000e+00
1.063594746716697959e+00,-1.990000000000000102e-01,0.000000000000000000e+00
1.066101313320825472e+00,-1.990000000000000102e-01,0.000000000000000000e+00
1.068607879924953208e+00,-1.990000000000000102e-01,0.000000000000000000e+00
1.071114446529080722e+00,-1.990000000000000102e-01,0.000000000000000000e+00
1.073621013133208457e+00,-1.990000000000000102e-01,0.000000000000000000e+00
1.076127579737335971e+00,-1.990000000000000102e-01,0.000000000000000000e+00
1.078634146341463484e+00,-1.990000000000000102e-01,0.000000000000000000e+00
1.081140712945590998e+00,-1.990000000000000102e-01,0.000000000000000000e+00
1.083647279549718512e+00,-1.990000000000000102e-01,0.000000000000000000e+00
1.086153846153846247e+00,-1.990000000000000102e-01,0.000000000000000000e+00
1.088660412757973983e+00,-1.990000000000000102e-01,0.000000000000000000e+00
1.091166979362101497e+00,-1.990000000000000102e-01,0.000000000000000000e+00
1.093673545966229010e+00,-1.990000000000000102e-01,0.000000000000000000e+00
1.096180112570356524e+00,-1.990000000000000102e-01,0.000000000000000000e+00
1.098686679174484038e+00,-1.990000000000000102e-01,0.000000000000000000e+00
1.101193245778611773e+00,-1.990000000000000102e-01,0.000000000000000000e+00
1.103699812382739287e+00,-1.990000000000000102e-01,0.000000000000000000e+00
1.106206378986867023e+00,-1.990000000000000102e-01,0.000000000000000000e+00
1.108712945590994536e+00,-1.990000000000000102e-01,0.000000000000000000e+00
1.111219512195122050e+00,-1.990000000000000102e-01,0.000000000000000000e+00
1.113726078799249564e+00,-1.990000000000000102e-01,0.000000000000000000e+00
1.116232645403377077e+00,-1.990000000000000102e-01,0.000000000000000000e+00
1.118739212007504813e+00,-1.990000000000000102e-01,0.000000000000000000e+00
1.121245778611632327e+00,-1.990000000000000102e-01,0.000000000000000000e+00
1.123752345215760062e+00,-1.990000000000000102e-01,0.000000000000000000e+00
1.126258911819887576e+00,-1.990000000000000102e-01,0.000000000000000000e+00
1.128765478424015090e+00,-1.990000000000000102e-01,0.000000000000000000e+00
1.131272045028142603e+00,-1.990000000000000102e-01,0.000000000000000000e+00
1.133778611632270117e+00,-1.990000000000000102e-01,0.000000000000000000e+00
1.136285178236397853e+00,-1.990000000000000102e-01,0.000000000000000000e+00
1.138791744840525588e+00,-1.990000000000000102e-01,0.000000000000000000e+00
1.141298311444653102e+00,-1.990000000000000102e-01,0.000000000000000000e+00
1.143804878048780616e+00,-1.990000000000000102e-01,0.000000000000000000e+00
1.146311444652908129e+00,-1.990000000000000102e-01,0.000000000000000000e+00
1.148818011257035643e+00,-1.990000000000000102e-01,0.000000000000000000e+00
1.151324577861163379e+00,-1.990000000000000102e-01,0.000000000000000000e+00
1.153831144465290892e+00,-1.990000000000000102e-01,0.000000000000000000e+00
1.156337711069418628e+00,-1.990000000000000102e-01,0.000000000000000000e+00
1.158844277673546141e+00,-1.990000000000000102e-01,0.000000000000000000e+00
1.161350844277673655e+00,-1.990000000000000102e-01,0.000000000000000000e+00
1.163857410881801169e+00,-1.990000000000000102e-01,0.000000000000000000e+00
1.166363977485928682e+00,-1.990000000000000102e-01,0.000000000000000000e+00
1.168870544090056418e+00,-1.990000000000000102e-01,0.000000000000000000e+00
1.171377110694183932e+00,-1.990000000000000102e-01,0.000000000000000000e+00
1.173883677298311667e+00,-1.990000000000000102e-01,0.000000000000000000e+00
1.176390243902439181e+00,-1.990000000000000102e-01,0.000000000000000000e+00
1.178896810506566695e+00,-1.990000000000000102e-01,0.000000000000000000e+00
1.181403377110694208e+00,-1.990000000000000102e-01,0.000000000000000000e+00
1.183909943714821722e+00,-1.990000000000000102e-01,0.000000000000000000e+00
1.186416510318949458e+00,-1.990000000000000102e-01,0.000000000000000000e+00
1.188923076923077193e+00,-1.990000000000000102e-01,0.000000000000000000e+00
1.191429643527204707e+00,-1.990000000000000102e-01,0.000000000000000000e+00
1.193936210131332221e+00,-1.990000000000000102e-01,0.000000000000000000e+00
1.196442776735459734e+00,-1.990000000000000102e-01,0.000000000000000000e+00
1.198949343339587248e+00,-1.990000000000000102e-01,0.000000000000000000e+00
1.201455909943714984e+00,-1.990000000000000102e-01,0.000000000000000000e+00
1.203962476547842497e+00,-1.990000000000000102e-01,0.000000000000000000e+00
1.206469043151970233e+00,-1.990000000000000102e-01,0.000000000000000000e+00
1.208975609756097747e+00,-1.990000000000000102e-01,0.000000000000000000e+00
1.211482176360225260e+00,-1.990000000000000102e-01,0.000000000000000000e+00
1.213988742964352774e+00,-1.990000000000000102e-01,0.000000000000000000e+00
1.216495309568480288e+00,-1.990000000000000102e-01,0.000000000000000000e+00
1.219001876172608023e+00,-1.990000000000000102e-01,0.000000000000000000e+00
1.221508442776735537e+00,-1.990000000000000102e-01,0.000000000000000000e+00
1.224015009380863273e+00,-1.990000000000000102e-01,0.000000000000000000e+00
1.226521575984990786e+00,-1.990000000000000102e-01,0.000000000000000000e+00
1.229028142589118300e+00,-1.990000000000000102e-01,0.000000000000000000e+00
1.231534709193245813e+00,-1.990000000000000102e-01,0.000000000000000000e+00
1.234041275797373327e+00,-1.990000000000000102e-01,0.000000000000000000e+00
1.236547842401501063e+00,-1.990000000000000102e-01,0.000000000000000000e+00
1.239054409005628576e+00,-1.990000000000000102e-01,0.000000000000000000e+00
1.241560975609756312e+00,-1.990000000000000102e-01,0.000000000000000000e+00
1.244067542213883826e+00,-1.990000000000000102e-01,0.000000000000000000e+00
1.246574108818011339e+00,-1.990000000000000102e-01,0.000000000000000000e+00
1.249080675422138853e+00,-1.990000000000000102e-01,0.000000000000000000e+00
1.251587242026266367e+00,-1.990000000000000102e-01,0.000000000000000000e+00
1.254093808630394102e+00,-1.990000000000000102e-01,0.000000000000000000e+00
1.256600375234521838e+00,-1.990000000000000102e-01,0.000000000000000000e+00
1.259106941838649352e+00,-1.990000000000000102e-01,0.000000000000000000e+00
1.261613508442776865e+00,-1.990000000000000102e-01,0.000000000000000000e+00
1.264120075046904379e+00,-1.990000000000000102e-01,0.000000000000000000e+00
1.266626641651032115e+00,-1.990000000000000102e-01,0.000000000000000000e+00
1.269133208255159628e+00,-1.990000000000000102e-01,0.000000000000000000e+00
1.271639774859287142e+00,-1.990000000000000102e-01,0.000000000000000000e+00
1.274146341463414656e+00,-1.990000000000000102e-01,0.000000000000000000e+00
1.276652908067542391e+00,-1.990000000000000102e-01,0.000000000000000000e+00
1.279159474671669905e+00,-1.990000000000000102e-01,0.000000000000000000e+00
1.281666041275797419e+00,-1.990000000000000102e-01,0.000000000000000000e+00
1.284172607879925154e+00,-1.990000000000000102e-01,0.000000000000000000e+00
1.286679174484052668e+00,-1.990000000000000102e-01,0.000000000000000000e+00
1.289185741088180182e+00,-1.990000000000000102e-01,0.000000000000000000e+00
1.291692307692307917e+00,-1.990000000000000102e-01,0.000000000000000000e+00
1.294198874296435431e+00,-1.990000000000000102e-01,0.000000000000000000e+00
1.296705440900562945e+00,-1.990000000000000102e-01,0.000000000000000000e+00
1.299212007504690458e+00,-1.990000000000000102e-01,0.000000000000000000e+00
1.301718574108818194e+00,-1.990000000000000102e-01,0.000000000000000000e+00
1.304225140712945707e+00,-1.990000000000000102e-01,0.000000000000000000e+00
1.306731707317073221e+00,-1.990000000000000102e-01,0.000000000000000000e+00
1.309238273921200957e+00,-1.990000000000000102e-01,0.000000000000000000e+00
1.311744840525328470e+00,-1.990000000000000102e-01,0.000000000000000000e+00
1.314251407129455984e+00,-1.990000000000000102e-01,0.000000000000000000e+00
1.316757973733583720e+00,-1.990000000000000102e-01,0.000000000000000000e+00
1.319264540337711233e+00,-1.990000000000000102e-01,0.000000000000000000e+00
1.321771106941838747e+00,-1.990000000000000102e-01,0.000000000000000000e+00
1.324277673545966261e+00,-1.990000000000000102e-01,0.000000000000000000e+00
1.326784240150093996e+00,-1.990000000000000102e-01,0.000000000000000000e+00
1.329290806754221510e+00,-1.990000000000000102e-01,0.000000000000000000e+00
1.331797373358349024e+00,-1.990000000000000102e-01,0.000000000000000000e+00
1.334303939962476759e+00,-1.990000000000000102e-01,0.000000000000000000e+00
1.336810506566604273e+00,-1.990000000000000102e-01,0.000000000000000000e+00
1.339317073170731787e+00,-1.990000000000000102e-01,0.000000000000000000e+00
1.341823639774859300e+00,-1.990000000000000102e-01,0.000000000000000000e+00
1.344330206378987036e+00,-1.990000000000000102e-01,0.000000000000000000e+00
1.346836772983114550e+00,-1.990000000000000102e-01,0.000000000000000000e+00
1.349343339587242063e+00,-1.990000000000000102e-01,0.000000000000000000e+00
1.351849906191369799e+00,-1.990000000000000102e-01,0.000000000000000000e+00
1.354356472795497313e+00,-1.990000000000000102e-01,0.000000000000000000e+00
1.356863039399624826e+00,-1.990000000000000102e-01,0.000000000000000000e+00
1.359369606003752562e+00,-1.990000000000000102e-01,0.000000000000000000e+00
1.361876172607880076e+00,-1.990000000000000102e-01,0.000000000000000000e+00
1.364382739212007589e+00,-1.990000000000000102e-01,0.000000000000000000e+00
1.366889305816135103e+00,-1.990000000000000102e-01,0.000000000000000000e+00
1.369395872420262839e+00,-1.990000000000000102e-01,0.000000000000000000e+00
1.371902439024390352e+00,-1.990000000000000102e-01,0.000000000000000000e+00
1.374409005628517866e+00,-1.990000000000000102e-01,0.000000000000000000e+00
1.376915572232645602e+00,-1.990000000000000102e-01,0.000000000000000000e+00
1.379422138836773115e+00,-1.990000000000000102e-01,0.000000000000000000e+00
1.381928705440900629e+00,-1.990000000000000102e-01,0.000000000000000000e+00
1.384435272045028364e+00,-1.990000000000000102e-01,0.000000000000000000e+00
1.386941838649155878e+00,-1.990000000000000102e-01,0.000000000000000000e+00
1.389448405253283392e+00,-1.990000000000000102e-01,0.000000000000000000e+00
1.391954971857410905e+00,-1.990000000000000102e-01,0.000000000000000000e+00
1.394461538461538641e+00,-1.990000000000000102e-01,0.000000000000000000e+00
1.396968105065666155e+00,-1.990000000000000102e-01,0.000000000000000000e+00
1.399474671669793668e+00,-1.990000000000000102e-01,0.000000000000000000e+00
1.401981238273921404e+00,-1.990000000000000102e-01,0.000000000000000000e+00
1.404487804878048918e+00,-1.990000000000000102e-01,0.000000000000000000e+00
1.406994371482176431e+00,-1.990000000000000102e-01,0.000000000000000000e+00
1.409500938086304167e+00,-1.990000000000000102e-01,0.000000000000000000e+00
1.412007504690431681e+00,-1.990000000000000102e-01,0.000000000000000000e+00
1.414514071294559194e+00,-1.990000000000000102e-01,0.000000000000000000e+00
1.417020637898686708e+00,-1.990000000000000102e-01,0.000000000000000000e+00
1.419527204502814444e+00,-1.990000000000000102e-01,0.000000000000000000e+00
1.422033771106941957e+00,-1.990000000000000102e-01,0.000000000000000000e+00
1.424540337711069471e+00,-1.990000000000000102e-01,0.000000000000000000e+00
1.427046904315197207e+00,-1.990000000000000102e-01,0.000000000000000000e+00
1.429553470919324720e+00,-1.990000000000000102e-01,0.000000000000000000e+00
1.432060037523452234e+00,-1.990000000000000102e-01,0.000000000000000000e+00
1.434566604127579970e+00,-1.990000000000000102e-01,0.000000000000000000e+00
1.437073170731707483e+00,-1.990000000000000102e-01,0.000000000000000000e+00
1.439579737335834997e+00,-1.990000000000000102e-01,0.000000000000000000e+00
1.442086303939962511e+00,-1.990000000000000102e-01,0.000000000000000000e+00
1.444592870544090246e+00,-1.990000000000000102e-01,0.000000000000000000e+00
1.447099437148217760e+00,-1.990000000000000102e-01,0.000000000000000000e+00
1.449606003752345273e+00,-1.990000000000000102e-01,0.000000000000000000e+00
1.452112570356473009e+00,-1.990000000000000102e-01,0.000000000000000000e+00
1.454619136960600523e+00,-1.990000000000000102e-01,0.000000000000000000e+00
1.457125703564728036e+00,-1.990000000000000102e-01,0.000000000000000000e+00
1.459632270168855772e+00,-1.990000000000000102e-01,0.000000000000000000e+00
1.462138836772983286e+00,-1.990000000000000102e-01,0.000000000000000000e+00
1.464645403377110799e+00,-1.990000000000000102e-01,0.000000000000000000e+00
1.467151969981238313e+00,-1.990000000000000102e-01,0.000000000000000000e+00
1.469658536585366049e+00,-1.990000000000000102e-01,0.000000000000000000e+00
1.472165103189493562e+00,-1.990000000000000102e-01,0.000000000000000000e+00
1.474671669793621076e+00,-1.990000000000000102e-01,0.000000000000000000e+00
1.477178236397748812e+00,-1.990000000000000102e-01,0.000000000000000000e+00
1.479684803001876325e+00,-1.990000000000000102e-01,0.000000000000000000e+00
1.482191369606003839e+00,-1.990000000000000102e-01,0.000000000000000000e+00
1.484697936210131575e+00,-1.990000000000000102e-01,0.000000000000000000e+00
1.487204502814259088e+00,-1.990000000000000102e-01,0.000000000000000000e+00
1.489711069418386602e+00,-1.990000000000000102e-01,0.000000000000000000e+00
1.492217636022514116e+00,-1.990000000000000102e-01,0.000000000000000000e+00
1.494724202626641851e+00,-1.990000000000000102e-01,0.000000000000000000e+00
1.497230769230769365e+00,-1.990000000000000102e-01,0.000000000000000000e+00
1.499737335834896879e+00,-1.990000000000000102e-01,0.000000000000000000e+00
1.502243902439024614e+00,-1.990000000000000102e-01,0.000000000000000000e+00
1.504750469043152128e+00,-1.990000000000000102e-01,0.000000000000000000e+00
1.507257035647279642e+00,-1.990000000000000102e-01,0.000000000000000000e+00
1.509763602251407377e+00,-1.990000000000000102e-01,0.000000000000000000e+00
1.512270168855534891e+00,-1.990000000000000102e-01,0.000000000000000000e+00
1.514776735459662405e+00,-1.990000000000000102e-01,0.000000000000000000e+00
1.517283302063789918e+00,-1.990000000000000102e-01,0.000000000000000000e+00
1.519789868667917654e+00,-1.990000000000000102e-01,0.000000000000000000e+00
1.522296435272045168e+00,-1.990000000000000102e-01,0.000000000000000000e+00
1.524803001876172681e+00,-1.990000000000000102e-01,0.000000000000000000e+00
1.527309568480300417e+00,-1.990000000000000102e-01,0.000000000000000000e+00
1.529816135084427930e+00,-1.990000000000000102e-01,0.000000000000000000e+00
1.532322701688555444e+00,-1.990000000000000102e-01,0.000000000000000000e+00
1.534829268292683180e+00,-1.990000000000000102e-01,0.000000000000000000e+00
1.537335834896810693e+00,-1.990000000000000102e-01,0.000000000000000000e+00
1.539842401500938207e+00,-1.990000000000000102e-01,0.000000000000000000e+00
1.542348968105065721e+00,-1.990000000000000102e-01,0.000000000000000000e+00
1.544855534709193456e+00,-1.990000000000000102e-01,0.000000000000000000e+00
1.547362101313320970e+00,-1.990000000000000102e-01,0.000000000000000000e+00
1.549868667917448484e+00,-1.990000000000000102e-01,0.000000000000000000e+00
1.552375234521576219e+00,-1.990000000000000102e-01,0.000000000000000000e+00
1.554881801125703733e+00,-1.990000000000000102e-01,0.000000000000000000e+00
1.557388367729831247e+00,-1.990000000000000102e-01,0.000000000000000000e+00
1.559894934333958760e+00,-1.990000000000000102e-01,0.000000000000000000e+00
1.562401500938086496e+00,-1.990000000000000102e-01,0.000000000000000000e+00
1.564908067542214010e+00,-1.990000000000000102e-01,0.000000000000000000e+00
1.567414634146341523e+00,-1.990000000000000102e-01,0.000000000000000000e+00
1.569921200750469259e+00,-1.990000000000000102e-01,0.000000000000000000e+00
1.572427767354596773e+00,-1.990000000000000102e-01,0.000000000000000000e+00
1.574934333958724286e+00,-1.990000000000000102e-01,0.000000000000000000e+00
1.577440900562852022e+00,-1.990000000000000102e-01,0.000000000000000000e+00
1.579947467166979536e+00,-1.990000000000000102e-01,0.000000000000000000e+00
1.582454033771107049e+00,-1.990000000000000102e-01,0.000000000000000000e+00
1.584960600375234563e+00,-1.990000000000000102e-01,0.000000000000000000e+00
1.587467166979362299e+00,-1.990000000000000102e-01,0.000000000000000000e+00
1.589973733583489812e+00,-1.990000000000000102e-01,0.000000000000000000e+00
1.592480300187617326e+00,-1.990000000000000102e-01,0.000000000000000000e+00
1.594986866791745062e+00,-1.990000000000000102e-01,0.000000000000000000e+00
1.597493433395872575e+00,-1.990000000000000102e-01,0.000000000000000000e+00
