-1.600000000000000089e+00,-4.470000000000000084e-01,0.000000000000000000e+00
-1.597496699669967102e+00,-4.470000000000000084e-01,0.000000000000000000e+00
-1.594993399339934115e+00,-4.470000000000000084e-01,0.000000000000000000e+00
-1.592490099009901128e+00,-4.470000000000000084e-01,0.000000000000000000e+00
-1.589986798679868141e+00,-4.470000000000000084e-01,0.000000000000000000e+00
-1.587483498349835154e+00,-4.470000000000000084e-01,0.000000000000000000e+00
-1.584980198019802167e+00,-4.470000000000000084e-01,0.000000000000000000e+00
-1.582476897689768958e+00,-4.470000000000000084e-01,0.000000000000000000e+00
-1.579973597359735971e+00,-4.470000000000000084e-01,0.000000000000000000e+00
-1.577470297029702984e+00,-4.470000000000000084e-01,0.000000000000000000e+00
-1.574966996699669997e+00,-4.470000000000000084e-01,0.000000000000000000e+00
-1.572463696369637010e+00,-4.470000000000000084e-01,0.000000000000000000e+00
-1.569960396039604023e+00,-4.470000000000000084e-01,0.000000000000000000e+00
-1.567457095709571036e+00,-4.470000000000000084e-01,0.000000000000000000e+00
-1.564953795379538048e+00,-4.470000000000000084e-01,0.000000000000000000e+00
-1.562450495049505061e+00,-4.470000000000000084e-01,0.000000000000000000e+00
-1.559947194719472074e+00,-4.470000000000000084e-01,0.000000000000000000e+00
-1.557443894389439087e+00,-4.470000000000000084e-01,0.000000000000000000e+00
-1.554940594059406100e+00,-4.470000000000000084e-01,0.000000000000000000e+00
-1.552437293729373113e+00,-4.470000000000000084e-01,0.000000000000000000e+00
-1.549933993399339904e+00,-4.470000000000000084e-01,0.000000000000000000e+00
-1.547430693069306917e+00,-4.470000000000000084e-01,0.000000000000000000e+00
-1.544927392739273930e+00,-4.470000000000000084e-01,0.000000000000000000e+00
-1.542424092409240943e+00,-4.470000000000000084e-01,0.000000000000000000e+00
-1.539920792079207956e+00,-4.470000000000000084e-01,0.000000000000000000e+00
-1.537417491749174969e+00,-4.470000000000000084e-01,0.000000000000000000e+00
-1.534914191419141982e+00,-4.470000000000000084e-01,0.000000000000000000e+00
-1.532410891089108995e+00,-4.470000000000000084e-01,0.000000000000000000e+00
-1.529907590759076008e+00,-4.470000000000000084e-01,0.000000000000000000e+00
-1.527404290429043021e+00,-4.470000000000000084e-01,0.000000000000000000e+00
-1.524900990099010034e+00,-4.470000000000000084e-01,0.000000000000000000e+00
-1.522397689768977047e+00,-4.470000000000000084e-01,0.000000000000000000e+00
-1.519894389438944060e+00,-4.470000000000000084e-01,0.000000000000000000e+00
-1.517391089108911073e+00,-4.470000000000000084e-01,0.000000000000000000e+00
-1.514887788778878086e+00,-4.470000000000000084e-01,0.000000000000000000e+00
-1.512384488448844877e+00,-4.470000000000000084e-01,0.000000000000000000e+00
-1.509881188118811890e+00,-4.470000000000000084e-01,0.000000000000000000e+00
-1.507377887788778903e+00,-4.470000000000000084e-01,0.000000000000000000e+00
-1.504874587458745916e+00,-4.470000000000000084e-01,0.000000000000000000e+00
-1.502371287128712929e+00,-4.470000000000000084e-01,0.000000000000000000e+00
-1.499867986798679942e+00,-4.470000000000000084e-01,0.000000000000000000e+00
-1.497364686468646955e+00,-4.470000000000000084e-01,0.000000000000000000e+00
-1.494861386138613968e+00,-4.470000000000000084e-01,0.000000000000000000e+00
-1.492358085808580981e+00,-4.470000000000000084e-01,0.000000000000000000e+00
-1.489854785478547994e+00,-4.470000000000000084e-01,0.000000000000000000e+00
-1.487351485148515007e+00,-4.470000000000000084e-01,0.000000000000000000e+00
-1.484848184818482020e+00,-4.470000000000000084e-01,0.000000000000000000e+00
-1.482344884488449033e+00,-4.470000000000000084e-01,0.000000000000000000e+00
-1.479841584158415824e+00,-4.470000000000000084e-01,0.000000000000000000e+00
-1.477338283828382837e+00,-4.470000000000000084e-01,0.000000000000000000e+00
-1.474834983498349850e+00,-4.470000000000000084e-01,0.000000000000000000e+00
-1.472331683168316863e+00,-4.470000000000000084e-01,0.000000000000000000e+00
-1.469828382838283876e+00,-4.470000000000000084e-01,0.000000000000000000e+00
-1.467325082508250889e+00,-4.470000000000000084e-01,0.000000000000000000e+00
-1.464821782178217902e+00,-4.470000000000000084e-01,0.000000000000000000e+00
-1.462318481848184915e+00,-4.470000000000000084e-01,0.000000000000000000e+00
-1.459815181518151928e+00,-4.470000000000000084e-01,0.000000000000000000e+00
-1.457311881188118940e+00,-4.470000000000000084e-01,0.000000000000000000e+00
-1.454808580858085953e+00,-4.470000000000000084e-01,0.000000000000000000e+00
-1.452305280528052966e+00,-4.470000000000000084e-01,0.000000000000000000e+00
-1.449801980198019979e+00,-4.470000000000000084e-01,0.000000000000000000e+00
-1.447298679867986770e+00,-4.470000000000000084e-01,0.000000000000000000e+00
-1.444795379537953783e+00,-4.470000000000000084e-01,0.000000000000000000e+00
-1.442292079207920796e+00,-4.470000000000000084e-01,0.000000000000000000e+00
-1.439788778877887809e+00,-4.470000000000000084e-01,0.000000000000000000e+00
-1.437285478547854822e+00,-4.470000000000000084e-01,0.000000000000000000e+00
-1.434782178217821835e+00,-4.470000000000000084e-01,0.000000000000000000e+00
-1.432278877887788848e+00,-4.470000000000000084e-01,0.000000000000000000e+00
-1.429775577557755861e+00,-4.470000000000000084e-01,0.000000000000000000e+00
-1.427272277227722874e+00,-4.470000000000000084e-01,0.000000000000000000e+00
-1.424768976897689887e+00,-4.470000000000000084e-01,0.000000000000000000e+00
-1.422265676567656900e+00,-4.470000000000000084e-01,0.000000000000000000e+00
-1.419762376237623913e+00,-4.470000000000000084e-01,0.000000000000000000e+00
-1.417259075907590926e+00,-4.470000000000000084e-01,0.000000000000000000e+00
-1.414755775577557717e+00,-4.470000000000000084e-01,0.000000000000000000e+00
-1.412252475247524730e+00,-4.470000000000000084e-01,0.000000000000000000e+00
-1.409749174917491743e+00,-4.470000000000000084e-01,0.000000000000000000e+00
-1.407245874587458756e+00,-4.470000000000000084e-01,0.000000000000000000e+00
-1.404742574257425769e+00,-4.470000000000000084e-01,0.000000000000000000e+00
-1.402239273927392782e+00,-4.470000000000000084e-01,0.000000000000000000e+00
-1.399735973597359795e+00,-4.470000000000000084e-01,0.000000000000000000e+00
-1.397232673267326808e+00,-4.470000000000000084e-01,0.000000000000000000e+00
-1.394729372937293821e+00,-4.470000000000000084e-01,0.000000000000000000e+00
-1.392226072607260834e+00,-4.470000000000000084e-01,0.000000000000000000e+00
-1.389722772277227847e+00,-4.470000000000000084e-01,0.000000000000000000e+00
-1.387219471947194860e+00,-4.470000000000000084e-01,0.000000000000000000e+00
-1.384716171617161873e+00,-4.470000000000000084e-01,0.000000000000000000e+00
-1.382212871287128664e+00,-4.470000000000000084e-01,0.000000000000000000e+00
-1.379709570957095899e+00,-4.470000000000000084e-01,0.000000000000000000e+00
-1.377206270627062690e+00,-4.470000000000000084e-01,0.000000000000000000e+00
-1.374702970297029703e+00,-4.470000000000000084e-01,0.000000000000000000e+00
-1.372199669966996716e+00,-4.470000000000000084e-01,0.000000000000000000e+00
-1.369696369636963729e+00,-4.470000000000000084e-01,0.000000000000000000e+00
-1.367193069306930742e+00,-4.470000000000000084e-01,0.000000000000000000e+00
-1.364689768976897755e+00,-4.470000000000000084e-01,0.000000000000000000e+00
-1.362186468646864768e+00,-4.470000000000000084e-01,0.000000000000000000e+00
-1.359683168316831781e+00,-4.470000000000000084e-01,0.000000000000000000e+00
-1.357179867986798794e+00,-4.470000000000000084e-01,0.000000000000000000e+00
-1.354676567656765807e+00,-4.470000000000000084e-01,0.000000000000000000e+00
-1.352173267326732820e+00,-4.470000000000000084e-01,0.000000000000000000e+00
-1.349669966996699610e+00,-4.470000000000000084e-01,0.000000000000000000e+00
-1.347166666666666845e+00,-4.470000000000000084e-01,0.000000000000000000e+00
-1.344663366336633636e+00,-4.470000000000000084e-01,0.000000000000000000e+00
-1.342160066006600649e+00,-4.470000000000000084e-01,0.000000000000000000e+00
-1.339656765676567662e+00,-4.470000000000000084e-01,0.000000000000000000e+00
-1.337153465346534675e+00,-4.470000000000000084e-01,0.000000000000000000e+00
-1.334650165016501688e+00,-4.470000000000000084e-01,0.000000000000000000e+00
-1.332146864686468701e+00,-4.470000000000000084e-01,0.000000000000000000e+00
-1.329643564356435714e+00,-4.470000000000000084e-01,0.000000000000000000e+00
-1.327140264026402727e+00,-4.470000000000000084e-01,0.000000000000000000e+00
-1.324636963696369740e+00,-4.470000000000000084e-01,0.000000000000000000e+00
-1.322133663366336753e+00,-4.470000000000000084e-01,0.000000000000000000e+00
-1.319630363036303766e+00,-4.470000000000000084e-01,0.000000000000000000e+00
-1.317127062706270557e+00,-4.470000000000000084e-01,0.000000000000000000e+00
-1.314623762376237792e+00,-4.470000000000000084e-01,0.000000000000000000e+00
-1.312120462046204583e+00,-4.470000000000000084e-01,0.000000000000000000e+00
-1.309617161716171818e+00,-4.470000000000000084e-01,0.000000000000000000e+00
-1.307113861386138609e+00,-4.470000000000000084e-01,0.000000000000000000e+00
-1.304610561056105622e+00,-4.470000000000000084e-01,0.000000000000000000e+00
-1.302107260726072635e+00,-4.470000000000000084e-01,0.000000000000000000e+00
-1.299603960396039648e+00,-4.470000000000000084e-01,0.000000000000000000e+00
-1.297100660066006661e+00,-4.470000000000000084e-01,0.000000000000000000e+00
-1.294597359735973674e+00,-4.470000000000000084e-01,0.000000000000000000e+00
-1.292094059405940687e+00,-4.470000000000000084e-01,0.000000000000000000e+00
-1.289590759075907700e+00,-4.470000000000000084e-01,0.000000000000000000e+00
-1.287087458745874713e+00,-4.470000000000000084e-01,0.000000000000000000e+00
-1.284584158415841726e+00,-4.470000000000000084e-01,0.000000000000000000e+00
-1.282080858085808739e+00,-4.470000000000000084e-01,0.000000000000000000e+00
-1.279577557755775530e+00,-4.470000000000000084e-01,0.000000000000000000e+00
-1.277074257425742765e+00,-4.470000000000000084e-01,0.000000000000000000e+00
-1.274570957095709556e+00,-4.470000000000000084e-01,0.000000000000000000e+00
-1.272067656765676569e+00,-4.470000000000000084e-01,0.000000000000000000e+00
-1.269564356435643582e+00,-4.470000000000000084e-01,0.000000000000000000e+00
-1.267061056105610595e+00,-4.470000000000000084e-01,0.000000000000000000e+00
-1.264557755775577608e+00,-4.470000000000000084e-01,0.000000000000000000e+00
-1.262054455445544621e+00,-4.470000000000000084e-01,0.000000000000000000e+00
-1.259551155115511634e+00,-4.470000000000000084e-01,0.000000000000000000e+00
-1.257047854785478647e+00,-4.470000000000000084e-01,0.000000000000000000e+00
-1.254544554455445660e+00,-4.470000000000000084e-01,0.000000000000000000e+00
-1.252041254125412673e+00,-4.470000000000000084e-01,0.000000000000000000e+00
-1.249537953795379686e+00,-4.470000000000000084e-01,0.000000000000000000e+00
-1.247034653465346477e+00,-4.470000000000000084e-01,0.000000000000000000e+00
-1.244531353135313712e+00,-4.470000000000000084e-01,0.000000000000000000e+00
-1.242028052805280502e+00,-4.470000000000000084e-01,0.000000000000000000e+00
-1.239524752475247515e+00,-4.470000000000000084e-01,0.000000000000000000e+00
-1.237021452145214528e+00,-4.470000000000000084e-01,0.000000000000000000e+00
-1.234518151815181541e+00,-4.470000000000000084e-01,0.000000000000000000e+00
-1.232014851485148554e+00,-4.470000000000000084e-01,0.000000000000000000e+00
-1.229511551155115567e+00,-4.470000000000000084e-01,0.000000000000000000e+00
-1.227008250825082580e+00,-4.470000000000000084e-01,0.000000000000000000e+00
-1.224504950495049593e+00,-4.470000000000000084e-01,0.000000000000000000e+00
-1.222001650165016606e+00,-4.470000000000000084e-01,0.000000000000000000e+00
-1.219498349834983619e+00,-4.470000000000000084e-01,0.000000000000000000e+00
-1.216995049504950632e+00,-4.470000000000000084e-01,0.000000000000000000e+00
-1.214491749174917423e+00,-4.470000000000000084e-01,0.000000000000000000e+00
-1.211988448844884658e+00,-4.470000000000000084e-01,0.000000000000000000e+00
-1.209485148514851449e+00,-4.470000000000000084e-01,0.000000000000000000e+00
-1.206981848184818462e+00,-4.470000000000000084e-01,0.000000000000000000e+00
-1.204478547854785475e+00,-4.470000000000000084e-01,0.000000000000000000e+00
-1.201975247524752488e+00,-4.470000000000000084e-01,0.000000000000000000e+00
-1.199471947194719501e+00,-4.470000000000000084e-01,0.000000000000000000e+00
-1.196968646864686514e+00,-4.470000000000000084e-01,0.000000000000000000e+00
-1.194465346534653527e+00,-4.470000000000000084e-01,0.000000000000000000e+00
-1.191962046204620540e+00,-4.470000000000000084e-01,0.000000000000000000e+00
-1.189458745874587553e+00,-4.470000000000000084e-01,0.000000000000000000e+00
-1.186955445544554566e+00,-4.470000000000000084e-01,0.000000000000000000e+00
-1.184452145214521579e+00,-4.470000000000000084e-01,0.000000000000000000e+00
-1.181948844884488370e+00,-4.470000000000000084e-01,0.000000000000000000e+00
-1.179445544554455605e+00,-4.470000000000000084e-01,0.000000000000000000e+00
-1.176942244224422396e+00,-4.470000000000000084e-01,0.000000000000000000e+00
-1.174438943894389631e+00,-4.470000000000000084e-01,0.000000000000000000e+00
-1.171935643564356422e+00,-4.470000000000000084e-01,0.000000000000000000e+00
-1.169432343234323435e+00,-4.470000000000000084e-01,0.000000000000000000e+00
-1.166929042904290448e+00,-4.470000000000000084e-01,0.000000000000000000e+00
-1.164425742574257461e+00,-4.470000000000000084e-01,0.000000000000000000e+00
-1.161922442244224474e+00,-4.470000000000000084e-01,0.000000000000000000e+00
-1.159419141914191487e+00,-4.470000000000000084e-01,0.000000000000000000e+00
-1.156915841584158500e+00,-4.470000000000000084e-01,0.000000000000000000e+00
-1.154412541254125513e+00,-4.470000000000000084e-01,0.000000000000000000e+00
-1.151909240924092526e+00,-4.470000000000000084e-01,0.000000000000000000e+00
-1.149405940594059539e+00,-4.470000000000000084e-01,0.000000000000000000e+00
-1.146902640264026552e+00,-4.470000000000000084e-01,0.000000000000000000e+00
-1.144399339933993343e+00,-4.470000000000000084e-01,0.000000000000000000e+00
-1.141896039603960578e+00,-4.470000000000000084e-01,0.000000000000000000e+00
-1.139392739273927369e+00,-4.470000000000000084e-01,0.000000000000000000e+00
-1.136889438943894381e+00,-4.470000000000000084e-01,0.000000000000000000e+00
-1.134386138613861394e+00,-4.470000000000000084e-01,0.000000000000000000e+00
-1.131882838283828407e+00,-4.470000000000000084e-01,0.000000000000000000e+00
-1.129379537953795420e+00,-4.470000000000000084e-01,0.000000000000000000e+00
-1.126876237623762433e+00,-4.470000000000000084e-01,0.000000000000000000e+00
-1.124372937293729446e+00,-4.470000000000000084e-01,0.000000000000000000e+00
-1.121869636963696459e+00,-4.470000000000000084e-01,0.000000000000000000e+00
-1.119366336633663472e+00,-4.470000000000000084e-01,0.000000000000000000e+00
-1.116863036303630485e+00,-4.470000000000000084e-01,0.000000000000000000e+00
-1.114359735973597498e+00,-4.470000000000000084e-01,0.000000000000000000e+00
-1.111856435643564289e+00,-4.470000000000000084e-01,0.000000000000000000e+00
-1.109353135313531524e+00,-4.470000000000000084e-01,0.000000000000000000e+00
-1.106849834983498315e+00,-4.470000000000000084e-01,0.000000000000000000e+00
-1.104346534653465328e+00,-4.470000000000000084e-01,0.000000000000000000e+00
-1.101843234323432341e+00,-4.470000000000000084e-01,0.000000000000000000e+00
-1.099339933993399354e+00,-4.470000000000000084e-01,0.000000000000000000e+00
-1.096836633663366367e+00,-4.470000000000000084e-01,0.000000000000000000e+00
-1.094333333333333380e+00,-4.470000000000000084e-01,0.000000000000000000e+00
-1.091830033003300393e+00,-4.470000000000000084e-01,0.000000000000000000e+00
-1.089326732673267406e+00,-4.470000000000000084e-01,0.000000000000000000e+00
-1.086823432343234419e+00,-4.470000000000000084e-01,0.000000000000000000e+00
-1.084320132013201210e+00,-4.470000000000000084e-01,0.000000000000000000e+00
-1.081816831683168445e+00,-4.470000000000000084e-01,0.000000000000000000e+00
-1.079313531353135236e+00,-4.470000000000000084e-01,0.000000000000000000e+00
-1.076810231023102471e+00,-4.470000000000000084e-01,0.000000000000000000e+00
-1.074306930693069262e+00,-4.470000000000000084e-01,0.000000000000000000e+00
-1.071803630363036497e+00,-4.470000000000000084e-01,0.000000000000000000e+00
-1.069300330033003288e+00,-4.470000000000000084e-01,0.000000000000000000e+00
-1.066797029702970301e+00,-4.470000000000000084e-01,0.000000000000000000e+00
-1.064293729372937314e+00,-4.470000000000000084e-01,0.000000000000000000e+00
-1.061790429042904327e+00,-4.470000000000000084e-01,0.000000000000000000e+00
-1.059287128712871340e+00,-4.470000000000000084e-01,0.000000000000000000e+00
-1.056783828382838353e+00,-4.470000000000000084e-01,0.000000000000000000e+00
-1.054280528052805366e+00,-4.470000000000000084e-01,0.000000000000000000e+00
-1.051777227722772157e+00,-4.470000000000000084e-01,0.000000000000000000e+00
-1.049273927392739392e+00,-4.470000000000000084e-01,0.000000000000000000e+00
-1.046770627062706183e+00,-4.470000000000000084e-01,0.000000000000000000e+00
-1.044267326732673418e+00,-4.470000000000000084e-01,0.000000000000000000e+00
-1.041764026402640209e+00,-4.470000000000000084e-01,0.000000000000000000e+00
-1.039260726072607444e+00,-4.470000000000000084e-01,0.000000000000000000e+00
-1.036757425742574235e+00,-4.470000000000000084e-01,0.000000000000000000e+00
-1.034254125412541248e+00,-4.470000000000000084e-01,0.000000000000000000e+00
-1.031750825082508261e+00,-4.470000000000000084e-01,0.000000000000000000e+00
-1.029247524752475274e+00,-4.470000000000000084e-01,0.000000000000000000e+00
-1.026744224422442286e+00,-4.470000000000000084e-01,0.000000000000000000e+00
-1.024240924092409299e+00,-4.470000000000000084e-01,0.000000000000000000e+00
-1.021737623762376312e+00,-4.470000000000000084e-01,0.000000000000000000e+00
-1.019234323432343325e+00,-4.470000000000000084e-01,0.000000000000000000e+00
-1.016731023102310338e+00,-4.470000000000000084e-01,0.000000000000000000e+00
-1.014227722772277129e+00,-4.470000000000000084e-01,0.000000000000000000e+00
-1.011724422442244364e+00,-4.470000000000000084e-01,0.000000000000000000e+00
-1.009221122112211155e+00,-4.470000000000000084e-01,0.000000000000000000e+00
-1.006717821782178390e+00,-4.470000000000000084e-01,0.000000000000000000e+00
-1.004214521452145181e+00,-4.470000000000000084e-01,0.000000000000000000e+00
-1.001711221122112416e+00,-4.470000000000000084e-01,0.000000000000000000e+00
-9.992079207920792072e-01,-4.470000000000000084e-01,0.000000000000000000e+00
-9.967046204620462202e-01,-4.470000000000000084e-01,0.000000000000000000e+00
-9.942013201320132332e-01,-4.470000000000000084e-01,0.000000000000000000e+00
-9.916980198019802462e-01,-4.470000000000000084e-01,0.000000000000000000e+00
-9.891947194719472591e-01,-4.470000000000000084e-01,0.000000000000000000e+00
-9.866914191419142721e-01,-4.470000000000000084e-01,0.000000000000000000e+00
-9.841881188118811741e-01,-4.470000000000000084e-01,0.000000000000000000e+00
-9.816848184818481871e-01,-4.470000000000000084e-01,0.000000000000000000e+00
-9.791815181518152000e-01,-4.470000000000000084e-01,0.000000000000000000e+00
-9.766782178217822130e-01,-4.470000000000000084e-01,0.000000000000000000e+00
-9.741749174917492260e-01,-4.470000000000000084e-01,0.000000000000000000e+00
-9.716716171617162390e-01,-4.470000000000000084e-01,0.000000000000000000e+00
-9.691683168316832520e-01,-4.470000000000000084e-01,0.000000000000000000e+00
-9.666650165016501539e-01,-4.470000000000000084e-01,0.000000000000000000e+00
-9.641617161716171669e-01,-4.470000000000000084e-01,0.000000000000000000e+00
-9.616584158415841799e-01,-4.470000000000000084e-01,0.000000000000000000e+00
-9.591551155115511929e-01,-4.470000000000000084e-01,0.000000000000000000e+00
-9.566518151815182058e-01,-4.470000000000000084e-01,0.000000000000000000e+00
-9.541485148514852188e-01,-4.470000000000000084e-01,0.000000000000000000e+00
-9.516452145214522318e-01,-4.470000000000000084e-01,0.000000000000000000e+00
-9.491419141914191338e-01,-4.470000000000000084e-01,0.000000000000000000e+00
-9.466386138613861467e-01,-4.470000000000000084e-01,0.000000000000000000e+00
-9.441353135313531597e-01,-4.470000000000000084e-01,0.000000000000000000e+00
-9.416320132013201727e-01,-4.470000000000000084e-01,0.000000000000000000e+00
-9.391287128712871857e-01,-4.470000000000000084e-01,0.000000000000000000e+00
-9.366254125412541987e-01,-4.470000000000000084e-01,0.000000000000000000e+00
-9.341221122112212116e-01,-4.470000000000000084e-01,0.000000000000000000e+00
-9.316188118811881136e-01,-4.470000000000000084e-01,0.000000000000000000e+00
-9.291155115511551266e-01,-4.470000000000000084e-01,0.000000000000000000e+00
-9.266122112211221395e-01,-4.470000000000000084e-01,0.000000000000000000e+00
-9.241089108910891525e-01,-4.470000000000000084e-01,0.000000000000000000e+00
-9.216056105610561655e-01,-4.470000000000000084e-01,0.000000000000000000e+00
-9.191023102310231785e-01,-4.470000000000000084e-01,0.000000000000000000e+00
-9.165990099009900804e-01,-4.470000000000000084e-01,0.000000000000000000e+00
-9.140957095709570934e-01,-4.470000000000000084e-01,0.000000000000000000e+00
-9.115924092409241064e-01,-4.470000000000000084e-01,0.000000000000000000e+00
-9.090891089108911194e-01,-4.470000000000000084e-01,0.000000000000000000e+00
-9.065858085808581324e-01,-4.470000000000000084e-01,0.000000000000000000e+00
-9.040825082508251453e-01,-4.470000000000000084e-01,0.000000000000000000e+00
-9.015792079207921583e-01,-4.470000000000000084e-01,0.000000000000000000e+00
-8.990759075907590603e-01,-4.470000000000000084e-01,0.000000000000000000e+00
-8.965726072607260733e-01,-4.470000000000000084e-01,0.000000000000000000e+00
-8.940693069306930862e-01,-4.470000000000000084e-01,0.000000000000000000e+00
-8.915660066006600992e-01,-4.470000000000000084e-01,0.000000000000000000e+00
-8.890627062706271122e-01,-4.470000000000000084e-01,0.000000000000000000e+00
-8.865594059405941252e-01,-4.470000000000000084e-01,0.000000000000000000e+00
-8.840561056105611382e-01,-4.470000000000000084e-01,0.000000000000000000e+00
-8.815528052805280401e-01,-4.470000000000000084e-01,0.000000000000000000e+00
-8.790495049504950531e-01,-4.470000000000000084e-01,0.000000000000000000e+00
-8.765462046204620661e-01,-4.470000000000000084e-01,0.000000000000000000e+00
-8.740429042904290791e-01,-4.470000000000000084e-01,0.000000000000000000e+00
-8.715396039603960920e-01,-4.470000000000000084e-01,0.000000000000000000e+00
-8.690363036303631050e-01,-4.470000000000000084e-01,0.000000000000000000e+00
-8.665330033003301180e-01,-4.470000000000000084e-01,0.000000000000000000e+00
-8.640297029702970200e-01,-4.470000000000000084e-01,0.000000000000000000e+00
-8.615264026402640329e-01,-4.470000000000000084e-01,0.000000000000000000e+00
-8.590231023102310459e-01,-4.470000000000000084e-01,0.000000000000000000e+00
-8.565198019801980589e-01,-4.470000000000000084e-01,0.000000000000000000e+00
-8.540165016501650719e-01,-4.470000000000000084e-01,0.000000000000000000e+00
-8.515132013201320849e-01,-4.470000000000000084e-01,0.000000000000000000e+00
-8.490099009900989868e-01,-4.470000000000000084e-01,0.000000000000000000e+00
-8.465066006600659998e-01,-4.470000000000000084e-01,0.000000000000000000e+00
-8.440033003300330128e-01,-4.470000000000000084e-01,0.000000000000000000e+00
-8.415000000000000258e-01,-4.470000000000000084e-01,0.000000000000000000e+00
-8.389966996699670387e-01,-4.470000000000000084e-01,0.000000000000000000e+00
-8.364933993399340517e-01,-4.470000000000000084e-01,0.000000000000000000e+00
-8.339900990099010647e-01,-4.470000000000000084e-01,0.000000000000000000e+00
-8.314867986798679667e-01,-4.470000000000000084e-01,0.000000000000000000e+00
-8.289834983498349796e-01,-4.470000000000000084e-01,0.000000000000000000e+00
-8.264801980198019926e-01,-4.470000000000000084e-01,0.000000000000000000e+00
-8.239768976897690056e-01,-4.470000000000000084e-01,0.000000000000000000e+00
-8.214735973597360186e-01,-4.470000000000000084e-01,0.000000000000000000e+00
-8.189702970297030316e-01,-4.470000000000000084e-01,0.000000000000000000e+00
-8.164669966996700445e-01,-4.470000000000000084e-01,0.000000000000000000e+00
-8.139636963696369465e-01,-4.470000000000000084e-01,0.000000000000000000e+00
-8.114603960396039595e-01,-4.470000000000000084e-01,0.000000000000000000e+00
-8.089570957095709725e-01,-4.470000000000000084e-01,0.000000000000000000e+00
-8.064537953795379854e-01,-4.470000000000000084e-01,0.000000000000000000e+00
-8.039504950495049984e-01,-4.470000000000000084e-01,0.000000000000000000e+00
-8.014471947194720114e-01,-4.470000000000000084e-01,0.000000000000000000e+00
-7.989438943894389134e-01,-4.470000000000000084e-01,0.000000000000000000e+00
-7.964405940594059263e-01,-4.470000000000000084e-01,0.000000000000000000e+00
-7.939372937293729393e-01,-4.470000000000000084e-01,0.000000000000000000e+00
-7.914339933993399523e-01,-4.470000000000000084e-01,0.000000000000000000e+00
-7.889306930693069653e-01,-4.470000000000000084e-01,0.000000000000000000e+00
-7.864273927392739783e-01,-4.470000000000000084e-01,0.000000000000000000e+00
-7.839240924092409912e-01,-4.470000000000000084e-01,0.000000000000000000e+00
-7.814207920792078932e-01,-4.470000000000000084e-01,0.000000000000000000e+00
-7.789174917491749062e-01,-4.470000000000000084e-01,0.000000000000000000e+00
-7.764141914191419191e-01,-4.470000000000000084e-01,0.000000000000000000e+00
-7.739108910891089321e-01,-4.470000000000000084e-01,0.000000000000000000e+00
-7.714075907590759451e-01,-4.470000000000000084e-01,0.000000000000000000e+00
-7.689042904290429581e-01,-4.470000000000000084e-01,0.000000000000000000e+00
-7.664009900990099711e-01,-4.470000000000000084e-01,0.000000000000000000e+00
-7.638976897689768730e-01,-4.470000000000000084e-01,0.000000000000000000e+00
-7.613943894389438860e-01,-4.470000000000000084e-01,0.000000000000000000e+00
-7.588910891089108990e-01,-4.470000000000000084e-01,0.000000000000000000e+00
-7.563877887788779120e-01,-4.470000000000000084e-01,0.000000000000000000e+00
-7.538844884488449249e-01,-4.470000000000000084e-01,0.000000000000000000e+00
-7.513811881188119379e-01,-4.470000000000000084e-01,0.000000000000000000e+00
-7.488778877887789509e-01,-4.470000000000000084e-01,0.000000000000000000e+00
-7.463745874587458529e-01,-4.470000000000000084e-01,0.000000000000000000e+00
-7.438712871287128658e-01,-4.470000000000000084e-01,0.000000000000000000e+00
-7.413679867986798788e-01,-4.470000000000000084e-01,0.000000000000000000e+00
-7.388646864686468918e-01,-4.470000000000000084e-01,0.000000000000000000e+00
-7.363613861386139048e-01,-4.470000000000000084e-01,0.000000000000000000e+00
-7.338580858085809178e-01,-4.470000000000000084e-01,0.000000000000000000e+00
-7.313547854785478197e-01,-4.470000000000000084e-01,0.000000000000000000e+00
-7.288514851485148327e-01,-4.470000000000000084e-01,0.000000000000000000e+00
-7.263481848184818457e-01,-4.470000000000000084e-01,0.000000000000000000e+00
-7.238448844884488587e-01,-4.470000000000000084e-01,0.000000000000000000e+00
-7.213415841584158716e-01,-4.470000000000000084e-01,0.000000000000000000e+00
-7.188382838283828846e-01,-4.470000000000000084e-01,0.000000000000000000e+00
-7.163349834983498976e-01,-4.470000000000000084e-01,0.000000000000000000e+00
-7.138316831683167996e-01,-4.470000000000000084e-01,0.000000000000000000e+00
-7.113283828382838125e-01,-4.470000000000000084e-01,0.000000000000000000e+00
-7.088250825082508255e-01,-4.470000000000000084e-01,0.000000000000000000e+00
-7.063217821782178385e-01,-4.470000000000000084e-01,0.000000000000000000e+00
-7.038184818481848515e-01,-4.470000000000000084e-01,0.000000000000000000e+00
-7.013151815181518645e-01,-4.470000000000000084e-01,0.000000000000000000e+00
-6.988118811881188774e-01,-4.470000000000000084e-01,0.000000000000000000e+00
-6.963085808580857794e-01,-4.470000000000000084e-01,0.000000000000000000e+00
-6.938052805280527924e-01,-4.470000000000000084e-01,0.000000000000000000e+00
-6.913019801980198054e-01,-4.470000000000000084e-01,0.000000000000000000e+00
-6.887986798679868183e-01,-4.470000000000000084e-01,0.000000000000000000e+00
-6.862953795379538313e-01,-4.470000000000000084e-01,0.000000000000000000e+00
-6.837920792079208443e-01,-4.470000000000000084e-01,0.000000000000000000e+00
-6.812887788778878573e-01,-4.470000000000000084e-01,0.000000000000000000e+00
-6.787854785478547592e-01,-4.470000000000000084e-01,0.000000000000000000e+00
-6.762821782178217722e-01,-4.470000000000000084e-01,0.000000000000000000e+00
-6.737788778877887852e-01,-4.470000000000000084e-01,0.000000000000000000e+00
-6.712755775577557982e-01,-4.470000000000000084e-01,0.000000000000000000e+00
-6.687722772277228112e-01,-4.470000000000000084e-01,0.000000000000000000e+00
-6.662689768976898241e-01,-4.470000000000000084e-01,0.000000000000000000e+00
-6.637656765676567261e-01,-4.470000000000000084e-01,0.000000000000000000e+00
-6.612623762376237391e-01,-4.470000000000000084e-01,0.000000000000000000e+00
-6.587590759075907521e-01,-4.470000000000000084e-01,0.000000000000000000e+00
-6.562557755775577650e-01,-4.470000000000000084e-01,0.000000000000000000e+00
-6.537524752475247780e-01,-4.470000000000000084e-01,0.000000000000000000e+00
-6.512491749174917910e-01,-4.470000000000000084e-01,0.000000000000000000e+00
-6.487458745874588040e-01,-4.470000000000000084e-01,0.000000000000000000e+00
-6.462425742574257059e-01,-4.470000000000000084e-01,0.000000000000000000e+00
-6.437392739273927189e-01,-4.470000000000000084e-01,0.000000000000000000e+00
-6.412359735973597319e-01,-4.470000000000000084e-01,0.000000000000000000e+00
-6.387326732673267449e-01,-4.470000000000000084e-01,0.000000000000000000e+00
-6.362293729372937579e-01,-4.470000000000000084e-01,0.000000000000000000e+00
-6.337260726072607708e-01,-4.470000000000000084e-01,0.000000000000000000e+00
-6.312227722772277838e-01,-4.470000000000000084e-01,0.000000000000000000e+00
-6.287194719471946858e-01,-4.470000000000000084e-01,0.000000000000000000e+00
-6.262161716171616987e-01,-4.470000000000000084e-01,0.000000000000000000e+00
-6.237128712871287117e-01,-4.470000000000000084e-01,0.000000000000000000e+00
-6.212095709570957247e-01,-4.470000000000000084e-01,0.000000000000000000e+00
-6.187062706270627377e-01,-4.470000000000000084e-01,0.000000000000000000e+00
-6.162029702970297507e-01,-4.470000000000000084e-01,0.000000000000000000e+00
-6.136996699669967636e-01,-4.470000000000000084e-01,0.000000000000000000e+00
-6.111963696369636656e-01,-4.470000000000000084e-01,0.000000000000000000e+00
-6.086930693069306786e-01,-4.470000000000000084e-01,0.000000000000000000e+00
-6.061897689768976916e-01,-4.470000000000000084e-01,0.000000000000000000e+00
-6.036864686468647045e-01,-4.470000000000000084e-01,0.000000000000000000e+00
-6.011831683168317175e-01,-4.470000000000000084e-01,0.000000000000000000e+00
-5.986798679867986195e-01,-4.470000000000000084e-01,0.000000000000000000e+00
-5.961765676567656325e-01,-4.470000000000000084e-01,0.000000000000000000e+00
-5.936732673267326454e-01,-4.470000000000000084e-01,0.000000000000000000e+00
-5.911699669966996584e-01,-4.470000000000000084e-01,0.000000000000000000e+00
-5.886666666666666714e-01,-4.470000000000000084e-01,0.000000000000000000e+00
-5.861633663366336844e-01,-4.470000000000000084e-01,0.000000000000000000e+00
-5.836600660066006974e-01,-4.470000000000000084e-01,0.000000000000000000e+00
-5.811567656765677103e-01,-4.470000000000000084e-01,0.000000000000000000e+00
-5.786534653465347233e-01,-4.470000000000000084e-01,0.000000000000000000e+00
-5.761501650165017363e-01,-4.470000000000000084e-01,0.000000000000000000e+00
-5.736468646864687493e-01,-4.470000000000000084e-01,0.000000000000000000e+00
-5.711435643564355402e-01,-4.470000000000000084e-01,0.000000000000000000e+00
-5.686402640264025532e-01,-4.470000000000000084e-01,0.000000000000000000e+00
-5.661369636963695662e-01,-4.470000000000000084e-01,0.000000000000000000e+00
-5.636336633663365792e-01,-4.470000000000000084e-01,0.000000000000000000e+00
-5.611303630363035921e-01,-4.470000000000000084e-01,0.000000000000000000e+00
-5.586270627062706051e-01,-4.470000000000000084e-01,0.000000000000000000e+00
-5.561237623762376181e-01,-4.470000000000000084e-01,0.000000000000000000e+00
-5.536204620462046311e-01,-4.470000000000000084e-01,0.000000000000000000e+00
-5.511171617161716441e-01,-4.470000000000000084e-01,0.000000000000000000e+00
-5.486138613861386570e-01,-4.470000000000000084e-01,0.000000000000000000e+00
-5.461105610561056700e-01,-4.470000000000000084e-01,0.000000000000000000e+00
-5.436072607260726830e-01,-4.470000000000000084e-01,0.000000000000000000e+00
-5.411039603960396960e-01,-4.470000000000000084e-01,0.000000000000000000e+00
-5.386006600660067090e-01,-4.470000000000000084e-01,0.000000000000000000e+00
-5.360973597359734999e-01,-4.470000000000000084e-01,0.000000000000000000e+00
-5.335940594059405129e-01,-4.470000000000000084e-01,0.000000000000000000e+00
-5.310907590759075259e-01,-4.470000000000000084e-01,0.000000000000000000e+00
-5.285874587458745388e-01,-4.470000000000000084e-01,0.000000000000000000e+00
-5.260841584158415518e-01,-4.470000000000000084e-01,0.000000000000000000e+00
-5.235808580858085648e-01,-4.470000000000000084e-01,0.000000000000000000e+00
-5.210775577557755778e-01,-4.470000000000000084e-01,0.000000000000000000e+00
-5.185742574257425908e-01,-4.470000000000000084e-01,0.000000000000000000e+00
-5.160709570957096037e-01,-4.470000000000000084e-01,0.000000000000000000e+00
-5.135676567656766167e-01,-4.470000000000000084e-01,0.000000000000000000e+00
-5.110643564356436297e-01,-4.470000000000000084e-01,0.000000000000000000e+00
-5.085610561056106427e-01,-4.470000000000000084e-01,0.000000000000000000e+00
-5.060577557755776557e-01,-4.470000000000000084e-01,0.000000000000000000e+00
-5.035544554455444466e-01,-4.470000000000000084e-01,0.000000000000000000e+00
-5.010511551155114596e-01,-4.470000000000000084e-01,0.000000000000000000e+00
-4.985478547854784726e-01,-4.470000000000000084e-01,0.000000000000000000e+00
-4.960445544554454855e-01,-4.470000000000000084e-01,0.000000000000000000e+00
-4.935412541254124985e-01,-4.470000000000000084e-01,0.000000000000000000e+00
-4.910379537953795115e-01,-4.470000000000000084e-01,0.000000000000000000e+00
-4.885346534653465245e-01,-4.470000000000000084e-01,0.000000000000000000e+00
-4.860313531353135375e-01,-4.470000000000000084e-01,0.000000000000000000e+00
-4.835280528052805504e-01,-4.470000000000000084e-01,0.000000000000000000e+00
-4.810247524752475634e-01,-4.470000000000000084e-01,0.000000000000000000e+00
-4.785214521452145764e-01,-4.470000000000000084e-01,0.000000000000000000e+00
-4.760181518151815894e-01,-4.470000000000000084e-01,0.000000000000000000e+00
-4.735148514851486024e-01,-4.470000000000000084e-01,0.000000000000000000e+00
-4.710115511551156153e-01,-4.470000000000000084e-01,0.000000000000000000e+00
-4.685082508250824063e-01,-4.470000000000000084e-01,0.000000000000000000e+00
-4.660049504950494192e-01,-4.470000000000000084e-01,0.000000000000000000e+00
-4.635016501650164322e-01,-4.470000000000000084e-01,0.000000000000000000e+00
-4.609983498349834452e-01,-4.470000000000000084e-01,0.000000000000000000e+00
-4.584950495049504582e-01,-4.470000000000000084e-01,0.000000000000000000e+00
-4.559917491749174712e-01,-4.470000000000000084e-01,0.000000000000000000e+00
-4.534884488448844841e-01,-4.470000000000000084e-01,0.000000000000000000e+00
-4.509851485148514971e-01,-4.470000000000000084e-01,0.000000000000000000e+00
-4.484818481848185101e-01,-4.470000000000000084e-01,0.000000000000000000e+00
-4.459785478547855231e-01,-4.470000000000000084e-01,0.000000000000000000e+00
-4.434752475247525361e-01,-4.470000000000000084e-01,0.000000000000000000e+00
-4.409719471947195490e-01,-4.470000000000000084e-01,0.000000000000000000e+00
-4.384686468646865620e-01,-4.470000000000000084e-01,0.000000000000000000e+00
-4.359653465346533530e-01,-4.470000000000000084e-01,0.000000000000000000e+00
-4.334620462046203659e-01,-4.470000000000000084e-01,0.000000000000000000e+00
-4.309587458745873789e-01,-4.470000000000000084e-01,0.000000000000000000e+00
-4.284554455445543919e-01,-4.470000000000000084e-01,0.000000000000000000e+00
-4.259521452145214049e-01,-4.470000000000000084e-01,0.000000000000000000e+00
-4.234488448844884179e-01,-4.470000000000000084e-01,0.000000000000000000e+00
-4.209455445544554308e-01,-4.470000000000000084e-01,0.000000000000000000e+00
-4.184422442244224438e-01,-4.470000000000000084e-01,0.000000000000000000e+00
-4.159389438943894568e-01,-4.470000000000000084e-01,0.000000000000000000e+00
-4.134356435643564698e-01,-4.470000000000000084e-01,0.000000000000000000e+00
-4.109323432343234828e-01,-4.470000000000000084e-01,0.000000000000000000e+00
-4.084290429042904957e-01,-4.470000000000000084e-01,0.000000000000000000e+00
-4.059257425742575087e-01,-4.470000000000000084e-01,0.000000000000000000e+00
-4.034224422442245217e-01,-4.470000000000000084e-01,0.000000000000000000e+00
-4.009191419141913126e-01,-4.470000000000000084e-01,0.000000000000000000e+00
-3.984158415841583256e-01,-4.470000000000000084e-01,0.000000000000000000e+00
-3.959125412541253386e-01,-4.470000000000000084e-01,0.000000000000000000e+00
-3.934092409240923516e-01,-4.470000000000000084e-01,0.000000000000000000e+00
-3.909059405940593646e-01,-4.470000000000000084e-01,0.000000000000000000e+00
-3.884026402640263775e-01,-4.470000000000000084e-01,0.000000000000000000e+00
-3.858993399339933905e-01,-4.470000000000000084e-01,0.000000000000000000e+00
-3.833960396039604035e-01,-4.470000000000000084e-01,0.000000000000000000e+00
-3.808927392739274165e-01,-4.470000000000000084e-01,0.000000000000000000e+00
-3.783894389438944295e-01,-4.470000000000000084e-01,0.000000000000000000e+00
-3.758861386138614424e-01,-4.470000000000000084e-01,0.000000000000000000e+00
-3.733828382838284554e-01,-4.470000000000000084e-01,0.000000000000000000e+00
-3.708795379537954684e-01,-4.470000000000000084e-01,0.000000000000000000e+00
-3.683762376237622593e-01,-4.470000000000000084e-01,0.000000000000000000e+00
-3.658729372937292723e-01,-4.470000000000000084e-01,0.000000000000000000e+00
-3.633696369636962853e-01,-4.470000000000000084e-01,0.000000000000000000e+00
-3.608663366336632983e-01,-4.470000000000000084e-01,0.000000000000000000e+00
-3.583630363036303113e-01,-4.470000000000000084e-01,0.000000000000000000e+00
-3.558597359735973242e-01,-4.470000000000000084e-01,0.000000000000000000e+00
-3.533564356435643372e-01,-4.470000000000000084e-01,0.000000000000000000e+00
-3.508531353135313502e-01,-4.470000000000000084e-01,0.000000000000000000e+00
-3.483498349834983632e-01,-4.470000000000000084e-01,0.000000000000000000e+00
-3.458465346534653762e-01,-4.470000000000000084e-01,0.000000000000000000e+00
-3.433432343234323891e-01,-4.470000000000000084e-01,0.000000000000000000e+00
-3.408399339933994021e-01,-4.470000000000000084e-01,0.000000000000000000e+00
-3.383366336633664151e-01,-4.470000000000000084e-01,0.000000000000000000e+00
-3.358333333333334281e-01,-4.470000000000000084e-01,0.000000000000000000e+00
-3.333300330033002190e-01,-4.470000000000000084e-01,0.000000000000000000e+00
-3.308267326732672320e-01,-4.470000000000000084e-01,0.000000000000000000e+00
-3.283234323432342450e-01,-4.470000000000000084e-01,0.000000000000000000e+00
-3.258201320132012579e-01,-4.470000000000000084e-01,0.000000000000000000e+00
-3.233168316831682709e-01,-4.470000000000000084e-01,0.000000000000000000e+00
-3.208135313531352839e-01,-4.470000000000000084e-01,0.000000000000000000e+00
-3.183102310231022969e-01,-4.470000000000000084e-01,0.000000000000000000e+00
-3.158069306930693099e-01,-4.470000000000000084e-01,0.000000000000000000e+00
-3.133036303630363228e-01,-4.470000000000000084e-01,0.000000000000000000e+00
-3.108003300330033358e-01,-4.470000000000000084e-01,0.000000000000000000e+00
-3.082970297029703488e-01,-4.470000000000000084e-01,0.000000000000000000e+00
-3.057937293729373618e-01,-4.470000000000000084e-01,0.000000000000000000e+00
-3.032904290429043748e-01,-4.470000000000000084e-01,0.000000000000000000e+00
-3.007871287128711657e-01,-4.470000000000000084e-01,0.000000000000000000e+00
-2.982838283828381787e-01,-4.470000000000000084e-01,0.000000000000000000e+00
-2.957805280528051917e-01,-4.470000000000000084e-01,0.000000000000000000e+00
-2.932772277227722046e-01,-4.470000000000000084e-01,0.000000000000000000e+00
-2.907739273927392176e-01,-4.470000000000000084e-01,0.000000000000000000e+00
-2.882706270627062306e-01,-4.470000000000000084e-01,0.000000000000000000e+00
-2.857673267326732436e-01,-4.470000000000000084e-01,0.000000000000000000e+00
-2.832640264026402566e-01,-4.470000000000000084e-01,0.000000000000000000e+00
-2.807607260726072695e-01,-4.470000000000000084e-01,0.000000000000000000e+00
-2.782574257425742825e-01,-4.470000000000000084e-01,0.000000000000000000e+00
-2.757541254125412955e-01,-4.470000000000000084e-01,0.000000000000000000e+00
-2.732508250825083085e-01,-4.470000000000000084e-01,0.000000000000000000e+00
-2.707475247524753215e-01,-4.470000000000000084e-01,0.000000000000000000e+00
-2.682442244224423344e-01,-4.470000000000000084e-01,0.000000000000000000e+00
-2.657409240924091254e-01,-4.470000000000000084e-01,0.000000000000000000e+00
-2.632376237623761384e-01,-4.470000000000000084e-01,0.000000000000000000e+00
-2.607343234323431513e-01,-4.470000000000000084e-01,0.000000000000000000e+00
-2.582310231023101643e-01,-4.470000000000000084e-01,0.000000000000000000e+00
-2.557277227722771773e-01,-4.470000000000000084e-01,0.000000000000000000e+00
-2.532244224422441903e-01,-4.470000000000000084e-01,0.000000000000000000e+00
-2.507211221122112033e-01,-4.470000000000000084e-01,0.000000000000000000e+00
-2.482178217821782162e-01,-4.470000000000000084e-01,0.000000000000000000e+00
-2.457145214521452292e-01,-4.470000000000000084e-01,0.000000000000000000e+00
-2.432112211221122422e-01,-4.470000000000000084e-01,0.000000000000000000e+00
-2.407079207920792552e-01,-4.470000000000000084e-01,0.000000000000000000e+00
-2.382046204620462682e-01,-4.470000000000000084e-01,0.000000000000000000e+00
-2.357013201320132811e-01,-4.470000000000000084e-01,0.000000000000000000e+00
-2.331980198019800721e-01,-4.470000000000000084e-01,0.000000000000000000e+00
-2.306947194719470851e-01,-4.470000000000000084e-01,0.000000000000000000e+00
-2.281914191419140980e-01,-4.470000000000000084e-01,0.000000000000000000e+00
-2.256881188118811110e-01,-4.470000000000000084e-01,0.000000000000000000e+00
-2.231848184818481240e-01,-4.470000000000000084e-01,0.000000000000000000e+00
-2.206815181518151370e-01,-4.470000000000000084e-01,0.000000000000000000e+00
-2.181782178217821500e-01,-4.470000000000000084e-01,0.000000000000000000e+00
-2.156749174917491629e-01,-4.470000000000000084e-01,0.000000000000000000e+00
-2.131716171617161759e-01,-4.470000000000000084e-01,0.000000000000000000e+00
-2.106683168316831889e-01,-4.470000000000000084e-01,0.000000000000000000e+00
-2.081650165016502019e-01,-4.470000000000000084e-01,0.000000000000000000e+00
-2.056617161716172149e-01,-4.470000000000000084e-01,0.000000000000000000e+00
-2.031584158415842278e-01,-4.470000000000000084e-01,0.000000000000000000e+00
-2.006551155115512408e-01,-4.470000000000000084e-01,0.000000000000000000e+00
-1.981518151815180317e-01,-4.470000000000000084e-01,0.000000000000000000e+00
-1.956485148514850447e-01,-4.470000000000000084e-01,0.000000000000000000e+00
-1.931452145214520577e-01,-4.470000000000000084e-01,0.000000000000000000e+00
-1.906419141914190707e-01,-4.470000000000000084e-01,0.000000000000000000e+00
-1.881386138613860837e-01,-4.470000000000000084e-01,0.000000000000000000e+00
-1.856353135313530966e-01,-4.470000000000000084e-01,0.000000000000000000e+00
-1.831320132013201096e-01,-4.470000000000000084e-01,0.000000000000000000e+00
-1.806287128712871226e-01,-4.470000000000000084e-01,0.000000000000000000e+00
-1.781254125412541356e-01,-4.470000000000000084e-01,0.000000000000000000e+00
-1.756221122112211486e-01,-4.470000000000000084e-01,0.000000000000000000e+00
-1.731188118811881615e-01,-4.470000000000000084e-01,0.000000000000000000e+00
-1.706155115511551745e-01,-4.470000000000000084e-01,0.000000000000000000e+00
-1.681122112211221875e-01,-4.470000000000000084e-01,0.000000000000000000e+00
-1.656089108910889784e-01,-4.470000000000000084e-01,0.000000000000000000e+00
-1.631056105610559914e-01,-4.470000000000000084e-01,0.000000000000000000e+00
-1.606023102310230044e-01,-4.470000000000000084e-01,0.000000000000000000e+00
-1.580990099009900174e-01,-4.470000000000000084e-01,0.000000000000000000e+00
-1.555957095709570304e-01,-4.470000000000000084e-01,0.000000000000000000e+00
-1.530924092409240433e-01,-4.470000000000000084e-01,0.000000000000000000e+00
-1.505891089108910563e-01,-4.470000000000000084e-01,0.000000000000000000e+00
-1.480858085808580693e-01,-4.470000000000000084e-01,0.000000000000000000e+00
-1.455825082508250823e-01,-4.470000000000000084e-01,0.000000000000000000e+00
-1.430792079207920953e-01,-4.470000000000000084e-01,0.000000000000000000e+00
-1.405759075907591082e-01,-4.470000000000000084e-01,0.000000000000000000e+00
-1.380726072607261212e-01,-4.470000000000000084e-01,0.000000000000000000e+00
-1.355693069306931342e-01,-4.470000000000000084e-01,0.000000000000000000e+00
-1.330660066006601472e-01,-4.470000000000000084e-01,0.000000000000000000e+00
-1.305627062706269381e-01,-4.470000000000000084e-01,0.000000000000000000e+00
-1.280594059405939511e-01,-4.470000000000000084e-01,0.000000000000000000e+00
-1.255561056105609641e-01,-4.470000000000000084e-01,0.000000000000000000e+00
-1.230528052805279771e-01,-4.470000000000000084e-01,0.000000000000000000e+00
-1.205495049504949900e-01,-4.470000000000000084e-01,0.000000000000000000e+00
-1.180462046204620030e-01,-4.470000000000000084e-01,0.000000000000000000e+00
-1.155429042904290160e-01,-4.470000000000000084e-01,0.000000000000000000e+00
-1.130396039603960290e-01,-4.470000000000000084e-01,0.000000000000000000e+00
-1.105363036303630420e-01,-4.470000000000000084e-01,0.000000000000000000e+00
-1.080330033003300549e-01,-4.470000000000000084e-01,0.000000000000000000e+00
-1.055297029702970679e-01,-4.470000000000000084e-01,0.000000000000000000e+00
-1.030264026402640809e-01,-4.470000000000000084e-01,0.000000000000000000e+00
-1.005231023102310939e-01,-4.470000000000000084e-01,0.000000000000000000e+00
-9.801980198019788482e-02,-4.470000000000000084e-01,0.000000000000000000e+00
-9.551650165016489780e-02,-4.470000000000000084e-01,0.000000000000000000e+00
-9.301320132013191078e-02,-4.470000000000000084e-01,0.000000000000000000e+00
-9.050990099009892376e-02,-4.470000000000000084e-01,0.000000000000000000e+00
-8.800660066006593674e-02,-4.470000000000000084e-01,0.000000000000000000e+00
-8.550330033003294972e-02,-4.470000000000000084e-01,0.000000000000000000e+00
-8.300000000000000433e-02,-4.470000000000000084e-01,0.000000000000000000e+00
-8.300000000000000433e-02,-4.470000000000000084e-01,2.026270676102281509e+00
-8.045098039215686780e-02,-4.470000000000000084e-01,1.829941698462215660e+00
-7.790196078431373128e-02,-4.470000000000000084e-01,1.658432202690837798e+00
-7.535294117647059475e-02,-4.470000000000000084e-01,1.511741875411053870e+00
-7.280392156862745823e-02,-4.470000000000000084e-01,1.389012063449248879e+00
-7.025490196078432170e-02,-4.470000000000000084e-01,1.287512312388588542e+00
-6.770588235294118518e-02,-4.470000000000000084e-01,1.206701106650968969e+00
-6.515686274509804865e-02,-4.470000000000000084e-01,1.146578446236370619e+00
-6.260784313725489825e-02,-4.470000000000000084e-01,1.106954598789052779e+00
-6.005882352941176866e-02,-4.470000000000000084e-01,1.078912898455041125e+00
-5.750980392156863213e-02,-4.470000000000000084e-01,1.049890548889971242e+00
-5.496078431372548867e-02,-4.470000000000000084e-01,1.018941619560592704e+00
-5.241176470588235214e-02,-4.470000000000000084e-01,9.860661104669243837e-01
-4.986274509803921562e-02,-4.470000000000000084e-01,9.512640216089471856e-01
-4.731372549019607909e-02,-4.470000000000000084e-01,9.145353529866775411e-01
-4.476470588235294257e-02,-4.470000000000000084e-01,8.758801046001043478e-01
-4.221568627450980604e-02,-4.470000000000000084e-01,8.352982764492332679e-01
-3.966666666666666952e-02,-4.470000000000000084e-01,7.927898685340643015e-01
-3.711764705882353299e-02,-4.470000000000000084e-01,7.483548808545973374e-01
-3.456862745098039646e-02,-4.470000000000000084e-01,7.019933134108213846e-01
-3.201960784313725994e-02,-4.470000000000000084e-01,6.538258068339409812e-01
-2.947058823529411647e-02,-4.470000000000000084e-01,6.056575024200772095e-01
-2.692156862745097995e-02,-4.470000000000000084e-01,5.588780015136267654e-01
-2.437254901960784342e-02,-4.470000000000000084e-01,5.135230494866951378e-01
-2.182352941176470690e-02,-4.470000000000000084e-01,4.695926463393738093e-01
-1.927450980392156343e-02,-4.470000000000000084e-01,4.270867920716066579e-01
-1.672549019607842691e-02,-4.470000000000000084e-01,3.860054866834061182e-01
-1.417647058823529038e-02,-4.470000000000000084e-01,3.463487301747790181e-01
-1.162745098039215386e-02,-4.470000000000000084e-01,3.081165225457307422e-01
-9.078431372549017331e-03,-4.470000000000000084e-01,2.713088637962449701e-01
-6.529411764705880805e-03,-4.470000000000000084e-01,2.359257539263271697e-01
-3.980392156862744280e-03,-4.470000000000000084e-01,2.019671929359773133e-01
-1.431372549019607754e-03,-1.431372549019607754e-03,1.694331808252008409e-01
1.117647058823528772e-03,-4.470000000000000084e-01,1.383237175940140729e-01
3.666666666666665297e-03,-4.470000000000000084e-01,1.086388032423680622e-01
6.215686274509801823e-03,-4.470000000000000084e-01,8.037843777030631576e-02
8.764705882352938349e-03,-4.470000000000000084e-01,5.354262117781252717e-02
1.131372549019607487e-02,-4.470000000000000084e-01,2.813135346489212957e-02
1.386274509803921140e-02,-4.470000000000000084e-01,4.144634631534234101e-03
1.641176470588234793e-02,-4.470000000000000084e-01,-1.841753532223937978e-02
1.896078431372548445e-02,-4.470000000000000084e-01,-3.955515639646116355e-02
2.150980392156863485e-02,-4.470000000000000084e-01,-5.926822859109364544e-02
2.405882352941177138e-02,-4.470000000000000084e-01,-7.755675190616885539e-02
2.660784313725490791e-02,-4.470000000000000084e-01,-9.442072634167612832e-02
2.915686274509804443e-02,-4.470000000000000084e-01,-1.098601518975936553e-01
3.170588235294118096e-02,-4.470000000000000084e-01,-1.238750285739650264e-01
3.425490196078431748e-02,-4.470000000000000084e-01,-1.364653563707521056e-01
3.680392156862745401e-02,-4.470000000000000084e-01,-1.476311352879821348e-01
3.935294117647059053e-02,-4.470000000000000084e-01,-1.573723653256224320e-01
4.190196078431372706e-02,-4.470000000000000084e-01,-1.656890464837047772e-01
4.445098039215687746e-02,-4.470000000000000084e-01,-1.725811787622218985e-01
4.700000000000000011e-02,-4.470000000000000084e-01,0.000000000000000000e+00
4.700000000000000011e-02,-4.470000000000000084e-01,0.000000000000000000e+00
5.000000000000000278e-02,-4.470000000000000084e-01,0.000000000000000000e+00
5.299999999999999850e-02,-4.470000000000000084e-01,0.000000000000000000e+00
5.600000000000000117e-02,-4.470000000000000084e-01,0.000000000000000000e+00
5.600000000000000117e-02,-4.470000000000000084e-01,-9.387103640251726056e-01
5.800000000000000294e-02,-4.470000000000000084e-01,0.000000000000000000e+00
5.999999999999999778e-02,-4.470000000000000084e-01,0.000000000000000000e+00
6.199999999999999956e-02,-4.470000000000000084e-01,0.000000000000000000e+00
6.400000000000000133e-02,-4.470000000000000084e-01,3.703551178828472512e-01
6.658823529411764253e-02,-4.470000000000000084e-01,3.275129188127563484e-01
6.917647058823529760e-02,-4.470000000000000084e-01,2.860623120590766177e-01
7.176470588235293879e-02,-4.470000000000000084e-01,2.460032976218175238e-01
7.435294117647059386e-02,-4.470000000000000084e-01,2.073358755010008547e-01
7.694117647058823506e-02,-4.470000000000000084e-01,1.700600456966065710e-01
7.952941176470587625e-02,-4.470000000000000084e-01,1.341758082086299264e-01
8.211764705882353133e-02,-4.470000000000000084e-01,9.968316303708914250e-02
8.470588235294117252e-02,-4.470000000000000084e-01,6.658211018196026620e-02
8.729411764705882759e-02,-4.470000000000000084e-01,3.487264964327189271e-02
8.988235294117646879e-02,-4.470000000000000084e-01,4.554781421001512232e-03
9.247058823529410998e-02,-4.470000000000000084e-01,-2.437149448483966890e-02
9.505882352941176505e-02,-4.470000000000000084e-01,-5.190617807426248231e-02
9.764705882352942012e-02,-4.470000000000000084e-01,-7.804926934724593091e-02
1.002352941176470613e-01,-4.470000000000000084e-01,-1.028007683038268394e-01
1.028235294117647025e-01,-4.470000000000000084e-01,-1.261606749439518615e-01
1.054117647058823437e-01,-4.470000000000000084e-01,-1.481289892676684872e-01
1.079999999999999988e-01,-4.470000000000000084e-01,-1.687057112749620613e-01
1.105882352941176539e-01,-4.470000000000000084e-01,-1.878908409658168743e-01
1.131764705882352950e-01,-4.470000000000000084e-01,-2.056843783402470816e-01
1.157647058823529362e-01,-4.470000000000000084e-01,-2.220863233982642848e-01
1.183529411764705774e-01,-4.470000000000000084e-01,-2.370966761398511646e-01
1.209411764705882325e-01,-4.470000000000000084e-01,-2.507154365650155481e-01
1.235294117647058876e-01,-4.470000000000000084e-01,-2.629426046737361466e-01
1.261176470588235288e-01,-4.470000000000000084e-01,-2.737781804660585072e-01
1.287058823529411700e-01,-4.470000000000000084e-01,-2.832221639419273407e-01
1.312941176470588389e-01,-4.470000000000000084e-01,-2.912745551013923850e-01
1.338823529411764524e-01,-4.470000000000000084e-01,-2.979353539444212218e-01
1.364705882352941213e-01,-4.470000000000000084e-01,-3.032045604710251752e-01
1.390588235294117625e-01,-4.470000000000000084e-01,-3.070821746812021913e-01
1.416470588235294037e-01,-4.470000000000000084e-01,-3.095681965749468301e-01
1.442352941176470726e-01,-4.470000000000000084e-01,-3.106626261522884569e-01
1.468235294117646861e-01,-4.470000000000000084e-01,-3.103654634131770007e-01
1.494117647058823550e-01,-4.470000000000000084e-01,-3.086767083576571480e-01
1.519999999999999962e-01,-4.470000000000000084e-01,0.000000000000000000e+00
1.519999999999999962e-01,-4.470000000000000084e-01,0.000000000000000000e+00
1.549999999999999989e-01,-4.470000000000000084e-01,0.000000000000000000e+00
1.580000000000000016e-01,-4.470000000000000084e-01,0.000000000000000000e+00
1.610000000000000042e-01,-4.470000000000000084e-01,0.000000000000000000e+00
1.610000000000000042e-01,-4.470000000000000084e-01,-4.755344082787982263e-01
1.635882352941176454e-01,-4.470000000000000084e-01,-3.504523096283097550e-01
1.661764705882352866e-01,-4.470000000000000084e-01,-2.721222485237148048e-01
1.687647058823529278e-01,-4.470000000000000084e-01,-2.405442249649840381e-01
1.713529411764705968e-01,-4.470000000000000084e-01,-2.557182389521520105e-01
1.739411764705882379e-01,-4.470000000000000084e-01,-3.176442904851841109e-01
1.765294117647058791e-01,-4.470000000000000084e-01,-4.263223795640990743e-01
1.791176470588235203e-01,-4.470000000000000084e-01,-5.817525061889075033e-01
1.817058823529411615e-01,-4.470000000000000084e-01,-7.839346703595797550e-01
1.842941176470588305e-01,-4.470000000000000084e-01,-1.032868872076140754e+00
1.868823529411764717e-01,-4.470000000000000084e-01,-1.328555111338581618e+00
1.894705882352941129e-01,-4.470000000000000084e-01,-1.670993388146910785e+00
1.920588235294117541e-01,-4.470000000000000084e-01,-2.060183702501101166e+00
1.946470588235293953e-01,-4.470000000000000084e-01,-2.496126054401185179e+00
1.972352941176470642e-01,-4.470000000000000084e-01,-2.978820443847146393e+00
1.998235294117646776e-01,-4.470000000000000084e-01,-3.508266870838985696e+00
2.024117647058823466e-01,-4.470000000000000084e-01,-4.084465335376715522e+00
2.049999999999999878e-01,-4.470000000000000084e-01,0.000000000000000000e+00
2.049999999999999878e-01,-4.470000000000000084e-01,0.000000000000000000e+00
2.075044883303411025e-01,-4.470000000000000084e-01,0.000000000000000000e+00
2.100089766606822173e-01,-4.470000000000000084e-01,0.000000000000000000e+00
2.125134649910233320e-01,-4.470000000000000084e-01,0.000000000000000000e+00
2.150179533213644467e-01,-4.470000000000000084e-01,0.000000000000000000e+00
2.175224416517055614e-01,-4.470000000000000084e-01,0.000000000000000000e+00
2.200269299820466762e-01,-4.470000000000000084e-01,0.000000000000000000e+00
2.225314183123877632e-01,-4.470000000000000084e-01,0.000000000000000000e+00
2.250359066427288779e-01,-4.470000000000000084e-01,0.000000000000000000e+00
2.275403949730699926e-01,-4.470000000000000084e-01,0.000000000000000000e+00
2.300448833034111074e-01,-4.470000000000000084e-01,0.000000000000000000e+00
2.325493716337522221e-01,-4.470000000000000084e-01,0.000000000000000000e+00
2.350538599640933368e-01,-4.470000000000000084e-01,0.000000000000000000e+00
2.375583482944344516e-01,-4.470000000000000084e-01,0.000000000000000000e+00
2.400628366247755663e-01,-4.470000000000000084e-01,0.000000000000000000e+00
2.425673249551166810e-01,-4.470000000000000084e-01,0.000000000000000000e+00
2.450718132854577958e-01,-4.470000000000000084e-01,0.000000000000000000e+00
2.475763016157989105e-01,-4.470000000000000084e-01,0.000000000000000000e+00
2.500807899461400252e-01,-4.470000000000000084e-01,0.000000000000000000e+00
2.525852782764811399e-01,-4.470000000000000084e-01,0.000000000000000000e+00
2.550897666068222547e-01,-4.470000000000000084e-01,0.000000000000000000e+00
2.575942549371633694e-01,-4.470000000000000084e-01,0.000000000000000000e+00
2.600987432675044841e-01,-4.470000000000000084e-01,0.000000000000000000e+00
2.626032315978455989e-01,-4.470000000000000084e-01,0.000000000000000000e+00
2.651077199281867136e-01,-4.470000000000000084e-01,0.000000000000000000e+00
2.676122082585278283e-01,-4.470000000000000084e-01,0.000000000000000000e+00
2.701166965888689431e-01,-4.470000000000000084e-01,0.000000000000000000e+00
2.726211849192100578e-01,-4.470000000000000084e-01,0.000000000000000000e+00
2.751256732495511725e-01,-4.470000000000000084e-01,0.000000000000000000e+00
2.776301615798922873e-01,-4.470000000000000084e-01,0.000000000000000000e+00
2.801346499102334020e-01,-4.470000000000000084e-01,0.000000000000000000e+00
2.826391382405745167e-01,-4.470000000000000084e-01,0.000000000000000000e+00
2.851436265709156315e-01,-4.470000000000000084e-01,0.000000000000000000e+00
2.876481149012567462e-01,-4.470000000000000084e-01,0.000000000000000000e+00
2.901526032315978609e-01,-4.470000000000000084e-01,0.000000000000000000e+00
2.926570915619389757e-01,-4.470000000000000084e-01,0.000000000000000000e+00
2.951615798922800904e-01,-4.470000000000000084e-01,0.000000000000000000e+00
2.976660682226211496e-01,-4.470000000000000084e-01,0.000000000000000000e+00
3.001705565529622644e-01,-4.470000000000000084e-01,0.000000000000000000e+00
3.026750448833033791e-01,-4.470000000000000084e-01,0.000000000000000000e+00
3.051795332136444938e-01,-4.470000000000000084e-01,0.000000000000000000e+00
3.076840215439856085e-01,-4.470000000000000084e-01,0.000000000000000000e+00
3.101885098743267233e-01,-4.470000000000000084e-01,0.000000000000000000e+00
3.126929982046678380e-01,-4.470000000000000084e-01,0.000000000000000000e+00
3.151974865350089527e-01,-4.470000000000000084e-01,0.000000000000000000e+00
3.177019748653500675e-01,-4.470000000000000084e-01,0.000000000000000000e+00
3.202064631956911822e-01,-4.470000000000000084e-01,0.000000000000000000e+00
3.227109515260322969e-01,-4.470000000000000084e-01,0.000000000000000000e+00
3.252154398563734117e-01,-4.470000000000000084e-01,0.000000000000000000e+00
3.277199281867145264e-01,-4.470000000000000084e-01,0.000000000000000000e+00
3.302244165170556411e-01,-4.470000000000000084e-01,0.000000000000000000e+00
3.327289048473967559e-01,-4.470000000000000084e-01,0.000000000000000000e+00
3.352333931777378706e-01,-4.470000000000000084e-01,0.000000000000000000e+00
3.377378815080789853e-01,-4.470000000000000084e-01,0.000000000000000000e+00
3.402423698384201001e-01,-4.470000000000000084e-01,0.000000000000000000e+00
3.427468581687612148e-01,-4.470000000000000084e-01,0.000000000000000000e+00
3.452513464991022740e-01,-4.470000000000000084e-01,0.000000000000000000e+00
3.477558348294433888e-01,-4.470000000000000084e-01,0.000000000000000000e+00
3.502603231597845035e-01,-4.470000000000000084e-01,0.000000000000000000e+00
3.527648114901256182e-01,-4.470000000000000084e-01,0.000000000000000000e+00
3.552692998204667330e-01,-4.470000000000000084e-01,0.000000000000000000e+00
3.577737881508078477e-01,-4.470000000000000084e-01,0.000000000000000000e+00
3.602782764811489624e-01,-4.470000000000000084e-01,0.000000000000000000e+00
3.627827648114900772e-01,-4.470000000000000084e-01,0.000000000000000000e+00
3.652872531418311919e-01,-4.470000000000000084e-01,0.000000000000000000e+00
3.677917414721723066e-01,-4.470000000000000084e-01,0.000000000000000000e+00
3.702962298025134213e-01,-4.470000000000000084e-01,0.000000000000000000e+00
3.728007181328545361e-01,-4.470000000000000084e-01,0.000000000000000000e+00
3.753052064631956508e-01,-4.470000000000000084e-01,0.000000000000000000e+00
3.778096947935367655e-01,-4.470000000000000084e-01,0.000000000000000000e+00
3.803141831238778803e-01,-4.470000000000000084e-01,0.000000000000000000e+00
3.828186714542189950e-01,-4.470000000000000084e-01,0.000000000000000000e+00
3.853231597845601097e-01,-4.470000000000000084e-01,0.000000000000000000e+00
3.878276481149012245e-01,-4.470000000000000084e-01,0.000000000000000000e+00
3.903321364452423392e-01,-4.470000000000000084e-01,0.000000000000000000e+00
3.928366247755834539e-01,-4.470000000000000084e-01,0.000000000000000000e+00
3.953411131059245687e-01,-4.470000000000000084e-01,0.000000000000000000e+00
3.978456014362656834e-01,-4.470000000000000084e-01,0.000000000000000000e+00
4.003500897666067981e-01,-4.470000000000000084e-01,0.000000000000000000e+00
4.028545780969479129e-01,-4.470000000000000084e-01,0.000000000000000000e+00
4.053590664272890276e-01,-4.470000000000000084e-01,0.000000000000000000e+00
4.078635547576301423e-01,-4.470000000000000084e-01,0.000000000000000000e+00
4.103680430879712571e-01,-4.470000000000000084e-01,0.000000000000000000e+00
4.128725314183123718e-01,-4.470000000000000084e-01,0.000000000000000000e+00
4.153770197486534865e-01,-4.470000000000000084e-01,0.000000000000000000e+00
4.178815080789946013e-01,-4.470000000000000084e-01,0.000000000000000000e+00
4.203859964093357160e-01,-4.470000000000000084e-01,0.000000000000000000e+00
4.228904847396768307e-01,-4.470000000000000084e-01,0.000000000000000000e+00
4.253949730700179455e-01,-4.470000000000000084e-01,0.000000000000000000e+00
4.278994614003590602e-01,-4.470000000000000084e-01,0.000000000000000000e+00
4.304039497307001749e-01,-4.470000000000000084e-01,0.000000000000000000e+00
4.329084380610412897e-01,-4.470000000000000084e-01,0.000000000000000000e+00
4.354129263913824044e-01,-4.470000000000000084e-01,0.000000000000000000e+00
4.379174147217235191e-01,-4.470000000000000084e-01,0.000000000000000000e+00
4.404219030520646339e-01,-4.470000000000000084e-01,0.000000000000000000e+00
4.429263913824057486e-01,-4.470000000000000084e-01,0.000000000000000000e+00
4.454308797127468633e-01,-4.470000000000000084e-01,0.000000000000000000e+00
4.479353680430879781e-01,-4.470000000000000084e-01,0.000000000000000000e+00
4.504398563734290928e-01,-4.470000000000000084e-01,0.000000000000000000e+00
4.529443447037702075e-01,-4.470000000000000084e-01,0.000000000000000000e+00
4.554488330341113222e-01,-4.470000000000000084e-01,0.000000000000000000e+00
4.579533213644524370e-01,-4.470000000000000084e-01,0.000000000000000000e+00
4.604578096947935517e-01,-4.470000000000000084e-01,0.000000000000000000e+00
4.629622980251346664e-01,-4.470000000000000084e-01,0.000000000000000000e+00
4.654667863554757812e-01,-4.470000000000000084e-01,0.000000000000000000e+00
4.679712746858168959e-01,-4.470000000000000084e-01,0.000000000000000000e+00
4.704757630161580106e-01,-4.470000000000000084e-01,0.000000000000000000e+00
4.729802513464991254e-01,-4.470000000000000084e-01,0.000000000000000000e+00
4.754847396768402401e-01,-4.470000000000000084e-01,0.000000000000000000e+00
4.779892280071813548e-01,-4.470000000000000084e-01,0.000000000000000000e+00
4.804937163375224696e-01,-4.470000000000000084e-01,0.000000000000000000e+00
4.829982046678635843e-01,-4.470000000000000084e-01,0.000000000000000000e+00
4.855026929982045880e-01,-4.470000000000000084e-01,0.000000000000000000e+00
4.880071813285457027e-01,-4.470000000000000084e-01,0.000000000000000000e+00
4.905116696588868175e-01,-4.470000000000000084e-01,0.000000000000000000e+00
4.930161579892279322e-01,-4.470000000000000084e-01,0.000000000000000000e+00
4.955206463195690469e-01,-4.470000000000000084e-01,0.000000000000000000e+00
4.980251346499101617e-01,-4.470000000000000084e-01,0.000000000000000000e+00
5.005296229802512764e-01,-4.470000000000000084e-01,0.000000000000000000e+00
5.030341113105923911e-01,-4.470000000000000084e-01,0.000000000000000000e+00
5.055385996409335059e-01,-4.470000000000000084e-01,0.000000000000000000e+00
5.080430879712746206e-01,-4.470000000000000084e-01,0.000000000000000000e+00
5.105475763016157353e-01,-4.470000000000000084e-01,0.000000000000000000e+00
5.130520646319568501e-01,-4.470000000000000084e-01,0.000000000000000000e+00
5.155565529622979648e-01,-4.470000000000000084e-01,0.000000000000000000e+00
5.180610412926390795e-01,-4.470000000000000084e-01,0.000000000000000000e+00
5.205655296229801943e-01,-4.470000000000000084e-01,0.000000000000000000e+00
5.230700179533213090e-01,-4.470000000000000084e-01,0.000000000000000000e+00
5.255745062836624237e-01,-4.470000000000000084e-01,0.000000000000000000e+00
5.280789946140035385e-01,-4.470000000000000084e-01,0.000000000000000000e+00
5.305834829443446532e-01,-4.470000000000000084e-01,0.000000000000000000e+00
5.330879712746857679e-01,-4.470000000000000084e-01,0.000000000000000000e+00
5.355924596050268827e-01,-4.470000000000000084e-01,0.000000000000000000e+00
5.380969479353679974e-01,-4.470000000000000084e-01,0.000000000000000000e+00
5.406014362657091121e-01,-4.470000000000000084e-01,0.000000000000000000e+00
5.431059245960502269e-01,-4.470000000000000084e-01,0.000000000000000000e+00
5.456104129263913416e-01,-4.470000000000000084e-01,0.000000000000000000e+00
5.481149012567324563e-01,-4.470000000000000084e-01,0.000000000000000000e+00
5.506193895870735711e-01,-4.470000000000000084e-01,0.000000000000000000e+00
5.531238779174146858e-01,-4.470000000000000084e-01,0.000000000000000000e+00
5.556283662477558005e-01,-4.470000000000000084e-01,0.000000000000000000e+00
5.581328545780969153e-01,-4.470000000000000084e-01,0.000000000000000000e+00
5.606373429084380300e-01,-4.470000000000000084e-01,0.000000000000000000e+00
5.631418312387791447e-01,-4.470000000000000084e-01,0.000000000000000000e+00
5.656463195691202595e-01,-4.470000000000000084e-01,0.000000000000000000e+00
5.681508078994613742e-01,-4.470000000000000084e-01,0.000000000000000000e+00
5.706552962298024889e-01,-4.470000000000000084e-01,0.000000000000000000e+00
5.731597845601436036e-01,-4.470000000000000084e-01,0.000000000000000000e+00
5.756642728904847184e-01,-4.470000000000000084e-01,0.000000000000000000e+00
5.781687612208258331e-01,-4.470000000000000084e-01,0.000000000000000000e+00
5.806732495511669478e-01,-4.470000000000000084e-01,0.000000000000000000e+00
5.831777378815080626e-01,-4.470000000000000084e-01,0.000000000000000000e+00
5.856822262118491773e-01,-4.470000000000000084e-01,0.000000000000000000e+00
5.881867145421902920e-01,-4.470000000000000084e-01,0.000000000000000000e+00
5.906912028725314068e-01,-4.470000000000000084e-01,0.000000000000000000e+00
5.931956912028725215e-01,-4.470000000000000084e-01,0.000000000000000000e+00
5.957001795332136362e-01,-4.470000000000000084e-01,0.000000000000000000e+00
5.982046678635547510e-01,-4.470000000000000084e-01,0.000000000000000000e+00
6.007091561938958657e-01,-4.470000000000000084e-01,0.000000000000000000e+00
6.032136445242369804e-01,-4.470000000000000084e-01,0.000000000000000000e+00
6.057181328545780952e-01,-4.470000000000000084e-01,0.000000000000000000e+00
6.082226211849192099e-01,-4.470000000000000084e-01,0.000000000000000000e+00
6.107271095152603246e-01,-4.470000000000000084e-01,0.000000000000000000e+00
6.132315978456014394e-01,-4.470000000000000084e-01,0.000000000000000000e+00
6.157360861759425541e-01,-4.470000000000000084e-01,0.000000000000000000e+00
6.182405745062836688e-01,-4.470000000000000084e-01,0.000000000000000000e+00
6.207450628366247836e-01,-4.470000000000000084e-01,0.000000000000000000e+00
6.232495511669658983e-01,-4.470000000000000084e-01,0.000000000000000000e+00
6.257540394973070130e-01,-4.470000000000000084e-01,0.000000000000000000e+00
6.282585278276481278e-01,-4.470000000000000084e-01,0.000000000000000000e+00
6.307630161579892425e-01,-4.470000000000000084e-01,0.000000000000000000e+00
6.332675044883303572e-01,-4.470000000000000084e-01,0.000000000000000000e+00
6.357719928186714720e-01,-4.470000000000000084e-01,0.000000000000000000e+00
6.382764811490125867e-01,-4.470000000000000084e-01,0.000000000000000000e+00
6.407809694793537014e-01,-4.470000000000000084e-01,0.000000000000000000e+00
6.432854578096948162e-01,-4.470000000000000084e-01,0.000000000000000000e+00
6.457899461400358199e-01,-4.470000000000000084e-01,0.000000000000000000e+00
6.482944344703769346e-01,-4.470000000000000084e-01,0.000000000000000000e+00
6.507989228007180493e-01,-4.470000000000000084e-01,0.000000000000000000e+00
6.533034111310591641e-01,-4.470000000000000084e-01,0.000000000000000000e+00
6.558078994614002788e-01,-4.470000000000000084e-01,0.000000000000000000e+00
6.583123877917413935e-01,-4.470000000000000084e-01,0.000000000000000000e+00
6.608168761220825083e-01,-4.470000000000000084e-01,0.000000000000000000e+00
6.633213644524236230e-01,-4.470000000000000084e-01,0.000000000000000000e+00
6.658258527827647377e-01,-4.470000000000000084e-01,0.000000000000000000e+00
6.683303411131058525e-01,-4.470000000000000084e-01,0.000000000000000000e+00
6.708348294434469672e-01,-4.470000000000000084e-01,0.000000000000000000e+00
6.733393177737880819e-01,-4.470000000000000084e-01,0.000000000000000000e+00
6.758438061041291967e-01,-4.470000000000000084e-01,0.000000000000000000e+00
6.783482944344703114e-01,-4.470000000000000084e-01,0.000000000000000000e+00
6.808527827648114261e-01,-4.470000000000000084e-01,0.000000000000000000e+00
6.833572710951525409e-01,-4.470000000000000084e-01,0.000000000000000000e+00
6.858617594254936556e-01,-4.470000000000000084e-01,0.000000000000000000e+00
6.883662477558347703e-01,-4.470000000000000084e-01,0.000000000000000000e+00
6.908707360861758850e-01,-4.470000000000000084e-01,0.000000000000000000e+00
6.933752244165169998e-01,-4.470000000000000084e-01,0.000000000000000000e+00
6.958797127468581145e-01,-4.470000000000000084e-01,0.000000000000000000e+00
6.983842010771992292e-01,-4.470000000000000084e-01,0.000000000000000000e+00
7.008886894075403440e-01,-4.470000000000000084e-01,0.000000000000000000e+00
7.033931777378814587e-01,-4.470000000000000084e-01,0.000000000000000000e+00
7.058976660682225734e-01,-4.470000000000000084e-01,0.000000000000000000e+00
7.084021543985636882e-01,-4.470000000000000084e-01,0.000000000000000000e+00
7.109066427289048029e-01,-4.470000000000000084e-01,0.000000000000000000e+00
7.134111310592459176e-01,-4.470000000000000084e-01,0.000000000000000000e+00
7.159156193895870324e-01,-4.470000000000000084e-01,0.000000000000000000e+00
7.184201077199281471e-01,-4.470000000000000084e-01,0.000000000000000000e+00
7.209245960502692618e-01,-4.470000000000000084e-01,0.000000000000000000e+00
7.234290843806103766e-01,-4.470000000000000084e-01,0.000000000000000000e+00
7.259335727109514913e-01,-4.470000000000000084e-01,0.000000000000000000e+00
7.284380610412926060e-01,-4.470000000000000084e-01,0.000000000000000000e+00
7.309425493716337208e-01,-4.470000000000000084e-01,0.000000000000000000e+00
7.334470377019748355e-01,-4.470000000000000084e-01,0.000000000000000000e+00
7.359515260323159502e-01,-4.470000000000000084e-01,0.000000000000000000e+00
7.384560143626570650e-01,-4.470000000000000084e-01,0.000000000000000000e+00
7.409605026929981797e-01,-4.470000000000000084e-01,0.000000000000000000e+00
7.434649910233392944e-01,-4.470000000000000084e-01,0.000000000000000000e+00
7.459694793536804092e-01,-4.470000000000000084e-01,0.000000000000000000e+00
7.484739676840215239e-01,-4.470000000000000084e-01,0.000000000000000000e+00
7.509784560143626386e-01,-4.470000000000000084e-01,0.000000000000000000e+00
7.534829443447037534e-01,-4.470000000000000084e-01,0.000000000000000000e+00
7.559874326750448681e-01,-4.470000000000000084e-01,0.000000000000000000e+00
7.584919210053859828e-01,-4.470000000000000084e-01,0.000000000000000000e+00
7.609964093357270976e-01,-4.470000000000000084e-01,0.000000000000000000e+00
7.635008976660682123e-01,-4.470000000000000084e-01,0.000000000000000000e+00
7.660053859964092160e-01,-4.470000000000000084e-01,0.000000000000000000e+00
7.685098743267503307e-01,-4.470000000000000084e-01,0.000000000000000000e+00
7.710143626570914455e-01,-4.470000000000000084e-01,0.000000000000000000e+00
7.735188509874325602e-01,-4.470000000000000084e-01,0.000000000000000000e+00
7.760233393177736749e-01,-4.470000000000000084e-01,0.000000000000000000e+00
7.785278276481147897e-01,-4.470000000000000084e-01,0.000000000000000000e+00
7.810323159784559044e-01,-4.470000000000000084e-01,0.000000000000000000e+00
7.835368043087970191e-01,-4.470000000000000084e-01,0.000000000000000000e+00
7.860412926391381339e-01,-4.470000000000000084e-01,0.000000000000000000e+00
7.885457809694792486e-01,-4.470000000000000084e-01,0.000000000000000000e+00
7.910502692998203633e-01,-4.470000000000000084e-01,0.000000000000000000e+00
7.935547576301614781e-01,-4.470000000000000084e-01,0.000000000000000000e+00
7.960592459605025928e-01,-4.470000000000000084e-01,0.000000000000000000e+00
7.985637342908437075e-01,-4.470000000000000084e-01,0.000000000000000000e+00
8.010682226211848223e-01,-4.470000000000000084e-01,0.000000000000000000e+00
8.035727109515259370e-01,-4.470000000000000084e-01,0.000000000000000000e+00
8.060771992818670517e-01,-4.470000000000000084e-01,0.000000000000000000e+00
8.085816876122081664e-01,-4.470000000000000084e-01,0.000000000000000000e+00
8.110861759425492812e-01,-4.470000000000000084e-01,0.000000000000000000e+00
8.135906642728903959e-01,-4.470000000000000084e-01,0.000000000000000000e+00
8.160951526032315106e-01,-4.470000000000000084e-01,0.000000000000000000e+00
8.185996409335726254e-01,-4.470000000000000084e-01,0.000000000000000000e+00
8.211041292639137401e-01,-4.470000000000000084e-01,0.000000000000000000e+00
8.236086175942548548e-01,-4.470000000000000084e-01,0.000000000000000000e+00
8.261131059245959696e-01,-4.470000000000000084e-01,0.000000000000000000e+00
8.286175942549370843e-01,-4.470000000000000084e-01,0.000000000000000000e+00
8.311220825852781990e-01,-4.470000000000000084e-01,0.000000000000000000e+00
8.336265709156193138e-01,-4.470000000000000084e-01,0.000000000000000000e+00
8.361310592459604285e-01,-4.470000000000000084e-01,0.000000000000000000e+00
8.386355475763015432e-01,-4.470000000000000084e-01,0.000000000000000000e+00
8.411400359066426580e-01,-4.470000000000000084e-01,0.000000000000000000e+00
8.436445242369837727e-01,-4.470000000000000084e-01,0.000000000000000000e+00
8.461490125673248874e-01,-4.470000000000000084e-01,0.000000000000000000e+00
8.486535008976660022e-01,-4.470000000000000084e-01,0.000000000000000000e+00
8.511579892280071169e-01,-4.470000000000000084e-01,0.000000000000000000e+00
8.536624775583482316e-01,-4.470000000000000084e-01,0.000000000000000000e+00
8.561669658886893464e-01,-4.470000000000000084e-01,0.000000000000000000e+00
8.586714542190304611e-01,-4.470000000000000084e-01,0.000000000000000000e+00
8.611759425493715758e-01,-4.470000000000000084e-01,0.000000000000000000e+00
8.636804308797126906e-01,-4.470000000000000084e-01,0.000000000000000000e+00
8.661849192100538053e-01,-4.470000000000000084e-01,0.000000000000000000e+00
8.686894075403949200e-01,-4.470000000000000084e-01,0.000000000000000000e+00
8.711938958707360348e-01,-4.470000000000000084e-01,0.000000000000000000e+00
8.736983842010771495e-01,-4.470000000000000084e-01,0.000000000000000000e+00
8.762028725314182642e-01,-4.470000000000000084e-01,0.000000000000000000e+00
8.787073608617593790e-01,-4.470000000000000084e-01,0.000000000000000000e+00
8.812118491921004937e-01,-4.470000000000000084e-01,0.000000000000000000e+00
8.837163375224416084e-01,-4.470000000000000084e-01,0.000000000000000000e+00
8.862208258527827232e-01,-4.470000000000000084e-01,0.000000000000000000e+00
8.887253141831238379e-01,-4.470000000000000084e-01,0.000000000000000000e+00
8.912298025134649526e-01,-4.470000000000000084e-01,0.000000000000000000e+00
8.937342908438060674e-01,-4.470000000000000084e-01,0.000000000000000000e+00
8.962387791741471821e-01,-4.470000000000000084e-01,0.000000000000000000e+00
8.987432675044882968e-01,-4.470000000000000084e-01,0.000000000000000000e+00
9.012477558348294115e-01,-4.470000000000000084e-01,0.000000000000000000e+00
9.037522441651705263e-01,-4.470000000000000084e-01,0.000000000000000000e+00
9.062567324955116410e-01,-4.470000000000000084e-01,0.000000000000000000e+00
9.087612208258527557e-01,-4.470000000000000084e-01,0.000000000000000000e+00
9.112657091561938705e-01,-4.470000000000000084e-01,0.000000000000000000e+00
9.137701974865349852e-01,-4.470000000000000084e-01,0.000000000000000000e+00
9.162746858168760999e-01,-4.470000000000000084e-01,0.000000000000000000e+00
9.187791741472172147e-01,-4.470000000000000084e-01,0.000000000000000000e+00
9.212836624775583294e-01,-4.470000000000000084e-01,0.000000000000000000e+00
9.237881508078994441e-01,-4.470000000000000084e-01,0.000000000000000000e+00
9.262926391382405589e-01,-4.470000000000000084e-01,0.000000000000000000e+00
9.287971274685815626e-01,-4.470000000000000084e-01,0.000000000000000000e+00
9.313016157989226773e-01,-4.470000000000000084e-01,0.000000000000000000e+00
9.338061041292637920e-01,-4.470000000000000084e-01,0.000000000000000000e+00
9.363105924596049068e-01,-4.470000000000000084e-01,0.000000000000000000e+00
9.388150807899460215e-01,-4.470000000000000084e-01,0.000000000000000000e+00
9.413195691202871362e-01,-4.470000000000000084e-01,0.000000000000000000e+00
9.438240574506282510e-01,-4.470000000000000084e-01,0.000000000000000000e+00
9.463285457809693657e-01,-4.470000000000000084e-01,0.000000000000000000e+00
9.488330341113104804e-01,-4.470000000000000084e-01,0.000000000000000000e+00
9.513375224416515952e-01,-4.470000000000000084e-01,0.000000000000000000e+00
9.538420107719927099e-01,-4.470000000000000084e-01,0.000000000000000000e+00
9.563464991023338246e-01,-4.470000000000000084e-01,0.000000000000000000e+00
9.588509874326749394e-01,-4.470000000000000084e-01,0.000000000000000000e+00
9.613554757630160541e-01,-4.470000000000000084e-01,0.000000000000000000e+00
9.638599640933571688e-01,-4.470000000000000084e-01,0.000000000000000000e+00
9.663644524236982836e-01,-4.470000000000000084e-01,0.000000000000000000e+00
9.688689407540393983e-01,-4.470000000000000084e-01,0.000000000000000000e+00
9.713734290843805130e-01,-4.470000000000000084e-01,0.000000000000000000e+00
9.738779174147216278e-01,-4.470000000000000084e-01,0.000000000000000000e+00
9.763824057450627425e-01,-4.470000000000000084e-01,0.000000000000000000e+00
9.788868940754038572e-01,-4.470000000000000084e-01,0.000000000000000000e+00
9.813913824057449720e-01,-4.470000000000000084e-01,0.000000000000000000e+00
9.838958707360860867e-01,-4.470000000000000084e-01,0.000000000000000000e+00
9.864003590664272014e-01,-4.470000000000000084e-01,0.000000000000000000e+00
9.889048473967683162e-01,-4.470000000000000084e-01,0.000000000000000000e+00
9.914093357271094309e-01,-4.470000000000000084e-01,0.000000000000000000e+00
9.939138240574505456e-01,-4.470000000000000084e-01,0.000000000000000000e+00
9.964183123877916604e-01,-4.470000000000000084e-01,0.000000000000000000e+00
9.989228007181327751e-01,-4.470000000000000084e-01,0.000000000000000000e+00
1.001427289048473890e+00,-4.470000000000000084e-01,0.000000000000000000e+00
1.003931777378815005e+00,-4.470000000000000084e-01,0.000000000000000000e+00
1.006436265709156119e+00,-4.470000000000000084e-01,0.000000000000000000e+00
1.008940754039497234e+00,-4.470000000000000084e-01,0.000000000000000000e+00
1.011445242369838349e+00,-4.470000000000000084e-01,0.000000000000000000e+00
1.013949730700179463e+00,-4.470000000000000084e-01,0.000000000000000000e+00
1.016454219030520578e+00,-4.470000000000000084e-01,0.000000000000000000e+00
1.018958707360861693e+00,-4.470000000000000084e-01,0.000000000000000000e+00
1.021463195691202808e+00,-4.470000000000000084e-01,0.000000000000000000e+00
1.023967684021543922e+00,-4.470000000000000084e-01,0.000000000000000000e+00
1.026472172351885037e+00,-4.470000000000000084e-01,0.000000000000000000e+00
1.028976660682226152e+00,-4.470000000000000084e-01,0.000000000000000000e+00
1.031481149012567267e+00,-4.470000000000000084e-01,0.000000000000000000e+00
1.033985637342908381e+00,-4.470000000000000084e-01,0.000000000000000000e+00
1.036490125673249496e+00,-4.470000000000000084e-01,0.000000000000000000e+00
1.038994614003590611e+00,-4.470000000000000084e-01,0.000000000000000000e+00
1.041499102333931726e+00,-4.470000000000000084e-01,0.000000000000000000e+00
1.044003590664272840e+00,-4.470000000000000084e-01,0.000000000000000000e+00
1.046508078994613955e+00,-4.470000000000000084e-01,0.000000000000000000e+00
1.049012567324955070e+00,-4.470000000000000084e-01,0.000000000000000000e+00
1.051517055655296184e+00,-4.470000000000000084e-01,0.000000000000000000e+00
1.054021543985637299e+00,-4.470000000000000084e-01,0.000000000000000000e+00
1.056526032315978414e+00,-4.470000000000000084e-01,0.000000000000000000e+00
1.059030520646319529e+00,-4.470000000000000084e-01,0.000000000000000000e+00
1.061535008976660643e+00,-4.470000000000000084e-01,0.000000000000000000e+00
1.064039497307001758e+00,-4.470000000000000084e-01,0.000000000000000000e+00
1.066543985637342873e+00,-4.470000000000000084e-01,0.000000000000000000e+00
1.069048473967683988e+00,-4.470000000000000084e-01,0.000000000000000000e+00
1.071552962298025102e+00,-4.470000000000000084e-01,0.000000000000000000e+00
1.074057450628366217e+00,-4.470000000000000084e-01,0.000000000000000000e+00
1.076561938958707332e+00,-4.470000000000000084e-01,0.000000000000000000e+00
1.079066427289048447e+00,-4.470000000000000084e-01,0.000000000000000000e+00
1.081570915619389561e+00,-4.470000000000000084e-01,0.000000000000000000e+00
1.084075403949730676e+00,-4.470000000000000084e-01,0.000000000000000000e+00
1.086579892280071791e+00,-4.470000000000000084e-01,0.000000000000000000e+00
1.089084380610412905e+00,-4.470000000000000084e-01,0.000000000000000000e+00
1.091588868940754020e+00,-4.470000000000000084e-01,0.000000000000000000e+00
1.094093357271095135e+00,-4.470000000000000084e-01,0.000000000000000000e+00
1.096597845601436250e+00,-4.470000000000000084e-01,0.000000000000000000e+00
1.099102333931777364e+00,-4.470000000000000084e-01,0.000000000000000000e+00
1.101606822262118479e+00,-4.470000000000000084e-01,0.000000000000000000e+00
1.104111310592459594e+00,-4.470000000000000084e-01,0.000000000000000000e+00
1.106615798922800709e+00,-4.470000000000000084e-01,0.000000000000000000e+00
1.109120287253141823e+00,-4.470000000000000084e-01,0.000000000000000000e+00
1.111624775583482938e+00,-4.470000000000000084e-01,0.000000000000000000e+00
1.114129263913824053e+00,-4.470000000000000084e-01,0.000000000000000000e+00
1.116633752244165168e+00,-4.470000000000000084e-01,0.000000000000000000e+00
1.119138240574506282e+00,-4.470000000000000084e-01,0.000000000000000000e+00
1.121642728904847397e+00,-4.470000000000000084e-01,0.000000000000000000e+00
1.124147217235188512e+00,-4.470000000000000084e-01,0.000000000000000000e+00
1.126651705565529626e+00,-4.470000000000000084e-01,0.000000000000000000e+00
1.129156193895870741e+00,-4.470000000000000084e-01,0.000000000000000000e+00
1.131660682226211856e+00,-4.470000000000000084e-01,0.000000000000000000e+00
1.134165170556552971e+00,-4.470000000000000084e-01,0.000000000000000000e+00
1.136669658886894085e+00,-4.470000000000000084e-01,0.000000000000000000e+00
1.139174147217235200e+00,-4.470000000000000084e-01,0.000000000000000000e+00
1.141678635547576315e+00,-4.470000000000000084e-01,0.000000000000000000e+00
1.144183123877917430e+00,-4.470000000000000084e-01,0.000000000000000000e+00
1.146687612208258544e+00,-4.470000000000000084e-01,0.000000000000000000e+00
1.149192100538599659e+00,-4.470000000000000084e-01,0.000000000000000000e+00
1.151696588868940774e+00,-4.470000000000000084e-01,0.000000000000000000e+00
1.154201077199281888e+00,-4.470000000000000084e-01,0.000000000000000000e+00
1.156705565529623003e+00,-4.470000000000000084e-01,0.000000000000000000e+00
1.159210053859964118e+00,-4.470000000000000084e-01,0.000000000000000000e+00
1.161714542190305233e+00,-4.470000000000000084e-01,0.000000000000000000e+00
1.164219030520646347e+00,-4.470000000000000084e-01,0.000000000000000000e+00
1.166723518850987462e+00,-4.470000000000000084e-01,0.000000000000000000e+00
1.169228007181328577e+00,-4.470000000000000084e-01,0.000000000000000000e+00
1.171732495511669692e+00,-4.470000000000000084e-01,0.000000000000000000e+00
1.174236983842010806e+00,-4.470000000000000084e-01,0.000000000000000000e+00
1.176741472172351921e+00,-4.470000000000000084e-01,0.000000000000000000e+00
1.179245960502693036e+00,-4.470000000000000084e-01,0.000000000000000000e+00
1.181750448833034151e+00,-4.470000000000000084e-01,0.000000000000000000e+00
1.184254937163375265e+00,-4.470000000000000084e-01,0.000000000000000000e+00
1.186759425493716380e+00,-4.470000000000000084e-01,0.000000000000000000e+00
1.189263913824057495e+00,-4.470000000000000084e-01,0.000000000000000000e+00
1.191768402154398609e+00,-4.470000000000000084e-01,0.000000000000000000e+00
1.194272890484739724e+00,-4.470000000000000084e-01,0.000000000000000000e+00
1.196777378815080839e+00,-4.470000000000000084e-01,0.000000000000000000e+00
1.199281867145421954e+00,-4.470000000000000084e-01,0.000000000000000000e+00
1.201786355475763068e+00,-4.470000000000000084e-01,0.000000000000000000e+00
1.204290843806104183e+00,-4.470000000000000084e-01,0.000000000000000000e+00
1.206795332136445298e+00,-4.470000000000000084e-01,0.000000000000000000e+00
1.209299820466786413e+00,-4.470000000000000084e-01,0.000000000000000000e+00
1.211804308797127527e+00,-4.470000000000000084e-01,0.000000000000000000e+00
1.214308797127468642e+00,-4.470000000000000084e-01,0.000000000000000000e+00
1.216813285457809757e+00,-4.470000000000000084e-01,0.000000000000000000e+00
1.219317773788150872e+00,-4.470000000000000084e-01,0.000000000000000000e+00
1.221822262118491986e+00,-4.470000000000000084e-01,0.000000000000000000e+00
1.224326750448833101e+00,-4.470000000000000084e-01,0.000000000000000000e+00
1.226831238779174216e+00,-4.470000000000000084e-01,0.000000000000000000e+00
1.229335727109515330e+00,-4.470000000000000084e-01,0.000000000000000000e+00
1.231840215439856445e+00,-4.470000000000000084e-01,0.000000000000000000e+00
1.234344703770197560e+00,-4.470000000000000084e-01,0.000000000000000000e+00
1.236849192100538675e+00,-4.470000000000000084e-01,0.000000000000000000e+00
1.239353680430879789e+00,-4.470000000000000084e-01,0.000000000000000000e+00
1.241858168761220904e+00,-4.470000000000000084e-01,0.000000000000000000e+00
1.244362657091562019e+00,-4.470000000000000084e-01,0.000000000000000000e+00
1.246867145421903134e+00,-4.470000000000000084e-01,0.000000000000000000e+00
1.249371633752244248e+00,-4.470000000000000084e-01,0.000000000000000000e+00
1.251876122082585363e+00,-4.470000000000000084e-01,0.000000000000000000e+00
1.254380610412926478e+00,-4.470000000000000084e-01,0.000000000000000000e+00
1.256885098743267593e+00,-4.470000000000000084e-01,0.000000000000000000e+00
1.259389587073608707e+00,-4.470000000000000084e-01,0.000000000000000000e+00
1.261894075403949822e+00,-4.470000000000000084e-01,0.000000000000000000e+00
1.264398563734290937e+00,-4.470000000000000084e-01,0.000000000000000000e+00
1.266903052064632051e+00,-4.470000000000000084e-01,0.000000000000000000e+00
1.269407540394973166e+00,-4.470000000000000084e-01,0.000000000000000000e+00
1.271912028725314281e+00,-4.470000000000000084e-01,0.000000000000000000e+00
1.274416517055655396e+00,-4.470000000000000084e-01,0.000000000000000000e+00
1.276921005385996510e+00,-4.470000000000000084e-01,0.000000000000000000e+00
1.279425493716337625e+00,-4.470000000000000084e-01,0.000000000000000000e+00
1.281929982046678740e+00,-4.470000000000000084e-01,0.000000000000000000e+00
1.284434470377019855e+00,-4.470000000000000084e-01,0.000000000000000000e+00
1.286938958707360969e+00,-4.470000000000000084e-01,0.000000000000000000e+00
1.289443447037702084e+00,-4.470000000000000084e-01,0.000000000000000000e+00
1.291947935368043199e+00,-4.470000000000000084e-01,0.000000000000000000e+00
1.294452423698384314e+00,-4.470000000000000084e-01,0.000000000000000000e+00
1.296956912028725428e+00,-4.470000000000000084e-01,0.000000000000000000e+00
1.299461400359066543e+00,-4.470000000000000084e-01,0.000000000000000000e+00
1.301965888689407658e+00,-4.470000000000000084e-01,0.000000000000000000e+00
1.304470377019748772e+00,-4.470000000000000084e-01,0.000000000000000000e+00
1.306974865350089887e+00,-4.470000000000000084e-01,0.000000000000000000e+00
1.309479353680431002e+00,-4.470000000000000084e-01,0.000000000000000000e+00
1.311983842010772117e+00,-4.470000000000000084e-01,0.000000000000000000e+00
1.314488330341113231e+00,-4.470000000000000084e-01,0.000000000000000000e+00
1.316992818671454346e+00,-4.470000000000000084e-01,0.000000000000000000e+00
1.319497307001795461e+00,-4.470000000000000084e-01,0.000000000000000000e+00
1.322001795332136576e+00,-4.470000000000000084e-01,0.000000000000000000e+00
1.324506283662477690e+00,-4.470000000000000084e-01,0.000000000000000000e+00
1.327010771992818583e+00,-4.470000000000000084e-01,0.000000000000000000e+00
1.329515260323159698e+00,-4.470000000000000084e-01,0.000000000000000000e+00
1.332019748653500812e+00,-4.470000000000000084e-01,0.000000000000000000e+00
1.334524236983841927e+00,-4.470000000000000084e-01,0.000000000000000000e+00
1.337028725314183042e+00,-4.470000000000000084e-01,0.000000000000000000e+00
1.339533213644524157e+00,-4.470000000000000084e-01,0.000000000000000000e+00
1.342037701974865271e+00,-4.470000000000000084e-01,0.000000000000000000e+00
1.344542190305206386e+00,-4.470000000000000084e-01,0.000000000000000000e+00
1.347046678635547501e+00,-4.470000000000000084e-01,0.000000000000000000e+00
1.349551166965888616e+00,-4.470000000000000084e-01,0.000000000000000000e+00
1.352055655296229730e+00,-4.470000000000000084e-01,0.000000000000000000e+00
1.354560143626570845e+00,-4.470000000000000084e-01,0.000000000000000000e+00
1.357064631956911960e+00,-4.470000000000000084e-01,0.000000000000000000e+00
1.359569120287253075e+00,-4.470000000000000084e-01,0.000000000000000000e+00
1.362073608617594189e+00,-4.470000000000000084e-01,0.000000000000000000e+00
1.364578096947935304e+00,-4.470000000000000084e-01,0.000000000000000000e+00
1.367082585278276419e+00,-4.470000000000000084e-01,0.000000000000000000e+00
1.369587073608617533e+00,-4.470000000000000084e-01,0.000000000000000000e+00
1.372091561938958648e+00,-4.470000000000000084e-01,0.000000000000000000e+00
1.374596050269299763e+00,-4.470000000000000084e-01,0.000000000000000000e+00
1.377100538599640878e+00,-4.470000000000000084e-01,0.000000000000000000e+00
1.379605026929981992e+00,-4.470000000000000084e-01,0.000000000000000000e+00
1.382109515260323107e+00,-4.470000000000000084e-01,0.000000000000000000e+00
1.384614003590664222e+00,-4.470000000000000084e-01,0.000000000000000000e+00
1.387118491921005337e+00,-4.470000000000000084e-01,0.000000000000000000e+00
1.389622980251346451e+00,-4.470000000000000084e-01,0.000000000000000000e+00
1.392127468581687566e+00,-4.470000000000000084e-01,0.000000000000000000e+00
1.394631956912028681e+00,-4.470000000000000084e-01,0.000000000000000000e+00
1.397136445242369795e+00,-4.470000000000000084e-01,0.000000000000000000e+00
1.399640933572710910e+00,-4.470000000000000084e-01,0.000000000000000000e+00
1.402145421903052025e+00,-4.470000000000000084e-01,0.000000000000000000e+00
1.404649910233393140e+00,-4.470000000000000084e-01,0.000000000000000000e+00
1.407154398563734254e+00,-4.470000000000000084e-01,0.000000000000000000e+00
1.409658886894075369e+00,-4.470000000000000084e-01,0.000000000000000000e+00
1.412163375224416484e+00,-4.470000000000000084e-01,0.000000000000000000e+00
1.414667863554757599e+00,-4.470000000000000084e-01,0.000000000000000000e+00
1.417172351885098713e+00,-4.470000000000000084e-01,0.000000000000000000e+00
1.419676840215439828e+00,-4.470000000000000084e-01,0.000000000000000000e+00
1.422181328545780943e+00,-4.470000000000000084e-01,0.000000000000000000e+00
1.424685816876122058e+00,-4.470000000000000084e-01,0.000000000000000000e+00
1.427190305206463172e+00,-4.470000000000000084e-01,0.000000000000000000e+00
1.429694793536804287e+00,-4.470000000000000084e-01,0.000000000000000000e+00
1.432199281867145402e+00,-4.470000000000000084e-01,0.000000000000000000e+00
1.434703770197486516e+00,-4.470000000000000084e-01,0.000000000000000000e+00
1.437208258527827631e+00,-4.470000000000000084e-01,0.000000000000000000e+00
1.439712746858168746e+00,-4.470000000000000084e-01,0.000000000000000000e+00
1.442217235188509861e+00,-4.470000000000000084e-01,0.000000000000000000e+00
1.444721723518850975e+00,-4.470000000000000084e-01,0.000000000000000000e+00
1.447226211849192090e+00,-4.470000000000000084e-01,0.000000000000000000e+00
1.449730700179533205e+00,-4.470000000000000084e-01,0.000000000000000000e+00
1.452235188509874320e+00,-4.470000000000000084e-01,0.000000000000000000e+00
1.454739676840215434e+00,-4.470000000000000084e-01,0.000000000000000000e+00
1.457244165170556549e+00,-4.470000000000000084e-01,0.000000000000000000e+00
1.459748653500897664e+00,-4.470000000000000084e-01,0.000000000000000000e+00
1.462253141831238779e+00,-4.470000000000000084e-01,0.000000000000000000e+00
1.464757630161579893e+00,-4.470000000000000084e-01,0.000000000000000000e+00
1.467262118491921008e+00,-4.470000000000000084e-01,0.000000000000000000e+00
1.469766606822262123e+00,-4.470000000000000084e-01,0.000000000000000000e+00
1.472271095152603237e+00,-4.470000000000000084e-01,0.000000000000000000e+00
1.474775583482944352e+00,-4.470000000000000084e-01,0.000000000000000000e+00
1.477280071813285467e+00,-4.470000000000000084e-01,0.000000000000000000e+00
1.479784560143626582e+00,-4.470000000000000084e-01,0.000000000000000000e+00
1.482289048473967696e+00,-4.470000000000000084e-01,0.000000000000000000e+00
1.484793536804308811e+00,-4.470000000000000084e-01,0.000000000000000000e+00
1.487298025134649926e+00,-4.470000000000000084e-01,0.000000000000000000e+00
1.489802513464991041e+00,-4.470000000000000084e-01,0.000000000000000000e+00
1.492307001795332155e+00,-4.470000000000000084e-01,0.000000000000000000e+00
1.494811490125673270e+00,-4.470000000000000084e-01,0.000000000000000000e+00
1.497315978456014385e+00,-4.470000000000000084e-01,0.000000000000000000e+00
1.499820466786355500e+00,-4.470000000000000084e-01,0.000000000000000000e+00
1.502324955116696614e+00,-4.470000000000000084e-01,0.000000000000000000e+00
1.504829443447037729e+00,-4.470000000000000084e-01,0.000000000000000000e+00
1.507333931777378844e+00,-4.470000000000000084e-01,0.000000000000000000e+00
1.509838420107719958e+00,-4.470000000000000084e-01,0.000000000000000000e+00
1.512342908438061073e+00,-4.470000000000000084e-01,0.000000000000000000e+00
1.514847396768402188e+00,-4.470000000000000084e-01,0.000000000000000000e+00
1.517351885098743303e+00,-4.470000000000000084e-01,0.000000000000000000e+00
1.519856373429084417e+00,-4.470000000000000084e-01,0.000000000000000000e+00
1.522360861759425532e+00,-4.470000000000000084e-01,0.000000000000000000e+00
1.524865350089766647e+00,-4.470000000000000084e-01,0.000000000000000000e+00
1.527369838420107762e+00,-4.470000000000000084e-01,0.000000000000000000e+00
1.529874326750448876e+00,-4.470000000000000084e-01,0.000000000000000000e+00
1.532378815080789991e+00,-4.470000000000000084e-01,0.000000000000000000e+00
1.534883303411131106e+00,-4.470000000000000084e-01,0.000000000000000000e+00
1.537387791741472221e+00,-4.470000000000000084e-01,0.000000000000000000e+00
1.539892280071813335e+00,-4.470000000000000084e-01,0.000000000000000000e+00
1.542396768402154450e+00,-4.470000000000000084e-01,0.000000000000000000e+00
1.544901256732495565e+00,-4.470000000000000084e-01,0.000000000000000000e+00
1.547405745062836679e+00,-4.470000000000000084e-01,0.000000000000000000e+00
1.549910233393177794e+00,-4.470000000000000084e-01,0.000000000000000000e+00
1.552414721723518909e+00,-4.470000000000000084e-01,0.000000000000000000e+00
1.554919210053860024e+00,-4.470000000000000084e-01,0.000000000000000000e+00
1.557423698384201138e+00,-4.470000000000000084e-01,0.000000000000000000e+00
1.559928186714542253e+00,-4.470000000000000084e-01,0.000000000000000000e+00
1.562432675044883368e+00,-4.470000000000000084e-01,0.000000000000000000e+00
1.564937163375224483e+00,-4.470000000000000084e-01,0.000000000000000000e+00
1.567441651705565597e+00,-4.470000000000000084e-01,0.000000000000000000e+00
1.569946140035906712e+00,-4.470000000000000084e-01,0.000000000000000000e+00
1.572450628366247827e+00,-4.470000000000000084e-01,0.000000000000000000e+00
1.574955116696588941e+00,-4.470000000000000084e-01,0.000000000000000000e+00
1.577459605026930056e+00,-4.470000000000000084e-01,0.000000000000000000e+00
1.579964093357271171e+00,-4.470000000000000084e-01,0.000000000000000000e+00
1.582468581687612286e+00,-4.470000000000000084e-01,0.000000000000000000e+00
1.584973070017953400e+00,-4.470000000000000084e-01,0.000000000000000000e+00
1.587477558348294515e+00,-4.470000000000000084e-01,0.000000000000000000e+00
1.589982046678635630e+00,-4.470000000000000084e-01,0.000000000000000000e+00
1.592486535008976745e+00,-4.470000000000000084e-01,0.000000000000000000e+00
1.594991023339317859e+00,-4.470000000000000084e-01,0.000000000000000000e+00
1.597495511669658974e+00,-4.470000000000000084e-01,0.000000000000000000e+00
