-1.600000000000000089e+00,2.010000000000000120e-01,0.000000000000000000e+00
-1.597497478991596775e+00,2.010000000000000120e-01,0.000000000000000000e+00
-1.594994957983193462e+00,2.010000000000000120e-01,0.000000000000000000e+00
-1.592492436974789927e+00,2.010000000000000120e-01,0.000000000000000000e+00
-1.589989915966386613e+00,2.010000000000000120e-01,0.000000000000000000e+00
-1.587487394957983300e+00,2.010000000000000120e-01,0.000000000000000000e+00
-1.584984873949579987e+00,2.010000000000000120e-01,0.000000000000000000e+00
-1.582482352941176451e+00,2.010000000000000120e-01,0.000000000000000000e+00
-1.579979831932773138e+00,2.010000000000000120e-01,0.000000000000000000e+00
-1.577477310924369824e+00,2.010000000000000120e-01,0.000000000000000000e+00
-1.574974789915966511e+00,2.010000000000000120e-01,0.000000000000000000e+00
-1.572472268907563198e+00,2.010000000000000120e-01,0.000000000000000000e+00
-1.569969747899159662e+00,2.010000000000000120e-01,0.000000000000000000e+00
-1.567467226890756349e+00,2.010000000000000120e-01,0.000000000000000000e+00
-1.564964705882353035e+00,2.010000000000000120e-01,0.000000000000000000e+00
-1.562462184873949722e+00,2.010000000000000120e-01,0.000000000000000000e+00
-1.559959663865546409e+00,2.010000000000000120e-01,0.000000000000000000e+00
-1.557457142857142873e+00,2.010000000000000120e-01,0.000000000000000000e+00
-1.554954621848739560e+00,2.010000000000000120e-01,0.000000000000000000e+00
-1.552452100840336247e+00,2.010000000000000120e-01,0.000000000000000000e+00
-1.549949579831932933e+00,2.010000000000000120e-01,0.000000000000000000e+00
-1.547447058823529398e+00,2.010000000000000120e-01,0.000000000000000000e+00
-1.544944537815126084e+00,2.010000000000000120e-01,0.000000000000000000e+00
-1.542442016806722771e+00,2.010000000000000120e-01,0.000000000000000000e+00
-1.539939495798319458e+00,2.010000000000000120e-01,0.000000000000000000e+00
-1.537436974789916144e+00,2.010000000000000120e-01,0.000000000000000000e+00
-1.534934453781512609e+00,2.010000000000000120e-01,0.000000000000000000e+00
-1.532431932773109295e+00,2.010000000000000120e-01,0.000000000000000000e+00
-1.529929411764705982e+00,2.010000000000000120e-01,0.000000000000000000e+00
-1.527426890756302669e+00,2.010000000000000120e-01,0.000000000000000000e+00
-1.524924369747899355e+00,2.010000000000000120e-01,0.000000000000000000e+00
-1.522421848739495820e+00,2.010000000000000120e-01,0.000000000000000000e+00
-1.519919327731092507e+00,2.010000000000000120e-01,0.000000000000000000e+00
-1.517416806722689193e+00,2.010000000000000120e-01,0.000000000000000000e+00
-1.514914285714285880e+00,2.010000000000000120e-01,0.000000000000000000e+00
-1.512411764705882344e+00,2.010000000000000120e-01,0.000000000000000000e+00
-1.509909243697479031e+00,2.010000000000000120e-01,0.000000000000000000e+00
-1.507406722689075718e+00,2.010000000000000120e-01,0.000000000000000000e+00
-1.504904201680672404e+00,2.010000000000000120e-01,0.000000000000000000e+00
-1.502401680672269091e+00,2.010000000000000120e-01,0.000000000000000000e+00
-1.499899159663865555e+00,2.010000000000000120e-01,0.000000000000000000e+00
-1.497396638655462242e+00,2.010000000000000120e-01,0.000000000000000000e+00
-1.494894117647058929e+00,2.010000000000000120e-01,0.000000000000000000e+00
-1.492391596638655615e+00,2.010000000000000120e-01,0.000000000000000000e+00
-1.489889075630252080e+00,2.010000000000000120e-01,0.000000000000000000e+00
-1.487386554621848767e+00,2.010000000000000120e-01,0.000000000000000000e+00
-1.484884033613445453e+00,2.010000000000000120e-01,0.000000000000000000e+00
-1.482381512605042140e+00,2.010000000000000120e-01,0.000000000000000000e+00
-1.479878991596638826e+00,2.010000000000000120e-01,0.000000000000000000e+00
-1.477376470588235291e+00,2.010000000000000120e-01,0.000000000000000000e+00
-1.474873949579831978e+00,2.010000000000000120e-01,0.000000000000000000e+00
-1.472371428571428664e+00,2.010000000000000120e-01,0.000000000000000000e+00
-1.469868907563025351e+00,2.010000000000000120e-01,0.000000000000000000e+00
-1.467366386554621815e+00,2.010000000000000120e-01,0.000000000000000000e+00
-1.464863865546218502e+00,2.010000000000000120e-01,0.000000000000000000e+00
-1.462361344537815189e+00,2.010000000000000120e-01,0.000000000000000000e+00
-1.459858823529411875e+00,2.010000000000000120e-01,0.000000000000000000e+00
-1.457356302521008562e+00,2.010000000000000120e-01,0.000000000000000000e+00
-1.454853781512605027e+00,2.010000000000000120e-01,0.000000000000000000e+00
-1.452351260504201713e+00,2.010000000000000120e-01,0.000000000000000000e+00
-1.449848739495798400e+00,2.010000000000000120e-01,0.000000000000000000e+00
-1.447346218487395086e+00,2.010000000000000120e-01,0.000000000000000000e+00
-1.444843697478991551e+00,2.010000000000000120e-01,0.000000000000000000e+00
-1.442341176470588238e+00,2.010000000000000120e-01,0.000000000000000000e+00
-1.439838655462184924e+00,2.010000000000000120e-01,0.000000000000000000e+00
-1.437336134453781611e+00,2.010000000000000120e-01,0.000000000000000000e+00
-1.434833613445378298e+00,2.010000000000000120e-01,0.000000000000000000e+00
-1.432331092436974984e+00,2.010000000000000120e-01,0.000000000000000000e+00
-1.429828571428571449e+00,2.010000000000000120e-01,0.000000000000000000e+00
-1.427326050420168135e+00,2.010000000000000120e-01,0.000000000000000000e+00
-1.424823529411764822e+00,2.010000000000000120e-01,0.000000000000000000e+00
-1.422321008403361509e+00,2.010000000000000120e-01,0.000000000000000000e+00
-1.419818487394957973e+00,2.010000000000000120e-01,0.000000000000000000e+00
-1.417315966386554660e+00,2.010000000000000120e-01,0.000000000000000000e+00
-1.414813445378151346e+00,2.010000000000000120e-01,0.000000000000000000e+00
-1.412310924369748033e+00,2.010000000000000120e-01,0.000000000000000000e+00
-1.409808403361344720e+00,2.010000000000000120e-01,0.000000000000000000e+00
-1.407305882352941184e+00,2.010000000000000120e-01,0.000000000000000000e+00
-1.404803361344537871e+00,2.010000000000000120e-01,0.000000000000000000e+00
-1.402300840336134558e+00,2.010000000000000120e-01,0.000000000000000000e+00
-1.399798319327731244e+00,2.010000000000000120e-01,0.000000000000000000e+00
-1.397295798319327709e+00,2.010000000000000120e-01,0.000000000000000000e+00
-1.394793277310924395e+00,2.010000000000000120e-01,0.000000000000000000e+00
-1.392290756302521082e+00,2.010000000000000120e-01,0.000000000000000000e+00
-1.389788235294117769e+00,2.010000000000000120e-01,0.000000000000000000e+00
-1.387285714285714455e+00,2.010000000000000120e-01,0.000000000000000000e+00
-1.384783193277310920e+00,2.010000000000000120e-01,0.000000000000000000e+00
-1.382280672268907606e+00,2.010000000000000120e-01,0.000000000000000000e+00
-1.379778151260504293e+00,2.010000000000000120e-01,0.000000000000000000e+00
-1.377275630252100980e+00,2.010000000000000120e-01,0.000000000000000000e+00
-1.374773109243697444e+00,2.010000000000000120e-01,0.000000000000000000e+00
-1.372270588235294131e+00,2.010000000000000120e-01,0.000000000000000000e+00
-1.369768067226890818e+00,2.010000000000000120e-01,0.000000000000000000e+00
-1.367265546218487504e+00,2.010000000000000120e-01,0.000000000000000000e+00
-1.364763025210084191e+00,2.010000000000000120e-01,0.000000000000000000e+00
-1.362260504201680655e+00,2.010000000000000120e-01,0.000000000000000000e+00
-1.359757983193277342e+00,2.010000000000000120e-01,0.000000000000000000e+00
-1.357255462184874029e+00,2.010000000000000120e-01,0.000000000000000000e+00
-1.354752941176470715e+00,2.010000000000000120e-01,0.000000000000000000e+00
-1.352250420168067180e+00,2.010000000000000120e-01,0.000000000000000000e+00
-1.349747899159663866e+00,2.010000000000000120e-01,0.000000000000000000e+00
-1.347245378151260553e+00,2.010000000000000120e-01,0.000000000000000000e+00
-1.344742857142857240e+00,2.010000000000000120e-01,0.000000000000000000e+00
-1.342240336134453926e+00,2.010000000000000120e-01,0.000000000000000000e+00
-1.339737815126050613e+00,2.010000000000000120e-01,0.000000000000000000e+00
-1.337235294117647078e+00,2.010000000000000120e-01,0.000000000000000000e+00
-1.334732773109243764e+00,2.010000000000000120e-01,0.000000000000000000e+00
-1.332230252100840451e+00,2.010000000000000120e-01,0.000000000000000000e+00
-1.329727731092436915e+00,2.010000000000000120e-01,0.000000000000000000e+00
-1.327225210084033602e+00,2.010000000000000120e-01,0.000000000000000000e+00
-1.324722689075630289e+00,2.010000000000000120e-01,0.000000000000000000e+00
-1.322220168067226975e+00,2.010000000000000120e-01,0.000000000000000000e+00
-1.319717647058823662e+00,2.010000000000000120e-01,0.000000000000000000e+00
-1.317215126050420348e+00,2.010000000000000120e-01,0.000000000000000000e+00
-1.314712605042016813e+00,2.010000000000000120e-01,0.000000000000000000e+00
-1.312210084033613500e+00,2.010000000000000120e-01,0.000000000000000000e+00
-1.309707563025210186e+00,2.010000000000000120e-01,0.000000000000000000e+00
-1.307205042016806873e+00,2.010000000000000120e-01,0.000000000000000000e+00
-1.304702521008403338e+00,2.010000000000000120e-01,0.000000000000000000e+00
-1.302200000000000024e+00,2.010000000000000120e-01,0.000000000000000000e+00
-1.299697478991596711e+00,2.010000000000000120e-01,0.000000000000000000e+00
-1.297194957983193397e+00,2.010000000000000120e-01,0.000000000000000000e+00
-1.294692436974790084e+00,2.010000000000000120e-01,0.000000000000000000e+00
-1.292189915966386549e+00,2.010000000000000120e-01,0.000000000000000000e+00
-1.289687394957983235e+00,2.010000000000000120e-01,0.000000000000000000e+00
-1.287184873949579922e+00,2.010000000000000120e-01,0.000000000000000000e+00
-1.284682352941176608e+00,2.010000000000000120e-01,0.000000000000000000e+00
-1.282179831932773073e+00,2.010000000000000120e-01,0.000000000000000000e+00
-1.279677310924369760e+00,2.010000000000000120e-01,0.000000000000000000e+00
-1.277174789915966446e+00,2.010000000000000120e-01,0.000000000000000000e+00
-1.274672268907563133e+00,2.010000000000000120e-01,0.000000000000000000e+00
-1.272169747899159820e+00,2.010000000000000120e-01,0.000000000000000000e+00
-1.269667226890756506e+00,2.010000000000000120e-01,0.000000000000000000e+00
-1.267164705882352971e+00,2.010000000000000120e-01,0.000000000000000000e+00
-1.264662184873949657e+00,2.010000000000000120e-01,0.000000000000000000e+00
-1.262159663865546344e+00,2.010000000000000120e-01,0.000000000000000000e+00
-1.259657142857142809e+00,2.010000000000000120e-01,0.000000000000000000e+00
-1.257154621848739495e+00,2.010000000000000120e-01,0.000000000000000000e+00
-1.254652100840336182e+00,2.010000000000000120e-01,0.000000000000000000e+00
-1.252149579831932869e+00,2.010000000000000120e-01,0.000000000000000000e+00
-1.249647058823529555e+00,2.010000000000000120e-01,0.000000000000000000e+00
-1.247144537815126242e+00,2.010000000000000120e-01,0.000000000000000000e+00
-1.244642016806722706e+00,2.010000000000000120e-01,0.000000000000000000e+00
-1.242139495798319393e+00,2.010000000000000120e-01,0.000000000000000000e+00
-1.239636974789916080e+00,2.010000000000000120e-01,0.000000000000000000e+00
-1.237134453781512544e+00,2.010000000000000120e-01,0.000000000000000000e+00
-1.234631932773109231e+00,2.010000000000000120e-01,0.000000000000000000e+00
-1.232129411764705917e+00,2.010000000000000120e-01,0.000000000000000000e+00
-1.229626890756302604e+00,2.010000000000000120e-01,0.000000000000000000e+00
-1.227124369747899291e+00,2.010000000000000120e-01,0.000000000000000000e+00
-1.224621848739495977e+00,2.010000000000000120e-01,0.000000000000000000e+00
-1.222119327731092442e+00,2.010000000000000120e-01,0.000000000000000000e+00
-1.219616806722689129e+00,2.010000000000000120e-01,0.000000000000000000e+00
-1.217114285714285815e+00,2.010000000000000120e-01,0.000000000000000000e+00
-1.214611764705882280e+00,2.010000000000000120e-01,0.000000000000000000e+00
-1.212109243697478966e+00,2.010000000000000120e-01,0.000000000000000000e+00
-1.209606722689075653e+00,2.010000000000000120e-01,0.000000000000000000e+00
-1.207104201680672340e+00,2.010000000000000120e-01,0.000000000000000000e+00
-1.204601680672269026e+00,2.010000000000000120e-01,0.000000000000000000e+00
-1.202099159663865713e+00,2.010000000000000120e-01,0.000000000000000000e+00
-1.199596638655462177e+00,2.010000000000000120e-01,0.000000000000000000e+00
-1.197094117647058864e+00,2.010000000000000120e-01,0.000000000000000000e+00
-1.194591596638655551e+00,2.010000000000000120e-01,0.000000000000000000e+00
-1.192089075630252237e+00,2.010000000000000120e-01,0.000000000000000000e+00
-1.189586554621848702e+00,2.010000000000000120e-01,0.000000000000000000e+00
-1.187084033613445389e+00,2.010000000000000120e-01,0.000000000000000000e+00
-1.184581512605042075e+00,2.010000000000000120e-01,0.000000000000000000e+00
-1.182078991596638762e+00,2.010000000000000120e-01,0.000000000000000000e+00
-1.179576470588235448e+00,2.010000000000000120e-01,0.000000000000000000e+00
-1.177073949579831913e+00,2.010000000000000120e-01,0.000000000000000000e+00
-1.174571428571428600e+00,2.010000000000000120e-01,0.000000000000000000e+00
-1.172068907563025286e+00,2.010000000000000120e-01,0.000000000000000000e+00
-1.169566386554621973e+00,2.010000000000000120e-01,0.000000000000000000e+00
-1.167063865546218437e+00,2.010000000000000120e-01,0.000000000000000000e+00
-1.164561344537815124e+00,2.010000000000000120e-01,0.000000000000000000e+00
-1.162058823529411811e+00,2.010000000000000120e-01,0.000000000000000000e+00
-1.159556302521008497e+00,2.010000000000000120e-01,0.000000000000000000e+00
-1.157053781512605184e+00,2.010000000000000120e-01,0.000000000000000000e+00
-1.154551260504201871e+00,2.010000000000000120e-01,0.000000000000000000e+00
-1.152048739495798335e+00,2.010000000000000120e-01,0.000000000000000000e+00
-1.149546218487395022e+00,2.010000000000000120e-01,0.000000000000000000e+00
-1.147043697478991708e+00,2.010000000000000120e-01,0.000000000000000000e+00
-1.144541176470588173e+00,2.010000000000000120e-01,0.000000000000000000e+00
-1.142038655462184860e+00,2.010000000000000120e-01,0.000000000000000000e+00
-1.139536134453781546e+00,2.010000000000000120e-01,0.000000000000000000e+00
-1.137033613445378233e+00,2.010000000000000120e-01,0.000000000000000000e+00
-1.134531092436974919e+00,2.010000000000000120e-01,0.000000000000000000e+00
-1.132028571428571606e+00,2.010000000000000120e-01,0.000000000000000000e+00
-1.129526050420168071e+00,2.010000000000000120e-01,0.000000000000000000e+00
-1.127023529411764757e+00,2.010000000000000120e-01,0.000000000000000000e+00
-1.124521008403361444e+00,2.010000000000000120e-01,0.000000000000000000e+00
-1.122018487394957909e+00,2.010000000000000120e-01,0.000000000000000000e+00
-1.119515966386554595e+00,2.010000000000000120e-01,0.000000000000000000e+00
-1.117013445378151282e+00,2.010000000000000120e-01,0.000000000000000000e+00
-1.114510924369747968e+00,2.010000000000000120e-01,0.000000000000000000e+00
-1.112008403361344655e+00,2.010000000000000120e-01,0.000000000000000000e+00
-1.109505882352941342e+00,2.010000000000000120e-01,0.000000000000000000e+00
-1.107003361344537806e+00,2.010000000000000120e-01,0.000000000000000000e+00
-1.104500840336134493e+00,2.010000000000000120e-01,0.000000000000000000e+00
-1.101998319327731179e+00,2.010000000000000120e-01,0.000000000000000000e+00
-1.099495798319327644e+00,2.010000000000000120e-01,0.000000000000000000e+00
-1.096993277310924331e+00,2.010000000000000120e-01,0.000000000000000000e+00
-1.094490756302521017e+00,2.010000000000000120e-01,0.000000000000000000e+00
-1.091988235294117704e+00,2.010000000000000120e-01,0.000000000000000000e+00
-1.089485714285714391e+00,2.010000000000000120e-01,0.000000000000000000e+00
-1.086983193277311077e+00,2.010000000000000120e-01,0.000000000000000000e+00
-1.084480672268907764e+00,2.010000000000000120e-01,0.000000000000000000e+00
-1.081978151260504228e+00,2.010000000000000120e-01,0.000000000000000000e+00
-1.079475630252100915e+00,2.010000000000000120e-01,0.000000000000000000e+00
-1.076973109243697380e+00,2.010000000000000120e-01,0.000000000000000000e+00
-1.074470588235294066e+00,2.010000000000000120e-01,0.000000000000000000e+00
-1.071968067226890753e+00,2.010000000000000120e-01,0.000000000000000000e+00
-1.069465546218487439e+00,2.010000000000000120e-01,0.000000000000000000e+00
-1.066963025210084126e+00,2.010000000000000120e-01,0.000000000000000000e+00
-1.064460504201680813e+00,2.010000000000000120e-01,0.000000000000000000e+00
-1.061957983193277499e+00,2.010000000000000120e-01,0.000000000000000000e+00
-1.059455462184873964e+00,2.010000000000000120e-01,0.000000000000000000e+00
-1.056952941176470651e+00,2.010000000000000120e-01,0.000000000000000000e+00
-1.054450420168067115e+00,2.010000000000000120e-01,0.000000000000000000e+00
-1.051947899159663802e+00,2.010000000000000120e-01,0.000000000000000000e+00
-1.049445378151260488e+00,2.010000000000000120e-01,0.000000000000000000e+00
-1.046942857142857175e+00,2.010000000000000120e-01,0.000000000000000000e+00
-1.044440336134453862e+00,2.010000000000000120e-01,0.000000000000000000e+00
-1.041937815126050548e+00,2.010000000000000120e-01,0.000000000000000000e+00
-1.039435294117647235e+00,2.010000000000000120e-01,0.000000000000000000e+00
-1.036932773109243699e+00,2.010000000000000120e-01,0.000000000000000000e+00
-1.034430252100840386e+00,2.010000000000000120e-01,0.000000000000000000e+00
-1.031927731092437073e+00,2.010000000000000120e-01,0.000000000000000000e+00
-1.029425210084033537e+00,2.010000000000000120e-01,0.000000000000000000e+00
-1.026922689075630224e+00,2.010000000000000120e-01,0.000000000000000000e+00
-1.024420168067226911e+00,2.010000000000000120e-01,0.000000000000000000e+00
-1.021917647058823597e+00,2.010000000000000120e-01,0.000000000000000000e+00
-1.019415126050420284e+00,2.010000000000000120e-01,0.000000000000000000e+00
-1.016912605042016970e+00,2.010000000000000120e-01,0.000000000000000000e+00
-1.014410084033613657e+00,2.010000000000000120e-01,0.000000000000000000e+00
-1.011907563025210122e+00,2.010000000000000120e-01,0.000000000000000000e+00
-1.009405042016806808e+00,2.010000000000000120e-01,0.000000000000000000e+00
-1.006902521008403273e+00,2.010000000000000120e-01,0.000000000000000000e+00
-1.004399999999999959e+00,2.010000000000000120e-01,0.000000000000000000e+00
-1.001897478991596646e+00,2.010000000000000120e-01,0.000000000000000000e+00
-9.993949579831933328e-01,2.010000000000000120e-01,0.000000000000000000e+00
-9.968924369747900194e-01,2.010000000000000120e-01,0.000000000000000000e+00
-9.943899159663865950e-01,2.010000000000000120e-01,0.000000000000000000e+00
-9.918873949579832816e-01,2.010000000000000120e-01,0.000000000000000000e+00
-9.893848739495798572e-01,2.010000000000000120e-01,0.000000000000000000e+00
-9.868823529411765438e-01,2.010000000000000120e-01,0.000000000000000000e+00
-9.843798319327731194e-01,2.010000000000000120e-01,0.000000000000000000e+00
-9.818773109243698061e-01,2.010000000000000120e-01,0.000000000000000000e+00
-9.793747899159663817e-01,2.010000000000000120e-01,0.000000000000000000e+00
-9.768722689075630683e-01,2.010000000000000120e-01,0.000000000000000000e+00
-9.743697478991597549e-01,2.010000000000000120e-01,0.000000000000000000e+00
-9.718672268907563305e-01,2.010000000000000120e-01,0.000000000000000000e+00
-9.693647058823530172e-01,2.010000000000000120e-01,0.000000000000000000e+00
-9.668621848739495928e-01,2.010000000000000120e-01,0.000000000000000000e+00
-9.643596638655462794e-01,2.010000000000000120e-01,0.000000000000000000e+00
-9.618571428571428550e-01,2.010000000000000120e-01,0.000000000000000000e+00
-9.593546218487395416e-01,2.010000000000000120e-01,0.000000000000000000e+00
-9.568521008403362282e-01,2.010000000000000120e-01,0.000000000000000000e+00
-9.543495798319328038e-01,2.010000000000000120e-01,0.000000000000000000e+00
-9.518470588235294905e-01,2.010000000000000120e-01,0.000000000000000000e+00
-9.493445378151260661e-01,2.010000000000000120e-01,0.000000000000000000e+00
-9.468420168067227527e-01,2.010000000000000120e-01,0.000000000000000000e+00
-9.443394957983193283e-01,2.010000000000000120e-01,0.000000000000000000e+00
-9.418369747899160149e-01,2.010000000000000120e-01,0.000000000000000000e+00
-9.393344537815127016e-01,2.010000000000000120e-01,0.000000000000000000e+00
-9.368319327731092772e-01,2.010000000000000120e-01,0.000000000000000000e+00
-9.343294117647059638e-01,2.010000000000000120e-01,0.000000000000000000e+00
-9.318268907563025394e-01,2.010000000000000120e-01,0.000000000000000000e+00
-9.293243697478992260e-01,2.010000000000000120e-01,0.000000000000000000e+00
-9.268218487394958016e-01,2.010000000000000120e-01,0.000000000000000000e+00
-9.243193277310924882e-01,2.010000000000000120e-01,0.000000000000000000e+00
-9.218168067226890638e-01,2.010000000000000120e-01,0.000000000000000000e+00
-9.193142857142857505e-01,2.010000000000000120e-01,0.000000000000000000e+00
-9.168117647058824371e-01,2.010000000000000120e-01,0.000000000000000000e+00
-9.143092436974790127e-01,2.010000000000000120e-01,0.000000000000000000e+00
-9.118067226890756993e-01,2.010000000000000120e-01,0.000000000000000000e+00
-9.093042016806722749e-01,2.010000000000000120e-01,0.000000000000000000e+00
-9.068016806722689616e-01,2.010000000000000120e-01,0.000000000000000000e+00
-9.042991596638655372e-01,2.010000000000000120e-01,0.000000000000000000e+00
-9.017966386554622238e-01,2.010000000000000120e-01,0.000000000000000000e+00
-8.992941176470589104e-01,2.010000000000000120e-01,0.000000000000000000e+00
-8.967915966386554860e-01,2.010000000000000120e-01,0.000000000000000000e+00
-8.942890756302521726e-01,2.010000000000000120e-01,0.000000000000000000e+00
-8.917865546218487482e-01,2.010000000000000120e-01,0.000000000000000000e+00
-8.892840336134454349e-01,2.010000000000000120e-01,0.000000000000000000e+00
-8.867815126050420105e-01,2.010000000000000120e-01,0.000000000000000000e+00
-8.842789915966386971e-01,2.010000000000000120e-01,0.000000000000000000e+00
-8.817764705882353837e-01,2.010000000000000120e-01,0.000000000000000000e+00
-8.792739495798319593e-01,2.010000000000000120e-01,0.000000000000000000e+00
-8.767714285714286460e-01,2.010000000000000120e-01,0.000000000000000000e+00
-8.742689075630252216e-01,2.010000000000000120e-01,0.000000000000000000e+00
-8.717663865546219082e-01,2.010000000000000120e-01,0.000000000000000000e+00
-8.692638655462184838e-01,2.010000000000000120e-01,0.000000000000000000e+00
-8.667613445378151704e-01,2.010000000000000120e-01,0.000000000000000000e+00
-8.642588235294118570e-01,2.010000000000000120e-01,0.000000000000000000e+00
-8.617563025210084326e-01,2.010000000000000120e-01,0.000000000000000000e+00
-8.592537815126051193e-01,2.010000000000000120e-01,0.000000000000000000e+00
-8.567512605042016949e-01,2.010000000000000120e-01,0.000000000000000000e+00
-8.542487394957983815e-01,2.010000000000000120e-01,0.000000000000000000e+00
-8.517462184873949571e-01,2.010000000000000120e-01,0.000000000000000000e+00
-8.492436974789916437e-01,2.010000000000000120e-01,0.000000000000000000e+00
-8.467411764705882193e-01,2.010000000000000120e-01,0.000000000000000000e+00
-8.442386554621849060e-01,2.010000000000000120e-01,0.000000000000000000e+00
-8.417361344537815926e-01,2.010000000000000120e-01,0.000000000000000000e+00
-8.392336134453781682e-01,2.010000000000000120e-01,0.000000000000000000e+00
-8.367310924369748548e-01,2.010000000000000120e-01,0.000000000000000000e+00
-8.342285714285714304e-01,2.010000000000000120e-01,0.000000000000000000e+00
-8.317260504201681170e-01,2.010000000000000120e-01,0.000000000000000000e+00
-8.292235294117646927e-01,2.010000000000000120e-01,0.000000000000000000e+00
-8.267210084033613793e-01,2.010000000000000120e-01,0.000000000000000000e+00
-8.242184873949580659e-01,2.010000000000000120e-01,0.000000000000000000e+00
-8.217159663865546415e-01,2.010000000000000120e-01,0.000000000000000000e+00
-8.192134453781513281e-01,2.010000000000000120e-01,0.000000000000000000e+00
-8.167109243697479037e-01,2.010000000000000120e-01,0.000000000000000000e+00
-8.142084033613445904e-01,2.010000000000000120e-01,0.000000000000000000e+00
-8.117058823529411660e-01,2.010000000000000120e-01,0.000000000000000000e+00
-8.092033613445378526e-01,2.010000000000000120e-01,0.000000000000000000e+00
-8.067008403361345392e-01,2.010000000000000120e-01,0.000000000000000000e+00
-8.041983193277311148e-01,2.010000000000000120e-01,0.000000000000000000e+00
-8.016957983193278015e-01,2.010000000000000120e-01,0.000000000000000000e+00
-7.991932773109243771e-01,2.010000000000000120e-01,0.000000000000000000e+00
-7.966907563025210637e-01,2.010000000000000120e-01,0.000000000000000000e+00
-7.941882352941176393e-01,2.010000000000000120e-01,0.000000000000000000e+00
-7.916857142857143259e-01,2.010000000000000120e-01,0.000000000000000000e+00
-7.891831932773110125e-01,2.010000000000000120e-01,0.000000000000000000e+00
-7.866806722689075881e-01,2.010000000000000120e-01,0.000000000000000000e+00
-7.841781512605042748e-01,2.010000000000000120e-01,0.000000000000000000e+00
-7.816756302521008504e-01,2.010000000000000120e-01,0.000000000000000000e+00
-7.791731092436975370e-01,2.010000000000000120e-01,0.000000000000000000e+00
-7.766705882352941126e-01,2.010000000000000120e-01,0.000000000000000000e+00
-7.741680672268907992e-01,2.010000000000000120e-01,0.000000000000000000e+00
-7.716655462184873748e-01,2.010000000000000120e-01,0.000000000000000000e+00
-7.691630252100840615e-01,2.010000000000000120e-01,0.000000000000000000e+00
-7.666605042016807481e-01,2.010000000000000120e-01,0.000000000000000000e+00
-7.641579831932773237e-01,2.010000000000000120e-01,0.000000000000000000e+00
-7.616554621848740103e-01,2.010000000000000120e-01,0.000000000000000000e+00
-7.591529411764705859e-01,2.010000000000000120e-01,0.000000000000000000e+00
-7.566504201680672725e-01,2.010000000000000120e-01,0.000000000000000000e+00
-7.541478991596638481e-01,2.010000000000000120e-01,0.000000000000000000e+00
-7.516453781512605348e-01,2.010000000000000120e-01,0.000000000000000000e+00
-7.491428571428572214e-01,2.010000000000000120e-01,0.000000000000000000e+00
-7.466403361344537970e-01,2.010000000000000120e-01,0.000000000000000000e+00
-7.441378151260504836e-01,2.010000000000000120e-01,0.000000000000000000e+00
-7.416352941176470592e-01,2.010000000000000120e-01,0.000000000000000000e+00
-7.391327731092437459e-01,2.010000000000000120e-01,0.000000000000000000e+00
-7.366302521008403215e-01,2.010000000000000120e-01,0.000000000000000000e+00
-7.341277310924370081e-01,2.010000000000000120e-01,0.000000000000000000e+00
-7.316252100840336947e-01,2.010000000000000120e-01,0.000000000000000000e+00
-7.291226890756302703e-01,2.010000000000000120e-01,0.000000000000000000e+00
-7.266201680672269569e-01,2.010000000000000120e-01,0.000000000000000000e+00
-7.241176470588235325e-01,2.010000000000000120e-01,0.000000000000000000e+00
-7.216151260504202192e-01,2.010000000000000120e-01,0.000000000000000000e+00
-7.191126050420167948e-01,2.010000000000000120e-01,0.000000000000000000e+00
-7.166100840336134814e-01,2.010000000000000120e-01,0.000000000000000000e+00
-7.141075630252101680e-01,2.010000000000000120e-01,0.000000000000000000e+00
-7.116050420168067436e-01,2.010000000000000120e-01,0.000000000000000000e+00
-7.091025210084034303e-01,2.010000000000000120e-01,0.000000000000000000e+00
-7.066000000000000059e-01,2.010000000000000120e-01,0.000000000000000000e+00
-7.040974789915966925e-01,2.010000000000000120e-01,0.000000000000000000e+00
-7.015949579831932681e-01,2.010000000000000120e-01,0.000000000000000000e+00
-6.990924369747899547e-01,2.010000000000000120e-01,0.000000000000000000e+00
-6.965899159663865303e-01,2.010000000000000120e-01,0.000000000000000000e+00
-6.940873949579832169e-01,2.010000000000000120e-01,0.000000000000000000e+00
-6.915848739495799036e-01,2.010000000000000120e-01,0.000000000000000000e+00
-6.890823529411764792e-01,2.010000000000000120e-01,0.000000000000000000e+00
-6.865798319327731658e-01,2.010000000000000120e-01,0.000000000000000000e+00
-6.840773109243697414e-01,2.010000000000000120e-01,0.000000000000000000e+00
-6.815747899159664280e-01,2.010000000000000120e-01,0.000000000000000000e+00
-6.790722689075630036e-01,2.010000000000000120e-01,0.000000000000000000e+00
-6.765697478991596903e-01,2.010000000000000120e-01,0.000000000000000000e+00
-6.740672268907563769e-01,2.010000000000000120e-01,0.000000000000000000e+00
-6.715647058823529525e-01,2.010000000000000120e-01,0.000000000000000000e+00
-6.690621848739496391e-01,2.010000000000000120e-01,0.000000000000000000e+00
-6.665596638655462147e-01,2.010000000000000120e-01,0.000000000000000000e+00
-6.640571428571429013e-01,2.010000000000000120e-01,0.000000000000000000e+00
-6.615546218487394770e-01,2.010000000000000120e-01,0.000000000000000000e+00
-6.590521008403361636e-01,2.010000000000000120e-01,0.000000000000000000e+00
-6.565495798319328502e-01,2.010000000000000120e-01,0.000000000000000000e+00
-6.540470588235294258e-01,2.010000000000000120e-01,0.000000000000000000e+00
-6.515445378151261124e-01,2.010000000000000120e-01,0.000000000000000000e+00
-6.490420168067226880e-01,2.010000000000000120e-01,0.000000000000000000e+00
-6.465394957983193747e-01,2.010000000000000120e-01,0.000000000000000000e+00
-6.440369747899159503e-01,2.010000000000000120e-01,0.000000000000000000e+00
-6.415344537815126369e-01,2.010000000000000120e-01,0.000000000000000000e+00
-6.390319327731093235e-01,2.010000000000000120e-01,0.000000000000000000e+00
-6.365294117647058991e-01,2.010000000000000120e-01,0.000000000000000000e+00
-6.340268907563025857e-01,2.010000000000000120e-01,0.000000000000000000e+00
-6.315243697478991614e-01,2.010000000000000120e-01,0.000000000000000000e+00
-6.290218487394958480e-01,2.010000000000000120e-01,0.000000000000000000e+00
-6.265193277310924236e-01,2.010000000000000120e-01,0.000000000000000000e+00
-6.240168067226891102e-01,2.010000000000000120e-01,0.000000000000000000e+00
-6.215142857142856858e-01,2.010000000000000120e-01,0.000000000000000000e+00
-6.190117647058823724e-01,2.010000000000000120e-01,0.000000000000000000e+00
-6.165092436974790591e-01,2.010000000000000120e-01,0.000000000000000000e+00
-6.140067226890756347e-01,2.010000000000000120e-01,0.000000000000000000e+00
-6.115042016806723213e-01,2.010000000000000120e-01,0.000000000000000000e+00
-6.090016806722688969e-01,2.010000000000000120e-01,0.000000000000000000e+00
-6.064991596638655835e-01,2.010000000000000120e-01,0.000000000000000000e+00
-6.039966386554621591e-01,2.010000000000000120e-01,0.000000000000000000e+00
-6.014941176470588458e-01,2.010000000000000120e-01,0.000000000000000000e+00
-5.989915966386554214e-01,2.010000000000000120e-01,0.000000000000000000e+00
-5.964890756302521080e-01,2.010000000000000120e-01,0.000000000000000000e+00
-5.939865546218487946e-01,2.010000000000000120e-01,0.000000000000000000e+00
-5.914840336134454812e-01,2.010000000000000120e-01,0.000000000000000000e+00
-5.889815126050419458e-01,2.010000000000000120e-01,0.000000000000000000e+00
-5.864789915966386324e-01,2.010000000000000120e-01,0.000000000000000000e+00
-5.839764705882353191e-01,2.010000000000000120e-01,0.000000000000000000e+00
-5.814739495798320057e-01,2.010000000000000120e-01,0.000000000000000000e+00
-5.789714285714286923e-01,2.010000000000000120e-01,0.000000000000000000e+00
-5.764689075630251569e-01,2.010000000000000120e-01,0.000000000000000000e+00
-5.739663865546218435e-01,2.010000000000000120e-01,0.000000000000000000e+00
-5.714638655462185302e-01,2.010000000000000120e-01,0.000000000000000000e+00
-5.689613445378152168e-01,2.010000000000000120e-01,0.000000000000000000e+00
-5.664588235294116814e-01,2.010000000000000120e-01,0.000000000000000000e+00
-5.639563025210083680e-01,2.010000000000000120e-01,0.000000000000000000e+00
-5.614537815126050546e-01,2.010000000000000120e-01,0.000000000000000000e+00
-5.589512605042017412e-01,2.010000000000000120e-01,0.000000000000000000e+00
-5.564487394957984279e-01,2.010000000000000120e-01,0.000000000000000000e+00
-5.539462184873948924e-01,2.010000000000000120e-01,0.000000000000000000e+00
-5.514436974789915791e-01,2.010000000000000120e-01,0.000000000000000000e+00
-5.489411764705882657e-01,2.010000000000000120e-01,0.000000000000000000e+00
-5.464386554621849523e-01,2.010000000000000120e-01,0.000000000000000000e+00
-5.439361344537816390e-01,2.010000000000000120e-01,0.000000000000000000e+00
-5.414336134453781035e-01,2.010000000000000120e-01,0.000000000000000000e+00
-5.389310924369747902e-01,2.010000000000000120e-01,0.000000000000000000e+00
-5.364285714285714768e-01,2.010000000000000120e-01,0.000000000000000000e+00
-5.339260504201681634e-01,2.010000000000000120e-01,0.000000000000000000e+00
-5.314235294117646280e-01,2.010000000000000120e-01,0.000000000000000000e+00
-5.289210084033613146e-01,2.010000000000000120e-01,0.000000000000000000e+00
-5.264184873949580012e-01,2.010000000000000120e-01,0.000000000000000000e+00
-5.239159663865546879e-01,2.010000000000000120e-01,0.000000000000000000e+00
-5.214134453781513745e-01,2.010000000000000120e-01,0.000000000000000000e+00
-5.189109243697478391e-01,2.010000000000000120e-01,0.000000000000000000e+00
-5.164084033613445257e-01,2.010000000000000120e-01,0.000000000000000000e+00
-5.139058823529412123e-01,2.010000000000000120e-01,0.000000000000000000e+00
-5.114033613445378990e-01,2.010000000000000120e-01,0.000000000000000000e+00
-5.089008403361343635e-01,2.010000000000000120e-01,0.000000000000000000e+00
-5.063983193277310502e-01,2.010000000000000120e-01,0.000000000000000000e+00
-5.038957983193277368e-01,2.010000000000000120e-01,0.000000000000000000e+00
-5.013932773109244234e-01,2.010000000000000120e-01,0.000000000000000000e+00
-4.988907563025211100e-01,2.010000000000000120e-01,0.000000000000000000e+00
-4.963882352941175746e-01,2.010000000000000120e-01,0.000000000000000000e+00
-4.938857142857142613e-01,2.010000000000000120e-01,0.000000000000000000e+00
-4.913831932773109479e-01,2.010000000000000120e-01,0.000000000000000000e+00
-4.888806722689076345e-01,2.010000000000000120e-01,0.000000000000000000e+00
-4.863781512605043211e-01,2.010000000000000120e-01,0.000000000000000000e+00
-4.838756302521007857e-01,2.010000000000000120e-01,0.000000000000000000e+00
-4.813731092436974723e-01,2.010000000000000120e-01,0.000000000000000000e+00
-4.788705882352941590e-01,2.010000000000000120e-01,0.000000000000000000e+00
-4.763680672268908456e-01,2.010000000000000120e-01,0.000000000000000000e+00
-4.738655462184873102e-01,2.010000000000000120e-01,0.000000000000000000e+00
-4.713630252100839968e-01,2.010000000000000120e-01,0.000000000000000000e+00
-4.688605042016806834e-01,2.010000000000000120e-01,0.000000000000000000e+00
-4.663579831932773700e-01,2.010000000000000120e-01,0.000000000000000000e+00
-4.638554621848740567e-01,2.010000000000000120e-01,0.000000000000000000e+00
-4.613529411764705213e-01,2.010000000000000120e-01,0.000000000000000000e+00
-4.588504201680672079e-01,2.010000000000000120e-01,0.000000000000000000e+00
-4.563478991596638945e-01,2.010000000000000120e-01,0.000000000000000000e+00
-4.538453781512605811e-01,2.010000000000000120e-01,0.000000000000000000e+00
-4.513428571428570457e-01,2.010000000000000120e-01,0.000000000000000000e+00
-4.488403361344537323e-01,2.010000000000000120e-01,0.000000000000000000e+00
-4.463378151260504190e-01,2.010000000000000120e-01,0.000000000000000000e+00
-4.438352941176471056e-01,2.010000000000000120e-01,0.000000000000000000e+00
-4.413327731092437922e-01,2.010000000000000120e-01,0.000000000000000000e+00
-4.388302521008402568e-01,2.010000000000000120e-01,0.000000000000000000e+00
-4.363277310924369434e-01,2.010000000000000120e-01,0.000000000000000000e+00
-4.338252100840336301e-01,2.010000000000000120e-01,0.000000000000000000e+00
-4.313226890756303167e-01,2.010000000000000120e-01,0.000000000000000000e+00
-4.288201680672270033e-01,2.010000000000000120e-01,0.000000000000000000e+00
-4.263176470588234679e-01,2.010000000000000120e-01,0.000000000000000000e+00
-4.238151260504201545e-01,2.010000000000000120e-01,0.000000000000000000e+00
-4.213126050420168411e-01,2.010000000000000120e-01,0.000000000000000000e+00
-4.188100840336135278e-01,2.010000000000000120e-01,0.000000000000000000e+00
-4.163075630252099923e-01,2.010000000000000120e-01,0.000000000000000000e+00
-4.138050420168066790e-01,2.010000000000000120e-01,0.000000000000000000e+00
-4.113025210084033656e-01,2.010000000000000120e-01,0.000000000000000000e+00
-4.088000000000000522e-01,2.010000000000000120e-01,0.000000000000000000e+00
-4.062974789915967389e-01,2.010000000000000120e-01,0.000000000000000000e+00
-4.037949579831932034e-01,2.010000000000000120e-01,0.000000000000000000e+00
-4.012924369747898901e-01,2.010000000000000120e-01,0.000000000000000000e+00
-3.987899159663865767e-01,2.010000000000000120e-01,0.000000000000000000e+00
-3.962873949579832633e-01,2.010000000000000120e-01,0.000000000000000000e+00
-3.937848739495799499e-01,2.010000000000000120e-01,0.000000000000000000e+00
-3.912823529411764145e-01,2.010000000000000120e-01,0.000000000000000000e+00
-3.887798319327731011e-01,2.010000000000000120e-01,0.000000000000000000e+00
-3.862773109243697878e-01,2.010000000000000120e-01,0.000000000000000000e+00
-3.837747899159664744e-01,2.010000000000000120e-01,0.000000000000000000e+00
-3.812722689075629390e-01,2.010000000000000120e-01,0.000000000000000000e+00
-3.787697478991596256e-01,2.010000000000000120e-01,0.000000000000000000e+00
-3.762672268907563122e-01,2.010000000000000120e-01,0.000000000000000000e+00
-3.737647058823529989e-01,2.010000000000000120e-01,0.000000000000000000e+00
-3.712621848739496855e-01,2.010000000000000120e-01,0.000000000000000000e+00
-3.687596638655461501e-01,2.010000000000000120e-01,0.000000000000000000e+00
-3.662571428571428367e-01,2.010000000000000120e-01,0.000000000000000000e+00
-3.637546218487395233e-01,2.010000000000000120e-01,0.000000000000000000e+00
-3.612521008403362099e-01,2.010000000000000120e-01,0.000000000000000000e+00
-3.587495798319326745e-01,2.010000000000000120e-01,0.000000000000000000e+00
-3.562470588235293611e-01,2.010000000000000120e-01,0.000000000000000000e+00
-3.537445378151260478e-01,2.010000000000000120e-01,0.000000000000000000e+00
-3.512420168067227344e-01,2.010000000000000120e-01,0.000000000000000000e+00
-3.487394957983194210e-01,2.010000000000000120e-01,0.000000000000000000e+00
-3.462369747899158856e-01,2.010000000000000120e-01,0.000000000000000000e+00
-3.437344537815125722e-01,2.010000000000000120e-01,0.000000000000000000e+00
-3.412319327731092589e-01,2.010000000000000120e-01,0.000000000000000000e+00
-3.387294117647059455e-01,2.010000000000000120e-01,0.000000000000000000e+00
-3.362268907563026321e-01,2.010000000000000120e-01,0.000000000000000000e+00
-3.337243697478990967e-01,2.010000000000000120e-01,0.000000000000000000e+00
-3.312218487394957833e-01,2.010000000000000120e-01,0.000000000000000000e+00
-3.287193277310924699e-01,2.010000000000000120e-01,0.000000000000000000e+00
-3.262168067226891566e-01,2.010000000000000120e-01,0.000000000000000000e+00
-3.237142857142856212e-01,2.010000000000000120e-01,0.000000000000000000e+00
-3.212117647058823078e-01,2.010000000000000120e-01,0.000000000000000000e+00
-3.187092436974789944e-01,2.010000000000000120e-01,0.000000000000000000e+00
-3.162067226890756810e-01,2.010000000000000120e-01,0.000000000000000000e+00
-3.137042016806723677e-01,2.010000000000000120e-01,0.000000000000000000e+00
-3.112016806722688322e-01,2.010000000000000120e-01,0.000000000000000000e+00
-3.086991596638655189e-01,2.010000000000000120e-01,0.000000000000000000e+00
-3.061966386554622055e-01,2.010000000000000120e-01,0.000000000000000000e+00
-3.036941176470588921e-01,2.010000000000000120e-01,0.000000000000000000e+00
-3.011915966386553567e-01,2.010000000000000120e-01,0.000000000000000000e+00
-2.986890756302520433e-01,2.010000000000000120e-01,0.000000000000000000e+00
-2.961865546218487300e-01,2.010000000000000120e-01,0.000000000000000000e+00
-2.936840336134454166e-01,2.010000000000000120e-01,0.000000000000000000e+00
-2.911815126050421032e-01,2.010000000000000120e-01,0.000000000000000000e+00
-2.886789915966385678e-01,2.010000000000000120e-01,0.000000000000000000e+00
-2.861764705882352544e-01,2.010000000000000120e-01,0.000000000000000000e+00
-2.836739495798319410e-01,2.010000000000000120e-01,0.000000000000000000e+00
-2.811714285714286277e-01,2.010000000000000120e-01,0.000000000000000000e+00
-2.786689075630253143e-01,2.010000000000000120e-01,0.000000000000000000e+00
-2.761663865546217789e-01,2.010000000000000120e-01,0.000000000000000000e+00
-2.736638655462184655e-01,2.010000000000000120e-01,0.000000000000000000e+00
-2.711613445378151521e-01,2.010000000000000120e-01,0.000000000000000000e+00
-2.686588235294118387e-01,2.010000000000000120e-01,0.000000000000000000e+00
-2.661563025210083033e-01,2.010000000000000120e-01,0.000000000000000000e+00
-2.636537815126049900e-01,2.010000000000000120e-01,0.000000000000000000e+00
-2.611512605042016766e-01,2.010000000000000120e-01,0.000000000000000000e+00
-2.586487394957983632e-01,2.010000000000000120e-01,0.000000000000000000e+00
-2.561462184873950498e-01,2.010000000000000120e-01,0.000000000000000000e+00
-2.536436974789915144e-01,2.010000000000000120e-01,0.000000000000000000e+00
-2.511411764705882010e-01,2.010000000000000120e-01,0.000000000000000000e+00
-2.486386554621848877e-01,2.010000000000000120e-01,0.000000000000000000e+00
-2.461361344537815743e-01,2.010000000000000120e-01,0.000000000000000000e+00
-2.436336134453780389e-01,2.010000000000000120e-01,0.000000000000000000e+00
-2.411310924369747255e-01,2.010000000000000120e-01,0.000000000000000000e+00
-2.386285714285714121e-01,2.010000000000000120e-01,0.000000000000000000e+00
-2.361260504201680988e-01,2.010000000000000120e-01,0.000000000000000000e+00
-2.336235294117647854e-01,2.010000000000000120e-01,0.000000000000000000e+00
-2.311210084033612500e-01,2.010000000000000120e-01,0.000000000000000000e+00
-2.286184873949579366e-01,2.010000000000000120e-01,0.000000000000000000e+00
-2.261159663865546232e-01,2.010000000000000120e-01,0.000000000000000000e+00
-2.236134453781513098e-01,2.010000000000000120e-01,0.000000000000000000e+00
-2.211109243697479965e-01,2.010000000000000120e-01,0.000000000000000000e+00
-2.186084033613444610e-01,2.010000000000000120e-01,0.000000000000000000e+00
-2.161058823529411477e-01,2.010000000000000120e-01,0.000000000000000000e+00
-2.136033613445378343e-01,2.010000000000000120e-01,0.000000000000000000e+00
-2.111008403361345209e-01,2.010000000000000120e-01,0.000000000000000000e+00
-2.085983193277309855e-01,2.010000000000000120e-01,0.000000000000000000e+00
-2.060957983193276721e-01,2.010000000000000120e-01,0.000000000000000000e+00
-2.035932773109243588e-01,2.010000000000000120e-01,0.000000000000000000e+00
-2.010907563025210454e-01,2.010000000000000120e-01,0.000000000000000000e+00
-1.985882352941177320e-01,2.010000000000000120e-01,0.000000000000000000e+00
-1.960857142857141966e-01,2.010000000000000120e-01,0.000000000000000000e+00
-1.935831932773108832e-01,2.010000000000000120e-01,0.000000000000000000e+00
-1.910806722689075698e-01,2.010000000000000120e-01,0.000000000000000000e+00
-1.885781512605042565e-01,2.010000000000000120e-01,0.000000000000000000e+00
-1.860756302521009431e-01,2.010000000000000120e-01,0.000000000000000000e+00
-1.835731092436974077e-01,2.010000000000000120e-01,0.000000000000000000e+00
-1.810705882352940943e-01,2.010000000000000120e-01,0.000000000000000000e+00
-1.785680672268907809e-01,2.010000000000000120e-01,0.000000000000000000e+00
-1.760655462184874676e-01,2.010000000000000120e-01,0.000000000000000000e+00
-1.735630252100839321e-01,2.010000000000000120e-01,0.000000000000000000e+00
-1.710605042016806188e-01,2.010000000000000120e-01,0.000000000000000000e+00
-1.685579831932773054e-01,2.010000000000000120e-01,0.000000000000000000e+00
-1.660554621848739920e-01,2.010000000000000120e-01,0.000000000000000000e+00
-1.635529411764706786e-01,2.010000000000000120e-01,0.000000000000000000e+00
-1.610504201680671432e-01,2.010000000000000120e-01,0.000000000000000000e+00
-1.585478991596638298e-01,2.010000000000000120e-01,0.000000000000000000e+00
-1.560453781512605165e-01,2.010000000000000120e-01,0.000000000000000000e+00
-1.535428571428572031e-01,2.010000000000000120e-01,0.000000000000000000e+00
-1.510403361344536677e-01,2.010000000000000120e-01,0.000000000000000000e+00
-1.485378151260503543e-01,2.010000000000000120e-01,0.000000000000000000e+00
-1.460352941176470409e-01,2.010000000000000120e-01,0.000000000000000000e+00
-1.435327731092437276e-01,2.010000000000000120e-01,0.000000000000000000e+00
-1.410302521008404142e-01,2.010000000000000120e-01,0.000000000000000000e+00
-1.385277310924368788e-01,2.010000000000000120e-01,0.000000000000000000e+00
-1.360252100840335654e-01,2.010000000000000120e-01,0.000000000000000000e+00
-1.335226890756302520e-01,2.010000000000000120e-01,0.000000000000000000e+00
-1.310201680672269386e-01,2.010000000000000120e-01,0.000000000000000000e+00
-1.285176470588236253e-01,2.010000000000000120e-01,0.000000000000000000e+00
-1.260151260504200899e-01,2.010000000000000120e-01,0.000000000000000000e+00
-1.235126050420167765e-01,2.010000000000000120e-01,0.000000000000000000e+00
-1.210100840336134631e-01,2.010000000000000120e-01,0.000000000000000000e+00
-1.185075630252101497e-01,2.010000000000000120e-01,0.000000000000000000e+00
-1.160050420168066143e-01,2.010000000000000120e-01,0.000000000000000000e+00
-1.135025210084033009e-01,2.010000000000000120e-01,0.000000000000000000e+00
-1.110000000000000014e-01,2.010000000000000120e-01,0.000000000000000000e+00
-1.110000000000000014e-01,2.010000000000000120e-01,1.610830667617453749e+00
-1.084117647058823602e-01,2.010000000000000120e-01,1.520602952577263745e+00
-1.058235294117647052e-01,2.010000000000000120e-01,1.429865130774647497e+00
-1.032352941176470640e-01,2.010000000000000120e-01,1.338617202209575918e+00
-1.006470588235294089e-01,2.010000000000000120e-01,1.246859166882068326e+00
-9.805882352941176772e-02,2.010000000000000120e-01,1.154591024792128495e+00
-9.547058823529411264e-02,2.010000000000000120e-01,1.061812775939742659e+00
-9.288235294117647145e-02,2.010000000000000120e-01,9.685244203249051553e-01
-9.029411764705883026e-02,2.010000000000000120e-01,8.747259579476365232e-01
-8.770588235294117518e-02,2.010000000000000120e-01,7.804173888079266597e-01
-8.511764705882353399e-02,2.010000000000000120e-01,6.855987129057711238e-01
-8.252941176470587892e-02,2.010000000000000120e-01,5.902699302411830162e-01
-7.994117647058823772e-02,2.010000000000000120e-01,4.944310408141486812e-01
-7.735294117647059653e-02,2.010000000000000120e-01,3.980820446246663424e-01
-7.476470588235295534e-02,2.010000000000000120e-01,3.012229416727558728e-01
-7.217647058823530026e-02,2.010000000000000120e-01,2.038537319583995644e-01
-6.958823529411764519e-02,2.010000000000000120e-01,1.059744154815905059e-01
-6.700000000000000400e-02,2.010000000000000120e-01,7.584992242359190479e-03
-6.441176470588236280e-02,2.010000000000000120e-01,-9.159461743840031922e-02
-6.182352941176471467e-02,2.010000000000000120e-01,-1.933826340173683545e-01
-5.923529411764706654e-02,2.010000000000000120e-01,-2.985049489558515567e-01
-5.664705882352941840e-02,2.010000000000000120e-01,-4.069634588311286105e-01
-5.405882352941177027e-02,2.010000000000000120e-01,-5.187581636432532228e-01
-5.147058823529412214e-02,2.010000000000000120e-01,-6.338890633921770990e-01
-4.888235294117647400e-02,2.010000000000000120e-01,-7.523561580779076774e-01
-4.629411764705883281e-02,2.010000000000000120e-01,-8.741594477004579478e-01
-4.370588235294117774e-02,2.010000000000000120e-01,-9.992989322598302415e-01
-4.111764705882353654e-02,2.010000000000000120e-01,-1.127774611756010570e+00
-3.852941176470589535e-02,2.010000000000000120e-01,-1.259586486189012922e+00
-3.594117647058824028e-02,2.010000000000000120e-01,-1.394734555558825306e+00
-3.335294117647059908e-02,2.010000000000000120e-01,-1.533218819865448834e+00
-3.076470588235294401e-02,2.010000000000000120e-01,-1.675039279108888168e+00
-2.817647058823530282e-02,2.010000000000000120e-01,-1.820195933289147971e+00
-2.558823529411766162e-02,2.010000000000000120e-01,-1.968688782406220694e+00
-2.299999999999999961e-02,2.010000000000000120e-01,0.000000000000000000e+00
-2.299999999999999961e-02,2.010000000000000120e-01,0.000000000000000000e+00
-2.028571428571428539e-02,2.010000000000000120e-01,0.000000000000000000e+00
-1.757142857142857117e-02,2.010000000000000120e-01,0.000000000000000000e+00
-1.485714285714285696e-02,2.010000000000000120e-01,0.000000000000000000e+00
-1.214285714285714274e-02,2.010000000000000120e-01,0.000000000000000000e+00
-9.428571428571428520e-03,2.010000000000000120e-01,0.000000000000000000e+00
-6.714285714285714302e-03,2.010000000000000120e-01,0.000000000000000000e+00
-4.000000000000000083e-03,2.010000000000000120e-01,0.000000000000000000e+00
-1.285714285714285865e-03,-1.285714285714285865e-03,0.000000000000000000e+00
1.428571428571428353e-03,2.010000000000000120e-01,0.000000000000000000e+00
4.142857142857142572e-03,2.010000000000000120e-01,0.000000000000000000e+00
6.857142857142856790e-03,2.010000000000000120e-01,0.000000000000000000e+00
9.571428571428571008e-03,2.010000000000000120e-01,0.000000000000000000e+00
1.228571428571428176e-02,2.010000000000000120e-01,0.000000000000000000e+00
1.499999999999999944e-02,2.010000000000000120e-01,0.000000000000000000e+00
1.499999999999999944e-02,2.010000000000000120e-01,2.785500840542709522e+00
1.760714285714285593e-02,2.010000000000000120e-01,2.487007999710998618e+00
2.021428571428571241e-02,2.010000000000000120e-01,2.202719921837535733e+00
2.282142857142856890e-02,2.010000000000000120e-01,1.932636606922327749e+00
2.542857142857142538e-02,2.010000000000000120e-01,1.676758054965331368e+00
2.803571428571428187e-02,2.010000000000000120e-01,1.435084265966593220e+00
3.064285714285714182e-02,2.010000000000000120e-01,1.207615239926079775e+00
3.325000000000000178e-02,2.010000000000000120e-01,9.943509768438142382e-01
3.585714285714285132e-02,2.010000000000000120e-01,7.952914767197889478e-01
3.846428571428571475e-02,2.010000000000000120e-01,6.104367395540001295e-01
4.107142857142856429e-02,2.010000000000000120e-01,4.397867653464486160e-01
4.367857142857142771e-02,2.010000000000000120e-01,2.833415540971344071e-01
4.628571428571428420e-02,2.010000000000000120e-01,1.411011058060682999e-01
4.889285714285714068e-02,2.010000000000000120e-01,1.306542047323013683e-02
5.149999999999999717e-02,2.010000000000000120e-01,-1.007655019013694170e-01
5.410714285714285365e-02,2.010000000000000120e-01,-2.003916613177197381e-01
5.671428571428571014e-02,2.010000000000000120e-01,-2.858130577758367652e-01
5.932142857142856662e-02,2.010000000000000120e-01,-3.570296912757098817e-01
6.192857142857142311e-02,2.010000000000000120e-01,-4.140415618173550194e-01
6.453571428571427959e-02,2.010000000000000120e-01,-4.568486694007496962e-01
6.714285714285714302e-02,2.010000000000000120e-01,-4.854510140259201134e-01
6.974999999999999256e-02,2.010000000000000120e-01,-4.998485956928335194e-01
7.235714285714284211e-02,2.010000000000000120e-01,-5.000414144015216111e-01
7.496428571428570553e-02,2.010000000000000120e-01,-4.860294701519630722e-01
7.757142857142856895e-02,2.010000000000000120e-01,-4.578127629441737789e-01
8.017857142857141850e-02,2.010000000000000120e-01,-4.153912927781410191e-01
8.278571428571428192e-02,2.010000000000000120e-01,-3.587650596538634051e-01
8.539285714285713147e-02,2.010000000000000120e-01,-2.879340635713540930e-01
8.799999999999999489e-02,2.010000000000000120e-01,-4.260294719126147100e+00
9.033333333333333492e-02,2.010000000000000120e-01,0.000000000000000000e+00
9.266666666666666108e-02,2.010000000000000120e-01,0.000000000000000000e+00
9.500000000000000111e-02,2.010000000000000120e-01,-2.342303837822607093e+01
9.757142857142857284e-02,2.010000000000000120e-01,1.258790351189967005e+01
1.001428571428571446e-01,2.010000000000000120e-01,-1.991856699173382239e+01
1.027142857142857163e-01,2.010000000000000120e-01,-1.286406274494871127e+01
1.052857142857142880e-01,2.010000000000000120e-01,-6.481492709556037290e+00
1.078571428571428598e-01,2.010000000000000120e-01,-7.708568855558071142e-01
1.104285714285714315e-01,2.010000000000000120e-01,4.267844727052017006e+00
1.130000000000000032e-01,2.010000000000000120e-01,8.634612128267390219e+00
1.155714285714285749e-01,2.010000000000000120e-01,1.232944531809034672e+01
1.181428571428571467e-01,2.010000000000000120e-01,1.421308105288657231e+01
1.207142857142857184e-01,2.010000000000000120e-01,6.697090303263196986e+00
1.232857142857142901e-01,2.010000000000000120e-01,-1.012917932045746028e+01
1.258571428571428619e-01,2.010000000000000120e-01,1.375761503676604924e+01
1.284285714285714475e-01,2.010000000000000120e-01,2.486116513970037190e+00
1.310000000000000053e-01,2.010000000000000120e-01,-3.576720462658936395e+00
1.335714285714285632e-01,2.010000000000000120e-01,8.868768141052869591e-01
1.361428571428571488e-01,2.010000000000000120e-01,2.651341741442834632e+00
1.387142857142857344e-01,2.010000000000000120e-01,1.804174263750252916e+00
1.412857142857142922e-01,2.010000000000000120e-01,3.578731021481607044e-01
1.438571428571428501e-01,2.010000000000000120e-01,1.125696540291425823e-01
1.464285714285714357e-01,2.010000000000000120e-01,1.519359869453136280e-01
1.490000000000000213e-01,2.010000000000000120e-01,1.796606813657222190e-01
1.515714285714285792e-01,2.010000000000000120e-01,1.957005117003320915e-01
1.541428571428571370e-01,2.010000000000000120e-01,2.000554779491428015e-01
1.567142857142857226e-01,2.010000000000000120e-01,1.927255801121748879e-01
1.592857142857143082e-01,2.010000000000000120e-01,1.737108181893930736e-01
1.618571428571428661e-01,2.010000000000000120e-01,1.430111921808283337e-01
1.644285714285714239e-01,2.010000000000000120e-01,1.006267020864627521e-01
1.670000000000000095e-01,2.010000000000000120e-01,4.655734790631260722e-02
1.695714285714285952e-01,2.010000000000000120e-01,-1.919687035964543972e-02
1.721428571428571530e-01,2.010000000000000120e-01,-9.663595271137674636e-02
1.747142857142857109e-01,2.010000000000000120e-01,-1.857598991489138596e-01
1.772857142857142965e-01,2.010000000000000120e-01,-2.865687096722489557e-01
1.798571428571428821e-01,2.010000000000000120e-01,-3.990623842813771360e-01
1.824285714285714399e-01,2.010000000000000120e-01,-5.223918606593683789e-01
1.849999999999999978e-01,2.010000000000000120e-01,-6.212752577473344973e-01
1.875714285714285834e-01,2.010000000000000120e-01,-6.485190680459489432e-01
1.901428571428571690e-01,2.010000000000000120e-01,-6.008285337015147887e-01
1.927142857142857268e-01,2.010000000000000120e-01,-4.782036547139772442e-01
1.952857142857142847e-01,2.010000000000000120e-01,-3.806271466563183603e-01
1.978571428571428703e-01,2.010000000000000120e-01,-6.244742252906201330e+00
2.004285714285714559e-01,2.010000000000000120e-01,-1.006828117247688859e+01
2.030000000000000138e-01,2.010000000000000120e-01,0.000000000000000000e+00
2.030000000000000138e-01,2.010000000000000120e-01,-5.616618040236960319e+00
2.056250000000000022e-01,2.010000000000000120e-01,0.000000000000000000e+00
2.082500000000000184e-01,2.010000000000000120e-01,0.000000000000000000e+00
2.108750000000000069e-01,2.010000000000000120e-01,0.000000000000000000e+00
2.135000000000000231e-01,2.010000000000000120e-01,0.000000000000000000e+00
2.161250000000000115e-01,2.010000000000000120e-01,0.000000000000000000e+00
2.187500000000000000e-01,2.010000000000000120e-01,0.000000000000000000e+00
2.213750000000000162e-01,2.010000000000000120e-01,0.000000000000000000e+00
2.240000000000000047e-01,2.010000000000000120e-01,0.000000000000000000e+00
2.266250000000000209e-01,2.010000000000000120e-01,0.000000000000000000e+00
2.292500000000000093e-01,2.010000000000000120e-01,0.000000000000000000e+00
2.318750000000000255e-01,2.010000000000000120e-01,0.000000000000000000e+00
2.345000000000000140e-01,2.010000000000000120e-01,0.000000000000000000e+00
2.371250000000000302e-01,2.010000000000000120e-01,0.000000000000000000e+00
2.397500000000000187e-01,2.010000000000000120e-01,0.000000000000000000e+00
2.423750000000000071e-01,2.010000000000000120e-01,0.000000000000000000e+00
2.450000000000000233e-01,2.010000000000000120e-01,0.000000000000000000e+00
2.476250000000000118e-01,2.010000000000000120e-01,0.000000000000000000e+00
2.502500000000000280e-01,2.010000000000000120e-01,0.000000000000000000e+00
2.528750000000000164e-01,2.010000000000000120e-01,0.000000000000000000e+00
2.555000000000000049e-01,2.010000000000000120e-01,0.000000000000000000e+00
2.581249999999999933e-01,2.010000000000000120e-01,0.000000000000000000e+00
2.607500000000000373e-01,2.010000000000000120e-01,0.000000000000000000e+00
2.633750000000000258e-01,2.010000000000000120e-01,1.999317289299879619e+00
2.660000000000000142e-01,2.010000000000000120e-01,0.000000000000000000e+00
2.660000000000000142e-01,2.010000000000000120e-01,2.823518602145482781e+00
2.686399999999999899e-01,2.010000000000000120e-01,8.056367202895190482e-01
2.712800000000000211e-01,2.010000000000000120e-01,7.687064121964281016e-01
2.739199999999999968e-01,2.010000000000000120e-01,7.247701458919009188e-01
2.765600000000000280e-01,2.010000000000000120e-01,6.738279213759370556e-01
2.792000000000000037e-01,2.010000000000000120e-01,6.158797386485345138e-01
2.818400000000000349e-01,2.010000000000000120e-01,5.509255977096894075e-01
2.844800000000000106e-01,2.010000000000000120e-01,4.789654985594067327e-01
2.871200000000000419e-01,2.010000000000000120e-01,3.999994411976889874e-01
2.897600000000000176e-01,2.010000000000000120e-01,3.140274256245295104e-01
2.923999999999999932e-01,2.010000000000000120e-01,2.210494518399311048e-01
2.950400000000000245e-01,2.010000000000000120e-01,1.210655198438959634e-01
2.976800000000000002e-01,2.010000000000000120e-01,1.407562963641898271e-02
3.003200000000000314e-01,2.010000000000000120e-01,-9.992021878249558731e-02
3.029600000000000071e-01,2.010000000000000120e-01,-2.209220254128486660e-01
3.055999999999999828e-01,2.010000000000000120e-01,-3.489297902546391605e-01
3.082400000000000140e-01,2.010000000000000120e-01,-4.839435133078723306e-01
3.108800000000000452e-01,2.010000000000000120e-01,-6.259631945725435687e-01
3.135200000000000209e-01,2.010000000000000120e-01,-7.749888340486480454e-01
3.161599999999999966e-01,2.010000000000000120e-01,-9.310204317362000825e-01
3.188000000000000278e-01,2.010000000000000120e-01,-1.094057987635180806e+00
3.214400000000000035e-01,2.010000000000000120e-01,-1.264101501745608758e+00
3.240800000000000347e-01,2.010000000000000120e-01,-1.441150974067473722e+00
3.267200000000000104e-01,2.010000000000000120e-01,-1.625206404600773702e+00
3.293599999999999861e-01,2.010000000000000120e-01,-1.816267793345515802e+00
3.320000000000000173e-01,2.010000000000000120e-01,0.000000000000000000e+00
3.320000000000000173e-01,2.010000000000000120e-01,0.000000000000000000e+00
3.345059288537549635e-01,2.010000000000000120e-01,0.000000000000000000e+00
3.370118577075099098e-01,2.010000000000000120e-01,0.000000000000000000e+00
3.395177865612648560e-01,2.010000000000000120e-01,0.000000000000000000e+00
3.420237154150198022e-01,2.010000000000000120e-01,0.000000000000000000e+00
3.445296442687747485e-01,2.010000000000000120e-01,0.000000000000000000e+00
3.470355731225296392e-01,2.010000000000000120e-01,0.000000000000000000e+00
3.495415019762845854e-01,2.010000000000000120e-01,0.000000000000000000e+00
3.520474308300395316e-01,2.010000000000000120e-01,0.000000000000000000e+00
3.545533596837944779e-01,2.010000000000000120e-01,0.000000000000000000e+00
3.570592885375494241e-01,2.010000000000000120e-01,0.000000000000000000e+00
3.595652173913043703e-01,2.010000000000000120e-01,0.000000000000000000e+00
3.620711462450593165e-01,2.010000000000000120e-01,0.000000000000000000e+00
3.645770750988142628e-01,2.010000000000000120e-01,0.000000000000000000e+00
3.670830039525692090e-01,2.010000000000000120e-01,0.000000000000000000e+00
3.695889328063240997e-01,2.010000000000000120e-01,0.000000000000000000e+00
3.720948616600790460e-01,2.010000000000000120e-01,0.000000000000000000e+00
3.746007905138339922e-01,2.010000000000000120e-01,0.000000000000000000e+00
3.771067193675889384e-01,2.010000000000000120e-01,0.000000000000000000e+00
3.796126482213438846e-01,2.010000000000000120e-01,0.000000000000000000e+00
3.821185770750988309e-01,2.010000000000000120e-01,0.000000000000000000e+00
3.846245059288537771e-01,2.010000000000000120e-01,0.000000000000000000e+00
3.871304347826087233e-01,2.010000000000000120e-01,0.000000000000000000e+00
3.896363636363636695e-01,2.010000000000000120e-01,0.000000000000000000e+00
3.921422924901185603e-01,2.010000000000000120e-01,0.000000000000000000e+00
3.946482213438735620e-01,2.010000000000000120e-01,0.000000000000000000e+00
3.971541501976284527e-01,2.010000000000000120e-01,0.000000000000000000e+00
3.996600790513833990e-01,2.010000000000000120e-01,0.000000000000000000e+00
4.021660079051383452e-01,2.010000000000000120e-01,0.000000000000000000e+00
4.046719367588932914e-01,2.010000000000000120e-01,0.000000000000000000e+00
4.071778656126482376e-01,2.010000000000000120e-01,0.000000000000000000e+00
4.096837944664031839e-01,2.010000000000000120e-01,0.000000000000000000e+00
4.121897233201581301e-01,2.010000000000000120e-01,0.000000000000000000e+00
4.146956521739130763e-01,2.010000000000000120e-01,0.000000000000000000e+00
4.172015810276680225e-01,2.010000000000000120e-01,0.000000000000000000e+00
4.197075098814229133e-01,2.010000000000000120e-01,0.000000000000000000e+00
4.222134387351778595e-01,2.010000000000000120e-01,0.000000000000000000e+00
4.247193675889328057e-01,2.010000000000000120e-01,0.000000000000000000e+00
4.272252964426877520e-01,2.010000000000000120e-01,0.000000000000000000e+00
4.297312252964426982e-01,2.010000000000000120e-01,0.000000000000000000e+00
4.322371541501976444e-01,2.010000000000000120e-01,0.000000000000000000e+00
4.347430830039525906e-01,2.010000000000000120e-01,0.000000000000000000e+00
4.372490118577075369e-01,2.010000000000000120e-01,0.000000000000000000e+00
4.397549407114624831e-01,2.010000000000000120e-01,0.000000000000000000e+00
4.422608695652173738e-01,2.010000000000000120e-01,0.000000000000000000e+00
4.447667984189723756e-01,2.010000000000000120e-01,0.000000000000000000e+00
4.472727272727272663e-01,2.010000000000000120e-01,0.000000000000000000e+00
4.497786561264822125e-01,2.010000000000000120e-01,0.000000000000000000e+00
4.522845849802371587e-01,2.010000000000000120e-01,0.000000000000000000e+00
4.547905138339921050e-01,2.010000000000000120e-01,0.000000000000000000e+00
4.572964426877470512e-01,2.010000000000000120e-01,0.000000000000000000e+00
4.598023715415019974e-01,2.010000000000000120e-01,0.000000000000000000e+00
4.623083003952569436e-01,2.010000000000000120e-01,0.000000000000000000e+00
4.648142292490118344e-01,2.010000000000000120e-01,0.000000000000000000e+00
4.673201581027668361e-01,2.010000000000000120e-01,0.000000000000000000e+00
4.698260869565217268e-01,2.010000000000000120e-01,0.000000000000000000e+00
4.723320158102767286e-01,2.010000000000000120e-01,0.000000000000000000e+00
4.748379446640316193e-01,2.010000000000000120e-01,0.000000000000000000e+00
4.773438735177865655e-01,2.010000000000000120e-01,0.000000000000000000e+00
4.798498023715415117e-01,2.010000000000000120e-01,0.000000000000000000e+00
4.823557312252964580e-01,2.010000000000000120e-01,0.000000000000000000e+00
4.848616600790514042e-01,2.010000000000000120e-01,0.000000000000000000e+00
4.873675889328062949e-01,2.010000000000000120e-01,0.000000000000000000e+00
4.898735177865612966e-01,2.010000000000000120e-01,0.000000000000000000e+00
4.923794466403161874e-01,2.010000000000000120e-01,0.000000000000000000e+00
4.948853754940711891e-01,2.010000000000000120e-01,0.000000000000000000e+00
4.973913043478260798e-01,2.010000000000000120e-01,0.000000000000000000e+00
4.998972332015810260e-01,2.010000000000000120e-01,0.000000000000000000e+00
5.024031620553359723e-01,2.010000000000000120e-01,0.000000000000000000e+00
5.049090909090909740e-01,2.010000000000000120e-01,0.000000000000000000e+00
5.074150197628458647e-01,2.010000000000000120e-01,0.000000000000000000e+00
5.099209486166007554e-01,2.010000000000000120e-01,0.000000000000000000e+00
5.124268774703557572e-01,2.010000000000000120e-01,0.000000000000000000e+00
5.149328063241106479e-01,2.010000000000000120e-01,0.000000000000000000e+00
5.174387351778656496e-01,2.010000000000000120e-01,0.000000000000000000e+00
5.199446640316205404e-01,2.010000000000000120e-01,0.000000000000000000e+00
5.224505928853755421e-01,2.010000000000000120e-01,0.000000000000000000e+00
5.249565217391304328e-01,2.010000000000000120e-01,0.000000000000000000e+00
5.274624505928853235e-01,2.010000000000000120e-01,0.000000000000000000e+00
5.299683794466403253e-01,2.010000000000000120e-01,0.000000000000000000e+00
5.324743083003953270e-01,2.010000000000000120e-01,0.000000000000000000e+00
5.349802371541502177e-01,2.010000000000000120e-01,0.000000000000000000e+00
5.374861660079051084e-01,2.010000000000000120e-01,0.000000000000000000e+00
5.399920948616601102e-01,2.010000000000000120e-01,0.000000000000000000e+00
5.424980237154150009e-01,2.010000000000000120e-01,0.000000000000000000e+00
5.450039525691700026e-01,2.010000000000000120e-01,0.000000000000000000e+00
5.475098814229248934e-01,2.010000000000000120e-01,0.000000000000000000e+00
5.500158102766798951e-01,2.010000000000000120e-01,0.000000000000000000e+00
5.525217391304347858e-01,2.010000000000000120e-01,0.000000000000000000e+00
5.550276679841896765e-01,2.010000000000000120e-01,0.000000000000000000e+00
5.575335968379446783e-01,2.010000000000000120e-01,0.000000000000000000e+00
5.600395256916996800e-01,2.010000000000000120e-01,0.000000000000000000e+00
5.625454545454545707e-01,2.010000000000000120e-01,0.000000000000000000e+00
5.650513833992094614e-01,2.010000000000000120e-01,0.000000000000000000e+00
5.675573122529644632e-01,2.010000000000000120e-01,0.000000000000000000e+00
5.700632411067193539e-01,2.010000000000000120e-01,0.000000000000000000e+00
5.725691699604742446e-01,2.010000000000000120e-01,0.000000000000000000e+00
5.750750988142292464e-01,2.010000000000000120e-01,0.000000000000000000e+00
5.775810276679842481e-01,2.010000000000000120e-01,0.000000000000000000e+00
5.800869565217391388e-01,2.010000000000000120e-01,0.000000000000000000e+00
5.825928853754940295e-01,2.010000000000000120e-01,0.000000000000000000e+00
5.850988142292490313e-01,2.010000000000000120e-01,0.000000000000000000e+00
5.876047430830040330e-01,2.010000000000000120e-01,0.000000000000000000e+00
5.901106719367589237e-01,2.010000000000000120e-01,0.000000000000000000e+00
5.926166007905138144e-01,2.010000000000000120e-01,0.000000000000000000e+00
5.951225296442688162e-01,2.010000000000000120e-01,0.000000000000000000e+00
5.976284584980237069e-01,2.010000000000000120e-01,0.000000000000000000e+00
6.001343873517785976e-01,2.010000000000000120e-01,0.000000000000000000e+00
6.026403162055335994e-01,2.010000000000000120e-01,0.000000000000000000e+00
6.051462450592886011e-01,2.010000000000000120e-01,0.000000000000000000e+00
6.076521739130434918e-01,2.010000000000000120e-01,0.000000000000000000e+00
6.101581027667983825e-01,2.010000000000000120e-01,0.000000000000000000e+00
6.126640316205533843e-01,2.010000000000000120e-01,0.000000000000000000e+00
6.151699604743083860e-01,2.010000000000000120e-01,0.000000000000000000e+00
6.176758893280631657e-01,2.010000000000000120e-01,0.000000000000000000e+00
6.201818181818181674e-01,2.010000000000000120e-01,0.000000000000000000e+00
6.226877470355731692e-01,2.010000000000000120e-01,0.000000000000000000e+00
6.251936758893280599e-01,2.010000000000000120e-01,0.000000000000000000e+00
6.276996047430829506e-01,2.010000000000000120e-01,0.000000000000000000e+00
6.302055335968379524e-01,2.010000000000000120e-01,0.000000000000000000e+00
6.327114624505929541e-01,2.010000000000000120e-01,0.000000000000000000e+00
6.352173913043478448e-01,2.010000000000000120e-01,0.000000000000000000e+00
6.377233201581027355e-01,2.010000000000000120e-01,0.000000000000000000e+00
6.402292490118577373e-01,2.010000000000000120e-01,0.000000000000000000e+00
6.427351778656126280e-01,2.010000000000000120e-01,0.000000000000000000e+00
6.452411067193675187e-01,2.010000000000000120e-01,0.000000000000000000e+00
6.477470355731225204e-01,2.010000000000000120e-01,0.000000000000000000e+00
6.502529644268775222e-01,2.010000000000000120e-01,0.000000000000000000e+00
6.527588932806324129e-01,2.010000000000000120e-01,0.000000000000000000e+00
6.552648221343873036e-01,2.010000000000000120e-01,0.000000000000000000e+00
6.577707509881423054e-01,2.010000000000000120e-01,0.000000000000000000e+00
6.602766798418973071e-01,2.010000000000000120e-01,0.000000000000000000e+00
6.627826086956521978e-01,2.010000000000000120e-01,0.000000000000000000e+00
6.652885375494070885e-01,2.010000000000000120e-01,0.000000000000000000e+00
6.677944664031620903e-01,2.010000000000000120e-01,0.000000000000000000e+00
6.703003952569169810e-01,2.010000000000000120e-01,0.000000000000000000e+00
6.728063241106718717e-01,2.010000000000000120e-01,0.000000000000000000e+00
6.753122529644268734e-01,2.010000000000000120e-01,0.000000000000000000e+00
6.778181818181818752e-01,2.010000000000000120e-01,0.000000000000000000e+00
6.803241106719367659e-01,2.010000000000000120e-01,0.000000000000000000e+00
6.828300395256916566e-01,2.010000000000000120e-01,0.000000000000000000e+00
6.853359683794466584e-01,2.010000000000000120e-01,0.000000000000000000e+00
6.878418972332016601e-01,2.010000000000000120e-01,0.000000000000000000e+00
6.903478260869564398e-01,2.010000000000000120e-01,0.000000000000000000e+00
6.928537549407114415e-01,2.010000000000000120e-01,0.000000000000000000e+00
6.953596837944664433e-01,2.010000000000000120e-01,0.000000000000000000e+00
6.978656126482213340e-01,2.010000000000000120e-01,0.000000000000000000e+00
7.003715415019762247e-01,2.010000000000000120e-01,0.000000000000000000e+00
7.028774703557312264e-01,2.010000000000000120e-01,0.000000000000000000e+00
7.053833992094862282e-01,2.010000000000000120e-01,0.000000000000000000e+00
7.078893280632411189e-01,2.010000000000000120e-01,0.000000000000000000e+00
7.103952569169960096e-01,2.010000000000000120e-01,0.000000000000000000e+00
7.129011857707510114e-01,2.010000000000000120e-01,0.000000000000000000e+00
7.154071146245059021e-01,2.010000000000000120e-01,0.000000000000000000e+00
7.179130434782607928e-01,2.010000000000000120e-01,0.000000000000000000e+00
7.204189723320157945e-01,2.010000000000000120e-01,0.000000000000000000e+00
7.229249011857707963e-01,2.010000000000000120e-01,0.000000000000000000e+00
7.254308300395256870e-01,2.010000000000000120e-01,0.000000000000000000e+00
7.279367588932805777e-01,2.010000000000000120e-01,0.000000000000000000e+00
7.304426877470355794e-01,2.010000000000000120e-01,0.000000000000000000e+00
7.329486166007905812e-01,2.010000000000000120e-01,0.000000000000000000e+00
7.354545454545454719e-01,2.010000000000000120e-01,0.000000000000000000e+00
7.379604743083003626e-01,2.010000000000000120e-01,0.000000000000000000e+00
7.404664031620553644e-01,2.010000000000000120e-01,0.000000000000000000e+00
7.429723320158102551e-01,2.010000000000000120e-01,0.000000000000000000e+00
7.454782608695651458e-01,2.010000000000000120e-01,0.000000000000000000e+00
7.479841897233201475e-01,2.010000000000000120e-01,0.000000000000000000e+00
7.504901185770751493e-01,2.010000000000000120e-01,0.000000000000000000e+00
7.529960474308300400e-01,2.010000000000000120e-01,0.000000000000000000e+00
7.555019762845849307e-01,2.010000000000000120e-01,0.000000000000000000e+00
7.580079051383399324e-01,2.010000000000000120e-01,0.000000000000000000e+00
7.605138339920949342e-01,2.010000000000000120e-01,0.000000000000000000e+00
7.630197628458498249e-01,2.010000000000000120e-01,0.000000000000000000e+00
7.655256916996047156e-01,2.010000000000000120e-01,0.000000000000000000e+00
7.680316205533597174e-01,2.010000000000000120e-01,0.000000000000000000e+00
7.705375494071146081e-01,2.010000000000000120e-01,0.000000000000000000e+00
7.730434782608694988e-01,2.010000000000000120e-01,0.000000000000000000e+00
7.755494071146245005e-01,2.010000000000000120e-01,0.000000000000000000e+00
7.780553359683795023e-01,2.010000000000000120e-01,0.000000000000000000e+00
7.805612648221343930e-01,2.010000000000000120e-01,0.000000000000000000e+00
7.830671936758892837e-01,2.010000000000000120e-01,0.000000000000000000e+00
7.855731225296442854e-01,2.010000000000000120e-01,0.000000000000000000e+00
7.880790513833992872e-01,2.010000000000000120e-01,0.000000000000000000e+00
7.905849802371540669e-01,2.010000000000000120e-01,0.000000000000000000e+00
7.930909090909090686e-01,2.010000000000000120e-01,0.000000000000000000e+00
7.955968379446640704e-01,2.010000000000000120e-01,0.000000000000000000e+00
7.981027667984189611e-01,2.010000000000000120e-01,0.000000000000000000e+00
8.006086956521738518e-01,2.010000000000000120e-01,0.000000000000000000e+00
8.031146245059288535e-01,2.010000000000000120e-01,0.000000000000000000e+00
8.056205533596838553e-01,2.010000000000000120e-01,0.000000000000000000e+00
8.081264822134387460e-01,2.010000000000000120e-01,0.000000000000000000e+00
8.106324110671936367e-01,2.010000000000000120e-01,0.000000000000000000e+00
8.131383399209486385e-01,2.010000000000000120e-01,0.000000000000000000e+00
8.156442687747035292e-01,2.010000000000000120e-01,0.000000000000000000e+00
8.181501976284584199e-01,2.010000000000000120e-01,0.000000000000000000e+00
8.206561264822134216e-01,2.010000000000000120e-01,0.000000000000000000e+00
8.231620553359684234e-01,2.010000000000000120e-01,0.000000000000000000e+00
8.256679841897233141e-01,2.010000000000000120e-01,0.000000000000000000e+00
8.281739130434782048e-01,2.010000000000000120e-01,0.000000000000000000e+00
8.306798418972332065e-01,2.010000000000000120e-01,0.000000000000000000e+00
8.331857707509882083e-01,2.010000000000000120e-01,0.000000000000000000e+00
8.356916996047429880e-01,2.010000000000000120e-01,0.000000000000000000e+00
8.381976284584979897e-01,2.010000000000000120e-01,0.000000000000000000e+00
8.407035573122529915e-01,2.010000000000000120e-01,0.000000000000000000e+00
8.432094861660079932e-01,2.010000000000000120e-01,0.000000000000000000e+00
8.457154150197627729e-01,2.010000000000000120e-01,0.000000000000000000e+00
8.482213438735177746e-01,2.010000000000000120e-01,0.000000000000000000e+00
8.507272727272727764e-01,2.010000000000000120e-01,0.000000000000000000e+00
8.532332015810275561e-01,2.010000000000000120e-01,0.000000000000000000e+00
8.557391304347825578e-01,2.010000000000000120e-01,0.000000000000000000e+00
8.582450592885375595e-01,2.010000000000000120e-01,0.000000000000000000e+00
8.607509881422925613e-01,2.010000000000000120e-01,0.000000000000000000e+00
8.632569169960473410e-01,2.010000000000000120e-01,0.000000000000000000e+00
8.657628458498023427e-01,2.010000000000000120e-01,0.000000000000000000e+00
8.682687747035573445e-01,2.010000000000000120e-01,0.000000000000000000e+00
8.707747035573123462e-01,2.010000000000000120e-01,0.000000000000000000e+00
8.732806324110671259e-01,2.010000000000000120e-01,0.000000000000000000e+00
8.757865612648221276e-01,2.010000000000000120e-01,0.000000000000000000e+00
8.782924901185771294e-01,2.010000000000000120e-01,0.000000000000000000e+00
8.807984189723319091e-01,2.010000000000000120e-01,0.000000000000000000e+00
8.833043478260869108e-01,2.010000000000000120e-01,0.000000000000000000e+00
8.858102766798419125e-01,2.010000000000000120e-01,0.000000000000000000e+00
8.883162055335969143e-01,2.010000000000000120e-01,0.000000000000000000e+00
8.908221343873516940e-01,2.010000000000000120e-01,0.000000000000000000e+00
8.933280632411066957e-01,2.010000000000000120e-01,0.000000000000000000e+00
8.958339920948616975e-01,2.010000000000000120e-01,0.000000000000000000e+00
8.983399209486166992e-01,2.010000000000000120e-01,0.000000000000000000e+00
9.008458498023714789e-01,2.010000000000000120e-01,0.000000000000000000e+00
9.033517786561264806e-01,2.010000000000000120e-01,0.000000000000000000e+00
9.058577075098814824e-01,2.010000000000000120e-01,0.000000000000000000e+00
9.083636363636362621e-01,2.010000000000000120e-01,0.000000000000000000e+00
9.108695652173912638e-01,2.010000000000000120e-01,0.000000000000000000e+00
9.133754940711462655e-01,2.010000000000000120e-01,0.000000000000000000e+00
9.158814229249012673e-01,2.010000000000000120e-01,0.000000000000000000e+00
9.183873517786560470e-01,2.010000000000000120e-01,0.000000000000000000e+00
9.208932806324110487e-01,2.010000000000000120e-01,0.000000000000000000e+00
9.233992094861660505e-01,2.010000000000000120e-01,0.000000000000000000e+00
9.259051383399208301e-01,2.010000000000000120e-01,0.000000000000000000e+00
9.284110671936758319e-01,2.010000000000000120e-01,0.000000000000000000e+00
9.309169960474308336e-01,2.010000000000000120e-01,0.000000000000000000e+00
9.334229249011858354e-01,2.010000000000000120e-01,0.000000000000000000e+00
9.359288537549406151e-01,2.010000000000000120e-01,0.000000000000000000e+00
9.384347826086956168e-01,2.010000000000000120e-01,0.000000000000000000e+00
9.409407114624506185e-01,2.010000000000000120e-01,0.000000000000000000e+00
9.434466403162056203e-01,2.010000000000000120e-01,0.000000000000000000e+00
9.459525691699604000e-01,2.010000000000000120e-01,0.000000000000000000e+00
9.484584980237154017e-01,2.010000000000000120e-01,0.000000000000000000e+00
9.509644268774704035e-01,2.010000000000000120e-01,0.000000000000000000e+00
9.534703557312251831e-01,2.010000000000000120e-01,0.000000000000000000e+00
9.559762845849801849e-01,2.010000000000000120e-01,0.000000000000000000e+00
9.584822134387351866e-01,2.010000000000000120e-01,0.000000000000000000e+00
9.609881422924901884e-01,2.010000000000000120e-01,0.000000000000000000e+00
9.634940711462449681e-01,2.010000000000000120e-01,0.000000000000000000e+00
9.659999999999999698e-01,2.010000000000000120e-01,0.000000000000000000e+00
9.685059288537549715e-01,2.010000000000000120e-01,0.000000000000000000e+00
9.710118577075099733e-01,2.010000000000000120e-01,0.000000000000000000e+00
9.735177865612647530e-01,2.010000000000000120e-01,0.000000000000000000e+00
9.760237154150197547e-01,2.010000000000000120e-01,0.000000000000000000e+00
9.785296442687747565e-01,2.010000000000000120e-01,0.000000000000000000e+00
9.810355731225295361e-01,2.010000000000000120e-01,0.000000000000000000e+00
9.835415019762845379e-01,2.010000000000000120e-01,0.000000000000000000e+00
9.860474308300395396e-01,2.010000000000000120e-01,0.000000000000000000e+00
9.885533596837945414e-01,2.010000000000000120e-01,0.000000000000000000e+00
9.910592885375493211e-01,2.010000000000000120e-01,0.000000000000000000e+00
9.935652173913043228e-01,2.010000000000000120e-01,0.000000000000000000e+00
9.960711462450593245e-01,2.010000000000000120e-01,0.000000000000000000e+00
9.985770750988141042e-01,2.010000000000000120e-01,0.000000000000000000e+00
1.001083003952569106e+00,2.010000000000000120e-01,0.000000000000000000e+00
1.003588932806324108e+00,2.010000000000000120e-01,0.000000000000000000e+00
1.006094861660079109e+00,2.010000000000000120e-01,0.000000000000000000e+00
1.008600790513833889e+00,2.010000000000000120e-01,0.000000000000000000e+00
1.011106719367588891e+00,2.010000000000000120e-01,0.000000000000000000e+00
1.013612648221343893e+00,2.010000000000000120e-01,0.000000000000000000e+00
1.016118577075098894e+00,2.010000000000000120e-01,0.000000000000000000e+00
1.018624505928853674e+00,2.010000000000000120e-01,0.000000000000000000e+00
1.021130434782608676e+00,2.010000000000000120e-01,0.000000000000000000e+00
1.023636363636363678e+00,2.010000000000000120e-01,0.000000000000000000e+00
1.026142292490118457e+00,2.010000000000000120e-01,0.000000000000000000e+00
1.028648221343873459e+00,2.010000000000000120e-01,0.000000000000000000e+00
1.031154150197628461e+00,2.010000000000000120e-01,0.000000000000000000e+00
1.033660079051383462e+00,2.010000000000000120e-01,0.000000000000000000e+00
1.036166007905138242e+00,2.010000000000000120e-01,0.000000000000000000e+00
1.038671936758893244e+00,2.010000000000000120e-01,0.000000000000000000e+00
1.041177865612648246e+00,2.010000000000000120e-01,0.000000000000000000e+00
1.043683794466403247e+00,2.010000000000000120e-01,0.000000000000000000e+00
1.046189723320158027e+00,2.010000000000000120e-01,0.000000000000000000e+00
1.048695652173913029e+00,2.010000000000000120e-01,0.000000000000000000e+00
1.051201581027668031e+00,2.010000000000000120e-01,0.000000000000000000e+00
1.053707509881422810e+00,2.010000000000000120e-01,0.000000000000000000e+00
1.056213438735177812e+00,2.010000000000000120e-01,0.000000000000000000e+00
1.058719367588932814e+00,2.010000000000000120e-01,0.000000000000000000e+00
1.061225296442687815e+00,2.010000000000000120e-01,0.000000000000000000e+00
1.063731225296442595e+00,2.010000000000000120e-01,0.000000000000000000e+00
1.066237154150197597e+00,2.010000000000000120e-01,0.000000000000000000e+00
1.068743083003952599e+00,2.010000000000000120e-01,0.000000000000000000e+00
1.071249011857707600e+00,2.010000000000000120e-01,0.000000000000000000e+00
1.073754940711462380e+00,2.010000000000000120e-01,0.000000000000000000e+00
1.076260869565217382e+00,2.010000000000000120e-01,0.000000000000000000e+00
1.078766798418972384e+00,2.010000000000000120e-01,0.000000000000000000e+00
1.081272727272727163e+00,2.010000000000000120e-01,0.000000000000000000e+00
1.083778656126482165e+00,2.010000000000000120e-01,0.000000000000000000e+00
1.086284584980237167e+00,2.010000000000000120e-01,0.000000000000000000e+00
1.088790513833992168e+00,2.010000000000000120e-01,0.000000000000000000e+00
1.091296442687746948e+00,2.010000000000000120e-01,0.000000000000000000e+00
1.093802371541501950e+00,2.010000000000000120e-01,0.000000000000000000e+00
1.096308300395256952e+00,2.010000000000000120e-01,0.000000000000000000e+00
1.098814229249011731e+00,2.010000000000000120e-01,0.000000000000000000e+00
1.101320158102766733e+00,2.010000000000000120e-01,0.000000000000000000e+00
1.103826086956521735e+00,2.010000000000000120e-01,0.000000000000000000e+00
1.106332015810276737e+00,2.010000000000000120e-01,0.000000000000000000e+00
1.108837944664031516e+00,2.010000000000000120e-01,0.000000000000000000e+00
1.111343873517786518e+00,2.010000000000000120e-01,0.000000000000000000e+00
1.113849802371541520e+00,2.010000000000000120e-01,0.000000000000000000e+00
1.116355731225296521e+00,2.010000000000000120e-01,0.000000000000000000e+00
1.118861660079051301e+00,2.010000000000000120e-01,0.000000000000000000e+00
1.121367588932806303e+00,2.010000000000000120e-01,0.000000000000000000e+00
1.123873517786561305e+00,2.010000000000000120e-01,0.000000000000000000e+00
1.126379446640316084e+00,2.010000000000000120e-01,0.000000000000000000e+00
1.128885375494071086e+00,2.010000000000000120e-01,0.000000000000000000e+00
1.131391304347826088e+00,2.010000000000000120e-01,0.000000000000000000e+00
1.133897233201581090e+00,2.010000000000000120e-01,0.000000000000000000e+00
1.136403162055335869e+00,2.010000000000000120e-01,0.000000000000000000e+00
1.138909090909090871e+00,2.010000000000000120e-01,0.000000000000000000e+00
1.141415019762845873e+00,2.010000000000000120e-01,0.000000000000000000e+00
1.143920948616600874e+00,2.010000000000000120e-01,0.000000000000000000e+00
1.146426877470355654e+00,2.010000000000000120e-01,0.000000000000000000e+00
1.148932806324110656e+00,2.010000000000000120e-01,0.000000000000000000e+00
1.151438735177865658e+00,2.010000000000000120e-01,0.000000000000000000e+00
1.153944664031620437e+00,2.010000000000000120e-01,0.000000000000000000e+00
1.156450592885375439e+00,2.010000000000000120e-01,0.000000000000000000e+00
1.158956521739130441e+00,2.010000000000000120e-01,0.000000000000000000e+00
1.161462450592885443e+00,2.010000000000000120e-01,0.000000000000000000e+00
1.163968379446640222e+00,2.010000000000000120e-01,0.000000000000000000e+00
1.166474308300395224e+00,2.010000000000000120e-01,0.000000000000000000e+00
1.168980237154150226e+00,2.010000000000000120e-01,0.000000000000000000e+00
1.171486166007905005e+00,2.010000000000000120e-01,0.000000000000000000e+00
1.173992094861660007e+00,2.010000000000000120e-01,0.000000000000000000e+00
1.176498023715415009e+00,2.010000000000000120e-01,0.000000000000000000e+00
1.179003952569170011e+00,2.010000000000000120e-01,0.000000000000000000e+00
1.181509881422924790e+00,2.010000000000000120e-01,0.000000000000000000e+00
1.184015810276679792e+00,2.010000000000000120e-01,0.000000000000000000e+00
1.186521739130434794e+00,2.010000000000000120e-01,0.000000000000000000e+00
1.189027667984189796e+00,2.010000000000000120e-01,0.000000000000000000e+00
1.191533596837944575e+00,2.010000000000000120e-01,0.000000000000000000e+00
1.194039525691699577e+00,2.010000000000000120e-01,0.000000000000000000e+00
1.196545454545454579e+00,2.010000000000000120e-01,0.000000000000000000e+00
1.199051383399209358e+00,2.010000000000000120e-01,0.000000000000000000e+00
1.201557312252964360e+00,2.010000000000000120e-01,0.000000000000000000e+00
1.204063241106719362e+00,2.010000000000000120e-01,0.000000000000000000e+00
1.206569169960474364e+00,2.010000000000000120e-01,0.000000000000000000e+00
1.209075098814229143e+00,2.010000000000000120e-01,0.000000000000000000e+00
1.211581027667984145e+00,2.010000000000000120e-01,0.000000000000000000e+00
1.214086956521739147e+00,2.010000000000000120e-01,0.000000000000000000e+00
1.216592885375494149e+00,2.010000000000000120e-01,0.000000000000000000e+00
1.219098814229248928e+00,2.010000000000000120e-01,0.000000000000000000e+00
1.221604743083003930e+00,2.010000000000000120e-01,0.000000000000000000e+00
1.224110671936758932e+00,2.010000000000000120e-01,0.000000000000000000e+00
1.226616600790513711e+00,2.010000000000000120e-01,0.000000000000000000e+00
1.229122529644268713e+00,2.010000000000000120e-01,0.000000000000000000e+00
1.231628458498023715e+00,2.010000000000000120e-01,0.000000000000000000e+00
1.234134387351778717e+00,2.010000000000000120e-01,0.000000000000000000e+00
1.236640316205533496e+00,2.010000000000000120e-01,0.000000000000000000e+00
1.239146245059288498e+00,2.010000000000000120e-01,0.000000000000000000e+00
1.241652173913043500e+00,2.010000000000000120e-01,0.000000000000000000e+00
1.244158102766798502e+00,2.010000000000000120e-01,0.000000000000000000e+00
1.246664031620553281e+00,2.010000000000000120e-01,0.000000000000000000e+00
1.249169960474308283e+00,2.010000000000000120e-01,0.000000000000000000e+00
1.251675889328063285e+00,2.010000000000000120e-01,0.000000000000000000e+00
1.254181818181818064e+00,2.010000000000000120e-01,0.000000000000000000e+00
1.256687747035573066e+00,2.010000000000000120e-01,0.000000000000000000e+00
1.259193675889328068e+00,2.010000000000000120e-01,0.000000000000000000e+00
1.261699604743083070e+00,2.010000000000000120e-01,0.000000000000000000e+00
1.264205533596837849e+00,2.010000000000000120e-01,0.000000000000000000e+00
1.266711462450592851e+00,2.010000000000000120e-01,0.000000000000000000e+00
1.269217391304347853e+00,2.010000000000000120e-01,0.000000000000000000e+00
1.271723320158102633e+00,2.010000000000000120e-01,0.000000000000000000e+00
1.274229249011857634e+00,2.010000000000000120e-01,0.000000000000000000e+00
1.276735177865612636e+00,2.010000000000000120e-01,0.000000000000000000e+00
1.279241106719367638e+00,2.010000000000000120e-01,0.000000000000000000e+00
1.281747035573122417e+00,2.010000000000000120e-01,0.000000000000000000e+00
1.284252964426877419e+00,2.010000000000000120e-01,0.000000000000000000e+00
1.286758893280632421e+00,2.010000000000000120e-01,0.000000000000000000e+00
1.289264822134387423e+00,2.010000000000000120e-01,0.000000000000000000e+00
1.291770750988142202e+00,2.010000000000000120e-01,0.000000000000000000e+00
1.294276679841897204e+00,2.010000000000000120e-01,0.000000000000000000e+00
1.296782608695652206e+00,2.010000000000000120e-01,0.000000000000000000e+00
1.299288537549406986e+00,2.010000000000000120e-01,0.000000000000000000e+00
1.301794466403161987e+00,2.010000000000000120e-01,0.000000000000000000e+00
1.304300395256916989e+00,2.010000000000000120e-01,0.000000000000000000e+00
1.306806324110671991e+00,2.010000000000000120e-01,0.000000000000000000e+00
1.309312252964426770e+00,2.010000000000000120e-01,0.000000000000000000e+00
1.311818181818181772e+00,2.010000000000000120e-01,0.000000000000000000e+00
1.314324110671936774e+00,2.010000000000000120e-01,0.000000000000000000e+00
1.316830039525691776e+00,2.010000000000000120e-01,0.000000000000000000e+00
1.319335968379446555e+00,2.010000000000000120e-01,0.000000000000000000e+00
1.321841897233201557e+00,2.010000000000000120e-01,0.000000000000000000e+00
1.324347826086956559e+00,2.010000000000000120e-01,0.000000000000000000e+00
1.326853754940711339e+00,2.010000000000000120e-01,0.000000000000000000e+00
1.329359683794466340e+00,2.010000000000000120e-01,0.000000000000000000e+00
1.331865612648221342e+00,2.010000000000000120e-01,0.000000000000000000e+00
1.334371541501976344e+00,2.010000000000000120e-01,0.000000000000000000e+00
1.336877470355731345e+00,2.010000000000000120e-01,0.000000000000000000e+00
1.339383399209486125e+00,2.010000000000000120e-01,0.000000000000000000e+00
1.341889328063241127e+00,2.010000000000000120e-01,0.000000000000000000e+00
1.344395256916996129e+00,2.010000000000000120e-01,0.000000000000000000e+00
1.346901185770750908e+00,2.010000000000000120e-01,0.000000000000000000e+00
1.349407114624505910e+00,2.010000000000000120e-01,0.000000000000000000e+00
1.351913043478260912e+00,2.010000000000000120e-01,0.000000000000000000e+00
1.354418972332015914e+00,2.010000000000000120e-01,0.000000000000000000e+00
1.356924901185770693e+00,2.010000000000000120e-01,0.000000000000000000e+00
1.359430830039525695e+00,2.010000000000000120e-01,0.000000000000000000e+00
1.361936758893280697e+00,2.010000000000000120e-01,0.000000000000000000e+00
1.364442687747035698e+00,2.010000000000000120e-01,0.000000000000000000e+00
1.366948616600790478e+00,2.010000000000000120e-01,0.000000000000000000e+00
1.369454545454545480e+00,2.010000000000000120e-01,0.000000000000000000e+00
1.371960474308300482e+00,2.010000000000000120e-01,0.000000000000000000e+00
1.374466403162055261e+00,2.010000000000000120e-01,0.000000000000000000e+00
1.376972332015810263e+00,2.010000000000000120e-01,0.000000000000000000e+00
1.379478260869565265e+00,2.010000000000000120e-01,0.000000000000000000e+00
1.381984189723320267e+00,2.010000000000000120e-01,0.000000000000000000e+00
1.384490118577075046e+00,2.010000000000000120e-01,0.000000000000000000e+00
1.386996047430830048e+00,2.010000000000000120e-01,0.000000000000000000e+00
1.389501976284585050e+00,2.010000000000000120e-01,0.000000000000000000e+00
1.392007905138340051e+00,2.010000000000000120e-01,0.000000000000000000e+00
1.394513833992094831e+00,2.010000000000000120e-01,0.000000000000000000e+00
1.397019762845849833e+00,2.010000000000000120e-01,0.000000000000000000e+00
1.399525691699604835e+00,2.010000000000000120e-01,0.000000000000000000e+00
1.402031620553359614e+00,2.010000000000000120e-01,0.000000000000000000e+00
1.404537549407114616e+00,2.010000000000000120e-01,0.000000000000000000e+00
1.407043478260869618e+00,2.010000000000000120e-01,0.000000000000000000e+00
1.409549407114624620e+00,2.010000000000000120e-01,0.000000000000000000e+00
1.412055335968379399e+00,2.010000000000000120e-01,0.000000000000000000e+00
1.414561264822134401e+00,2.010000000000000120e-01,0.000000000000000000e+00
1.417067193675889403e+00,2.010000000000000120e-01,0.000000000000000000e+00
1.419573122529644182e+00,2.010000000000000120e-01,0.000000000000000000e+00
1.422079051383399184e+00,2.010000000000000120e-01,0.000000000000000000e+00
1.424584980237154186e+00,2.010000000000000120e-01,0.000000000000000000e+00
1.427090909090909188e+00,2.010000000000000120e-01,0.000000000000000000e+00
1.429596837944663967e+00,2.010000000000000120e-01,0.000000000000000000e+00
1.432102766798418969e+00,2.010000000000000120e-01,0.000000000000000000e+00
1.434608695652173971e+00,2.010000000000000120e-01,0.000000000000000000e+00
1.437114624505928973e+00,2.010000000000000120e-01,0.000000000000000000e+00
1.439620553359683752e+00,2.010000000000000120e-01,0.000000000000000000e+00
1.442126482213438754e+00,2.010000000000000120e-01,0.000000000000000000e+00
1.444632411067193756e+00,2.010000000000000120e-01,0.000000000000000000e+00
1.447138339920948535e+00,2.010000000000000120e-01,0.000000000000000000e+00
1.449644268774703537e+00,2.010000000000000120e-01,0.000000000000000000e+00
1.452150197628458539e+00,2.010000000000000120e-01,0.000000000000000000e+00
1.454656126482213541e+00,2.010000000000000120e-01,0.000000000000000000e+00
1.457162055335968320e+00,2.010000000000000120e-01,0.000000000000000000e+00
1.459667984189723322e+00,2.010000000000000120e-01,0.000000000000000000e+00
1.462173913043478324e+00,2.010000000000000120e-01,0.000000000000000000e+00
1.464679841897233326e+00,2.010000000000000120e-01,0.000000000000000000e+00
1.467185770750988105e+00,2.010000000000000120e-01,0.000000000000000000e+00
1.469691699604743107e+00,2.010000000000000120e-01,0.000000000000000000e+00
1.472197628458498109e+00,2.010000000000000120e-01,0.000000000000000000e+00
1.474703557312252888e+00,2.010000000000000120e-01,0.000000000000000000e+00
1.477209486166007890e+00,2.010000000000000120e-01,0.000000000000000000e+00
1.479715415019762892e+00,2.010000000000000120e-01,0.000000000000000000e+00
1.482221343873517894e+00,2.010000000000000120e-01,0.000000000000000000e+00
1.484727272727272673e+00,2.010000000000000120e-01,0.000000000000000000e+00
1.487233201581027675e+00,2.010000000000000120e-01,0.000000000000000000e+00
1.489739130434782677e+00,2.010000000000000120e-01,0.000000000000000000e+00
1.492245059288537457e+00,2.010000000000000120e-01,0.000000000000000000e+00
1.494750988142292458e+00,2.010000000000000120e-01,0.000000000000000000e+00
1.497256916996047460e+00,2.010000000000000120e-01,0.000000000000000000e+00
1.499762845849802462e+00,2.010000000000000120e-01,0.000000000000000000e+00
1.502268774703557241e+00,2.010000000000000120e-01,0.000000000000000000e+00
1.504774703557312243e+00,2.010000000000000120e-01,0.000000000000000000e+00
1.507280632411067245e+00,2.010000000000000120e-01,0.000000000000000000e+00
1.509786561264822247e+00,2.010000000000000120e-01,0.000000000000000000e+00
1.512292490118577026e+00,2.010000000000000120e-01,0.000000000000000000e+00
1.514798418972332028e+00,2.010000000000000120e-01,0.000000000000000000e+00
1.517304347826087030e+00,2.010000000000000120e-01,0.000000000000000000e+00
1.519810276679841810e+00,2.010000000000000120e-01,0.000000000000000000e+00
1.522316205533596811e+00,2.010000000000000120e-01,0.000000000000000000e+00
1.524822134387351813e+00,2.010000000000000120e-01,0.000000000000000000e+00
1.527328063241106815e+00,2.010000000000000120e-01,0.000000000000000000e+00
1.529833992094861594e+00,2.010000000000000120e-01,0.000000000000000000e+00
1.532339920948616596e+00,2.010000000000000120e-01,0.000000000000000000e+00
1.534845849802371598e+00,2.010000000000000120e-01,0.000000000000000000e+00
1.537351778656126600e+00,2.010000000000000120e-01,0.000000000000000000e+00
1.539857707509881379e+00,2.010000000000000120e-01,0.000000000000000000e+00
1.542363636363636381e+00,2.010000000000000120e-01,0.000000000000000000e+00
1.544869565217391383e+00,2.010000000000000120e-01,0.000000000000000000e+00
1.547375494071146163e+00,2.010000000000000120e-01,0.000000000000000000e+00
1.549881422924901164e+00,2.010000000000000120e-01,0.000000000000000000e+00
1.552387351778656166e+00,2.010000000000000120e-01,0.000000000000000000e+00
1.554893280632411168e+00,2.010000000000000120e-01,0.000000000000000000e+00
1.557399209486165947e+00,2.010000000000000120e-01,0.000000000000000000e+00
1.559905138339920949e+00,2.010000000000000120e-01,0.000000000000000000e+00
1.562411067193675951e+00,2.010000000000000120e-01,0.000000000000000000e+00
1.564916996047430953e+00,2.010000000000000120e-01,0.000000000000000000e+00
1.567422924901185732e+00,2.010000000000000120e-01,0.000000000000000000e+00
1.569928853754940734e+00,2.010000000000000120e-01,0.000000000000000000e+00
1.572434782608695736e+00,2.010000000000000120e-01,0.000000000000000000e+00
1.574940711462450516e+00,2.010000000000000120e-01,0.000000000000000000e+00
1.577446640316205517e+00,2.010000000000000120e-01,0.000000000000000000e+00
1.579952569169960519e+00,2.010000000000000120e-01,0.000000000000000000e+00
1.582458498023715521e+00,2.010000000000000120e-01,0.000000000000000000e+00
1.584964426877470300e+00,2.010000000000000120e-01,0.000000000000000000e+00
1.587470355731225302e+00,2.010000000000000120e-01,0.000000000000000000e+00
1.589976284584980304e+00,2.010000000000000120e-01,0.000000000000000000e+00
1.592482213438735084e+00,2.010000000000000120e-01,0.000000000000000000e+00
1.594988142292490085e+00,2.010000000000000120e-01,0.000000000000000000e+00
1.597494071146245087e+00,2.010000000000000120e-01,0.000000000000000000e+00
