-1.600000000000000089e+00,-1.189999999999999947e-01,0.000000000000000000e+00
-1.597496282527881117e+00,-1.189999999999999947e-01,0.000000000000000000e+00
-1.594992565055762146e+00,-1.189999999999999947e-01,0.000000000000000000e+00
-1.592488847583643174e+00,-1.189999999999999947e-01,0.000000000000000000e+00
-1.589985130111524203e+00,-1.189999999999999947e-01,0.000000000000000000e+00
-1.587481412639405232e+00,-1.189999999999999947e-01,0.000000000000000000e+00
-1.584977695167286260e+00,-1.189999999999999947e-01,0.000000000000000000e+00
-1.582473977695167289e+00,-1.189999999999999947e-01,0.000000000000000000e+00
-1.579970260223048317e+00,-1.189999999999999947e-01,0.000000000000000000e+00
-1.577466542750929568e+00,-1.189999999999999947e-01,0.000000000000000000e+00
-1.574962825278810596e+00,-1.189999999999999947e-01,0.000000000000000000e+00
-1.572459107806691625e+00,-1.189999999999999947e-01,0.000000000000000000e+00
-1.569955390334572654e+00,-1.189999999999999947e-01,0.000000000000000000e+00
-1.567451672862453682e+00,-1.189999999999999947e-01,0.000000000000000000e+00
-1.564947955390334711e+00,-1.189999999999999947e-01,0.000000000000000000e+00
-1.562444237918215739e+00,-1.189999999999999947e-01,0.000000000000000000e+00
-1.559940520446096768e+00,-1.189999999999999947e-01,0.000000000000000000e+00
-1.557436802973977796e+00,-1.189999999999999947e-01,0.000000000000000000e+00
-1.554933085501858825e+00,-1.189999999999999947e-01,0.000000000000000000e+00
-1.552429368029739853e+00,-1.189999999999999947e-01,0.000000000000000000e+00
-1.549925650557620882e+00,-1.189999999999999947e-01,0.000000000000000000e+00
-1.547421933085501911e+00,-1.189999999999999947e-01,0.000000000000000000e+00
-1.544918215613382939e+00,-1.189999999999999947e-01,0.000000000000000000e+00
-1.542414498141263968e+00,-1.189999999999999947e-01,0.000000000000000000e+00
-1.539910780669144996e+00,-1.189999999999999947e-01,0.000000000000000000e+00
-1.537407063197026025e+00,-1.189999999999999947e-01,0.000000000000000000e+00
-1.534903345724907275e+00,-1.189999999999999947e-01,0.000000000000000000e+00
-1.532399628252788304e+00,-1.189999999999999947e-01,0.000000000000000000e+00
-1.529895910780669332e+00,-1.189999999999999947e-01,0.000000000000000000e+00
-1.527392193308550361e+00,-1.189999999999999947e-01,0.000000000000000000e+00
-1.524888475836431390e+00,-1.189999999999999947e-01,0.000000000000000000e+00
-1.522384758364312418e+00,-1.189999999999999947e-01,0.000000000000000000e+00
-1.519881040892193447e+00,-1.189999999999999947e-01,0.000000000000000000e+00
-1.517377323420074475e+00,-1.189999999999999947e-01,0.000000000000000000e+00
-1.514873605947955504e+00,-1.189999999999999947e-01,0.000000000000000000e+00
-1.512369888475836532e+00,-1.189999999999999947e-01,0.000000000000000000e+00
-1.509866171003717561e+00,-1.189999999999999947e-01,0.000000000000000000e+00
-1.507362453531598590e+00,-1.189999999999999947e-01,0.000000000000000000e+00
-1.504858736059479618e+00,-1.189999999999999947e-01,0.000000000000000000e+00
-1.502355018587360647e+00,-1.189999999999999947e-01,0.000000000000000000e+00
-1.499851301115241675e+00,-1.189999999999999947e-01,0.000000000000000000e+00
-1.497347583643122704e+00,-1.189999999999999947e-01,0.000000000000000000e+00
-1.494843866171003732e+00,-1.189999999999999947e-01,0.000000000000000000e+00
-1.492340148698884761e+00,-1.189999999999999947e-01,0.000000000000000000e+00
-1.489836431226765789e+00,-1.189999999999999947e-01,0.000000000000000000e+00
-1.487332713754647040e+00,-1.189999999999999947e-01,0.000000000000000000e+00
-1.484828996282528069e+00,-1.189999999999999947e-01,0.000000000000000000e+00
-1.482325278810409097e+00,-1.189999999999999947e-01,0.000000000000000000e+00
-1.479821561338290126e+00,-1.189999999999999947e-01,0.000000000000000000e+00
-1.477317843866171154e+00,-1.189999999999999947e-01,0.000000000000000000e+00
-1.474814126394052183e+00,-1.189999999999999947e-01,0.000000000000000000e+00
-1.472310408921933211e+00,-1.189999999999999947e-01,0.000000000000000000e+00
-1.469806691449814240e+00,-1.189999999999999947e-01,0.000000000000000000e+00
-1.467302973977695268e+00,-1.189999999999999947e-01,0.000000000000000000e+00
-1.464799256505576297e+00,-1.189999999999999947e-01,0.000000000000000000e+00
-1.462295539033457326e+00,-1.189999999999999947e-01,0.000000000000000000e+00
-1.459791821561338354e+00,-1.189999999999999947e-01,0.000000000000000000e+00
-1.457288104089219383e+00,-1.189999999999999947e-01,0.000000000000000000e+00
-1.454784386617100411e+00,-1.189999999999999947e-01,0.000000000000000000e+00
-1.452280669144981440e+00,-1.189999999999999947e-01,0.000000000000000000e+00
-1.449776951672862468e+00,-1.189999999999999947e-01,0.000000000000000000e+00
-1.447273234200743719e+00,-1.189999999999999947e-01,0.000000000000000000e+00
-1.444769516728624748e+00,-1.189999999999999947e-01,0.000000000000000000e+00
-1.442265799256505776e+00,-1.189999999999999947e-01,0.000000000000000000e+00
-1.439762081784386805e+00,-1.189999999999999947e-01,0.000000000000000000e+00
-1.437258364312267833e+00,-1.189999999999999947e-01,0.000000000000000000e+00
-1.434754646840148862e+00,-1.189999999999999947e-01,0.000000000000000000e+00
-1.432250929368029890e+00,-1.189999999999999947e-01,0.000000000000000000e+00
-1.429747211895910919e+00,-1.189999999999999947e-01,0.000000000000000000e+00
-1.427243494423791947e+00,-1.189999999999999947e-01,0.000000000000000000e+00
-1.424739776951672976e+00,-1.189999999999999947e-01,0.000000000000000000e+00
-1.422236059479554005e+00,-1.189999999999999947e-01,0.000000000000000000e+00
-1.419732342007435033e+00,-1.189999999999999947e-01,0.000000000000000000e+00
-1.417228624535316062e+00,-1.189999999999999947e-01,0.000000000000000000e+00
-1.414724907063197090e+00,-1.189999999999999947e-01,0.000000000000000000e+00
-1.412221189591078119e+00,-1.189999999999999947e-01,0.000000000000000000e+00
-1.409717472118959147e+00,-1.189999999999999947e-01,0.000000000000000000e+00
-1.407213754646840176e+00,-1.189999999999999947e-01,0.000000000000000000e+00
-1.404710037174721204e+00,-1.189999999999999947e-01,0.000000000000000000e+00
-1.402206319702602233e+00,-1.189999999999999947e-01,0.000000000000000000e+00
-1.399702602230483262e+00,-1.189999999999999947e-01,0.000000000000000000e+00
-1.397198884758364512e+00,-1.189999999999999947e-01,0.000000000000000000e+00
-1.394695167286245541e+00,-1.189999999999999947e-01,0.000000000000000000e+00
-1.392191449814126569e+00,-1.189999999999999947e-01,0.000000000000000000e+00
-1.389687732342007598e+00,-1.189999999999999947e-01,0.000000000000000000e+00
-1.387184014869888626e+00,-1.189999999999999947e-01,0.000000000000000000e+00
-1.384680297397769655e+00,-1.189999999999999947e-01,0.000000000000000000e+00
-1.382176579925650683e+00,-1.189999999999999947e-01,0.000000000000000000e+00
-1.379672862453531712e+00,-1.189999999999999947e-01,0.000000000000000000e+00
-1.377169144981412741e+00,-1.189999999999999947e-01,0.000000000000000000e+00
-1.374665427509293769e+00,-1.189999999999999947e-01,0.000000000000000000e+00
-1.372161710037174798e+00,-1.189999999999999947e-01,0.000000000000000000e+00
-1.369657992565055826e+00,-1.189999999999999947e-01,0.000000000000000000e+00
-1.367154275092936855e+00,-1.189999999999999947e-01,0.000000000000000000e+00
-1.364650557620817883e+00,-1.189999999999999947e-01,0.000000000000000000e+00
-1.362146840148698912e+00,-1.189999999999999947e-01,0.000000000000000000e+00
-1.359643122676580163e+00,-1.189999999999999947e-01,0.000000000000000000e+00
-1.357139405204461191e+00,-1.189999999999999947e-01,0.000000000000000000e+00
-1.354635687732342220e+00,-1.189999999999999947e-01,0.000000000000000000e+00
-1.352131970260223248e+00,-1.189999999999999947e-01,0.000000000000000000e+00
-1.349628252788104277e+00,-1.189999999999999947e-01,0.000000000000000000e+00
-1.347124535315985305e+00,-1.189999999999999947e-01,0.000000000000000000e+00
-1.344620817843866334e+00,-1.189999999999999947e-01,0.000000000000000000e+00
-1.342117100371747362e+00,-1.189999999999999947e-01,0.000000000000000000e+00
-1.339613382899628391e+00,-1.189999999999999947e-01,0.000000000000000000e+00
-1.337109665427509420e+00,-1.189999999999999947e-01,0.000000000000000000e+00
-1.334605947955390448e+00,-1.189999999999999947e-01,0.000000000000000000e+00
-1.332102230483271477e+00,-1.189999999999999947e-01,0.000000000000000000e+00
-1.329598513011152505e+00,-1.189999999999999947e-01,0.000000000000000000e+00
-1.327094795539033534e+00,-1.189999999999999947e-01,0.000000000000000000e+00
-1.324591078066914562e+00,-1.189999999999999947e-01,0.000000000000000000e+00
-1.322087360594795591e+00,-1.189999999999999947e-01,0.000000000000000000e+00
-1.319583643122676619e+00,-1.189999999999999947e-01,0.000000000000000000e+00
-1.317079925650557648e+00,-1.189999999999999947e-01,0.000000000000000000e+00
-1.314576208178438677e+00,-1.189999999999999947e-01,0.000000000000000000e+00
-1.312072490706319705e+00,-1.189999999999999947e-01,0.000000000000000000e+00
-1.309568773234200734e+00,-1.189999999999999947e-01,0.000000000000000000e+00
-1.307065055762081984e+00,-1.189999999999999947e-01,0.000000000000000000e+00
-1.304561338289963013e+00,-1.189999999999999947e-01,0.000000000000000000e+00
-1.302057620817844041e+00,-1.189999999999999947e-01,0.000000000000000000e+00
-1.299553903345725070e+00,-1.189999999999999947e-01,0.000000000000000000e+00
-1.297050185873606098e+00,-1.189999999999999947e-01,0.000000000000000000e+00
-1.294546468401487127e+00,-1.189999999999999947e-01,0.000000000000000000e+00
-1.292042750929368156e+00,-1.189999999999999947e-01,0.000000000000000000e+00
-1.289539033457249184e+00,-1.189999999999999947e-01,0.000000000000000000e+00
-1.287035315985130213e+00,-1.189999999999999947e-01,0.000000000000000000e+00
-1.284531598513011241e+00,-1.189999999999999947e-01,0.000000000000000000e+00
-1.282027881040892270e+00,-1.189999999999999947e-01,0.000000000000000000e+00
-1.279524163568773298e+00,-1.189999999999999947e-01,0.000000000000000000e+00
-1.277020446096654327e+00,-1.189999999999999947e-01,0.000000000000000000e+00
-1.274516728624535356e+00,-1.189999999999999947e-01,0.000000000000000000e+00
-1.272013011152416606e+00,-1.189999999999999947e-01,0.000000000000000000e+00
-1.269509293680297635e+00,-1.189999999999999947e-01,0.000000000000000000e+00
-1.267005576208178663e+00,-1.189999999999999947e-01,0.000000000000000000e+00
-1.264501858736059692e+00,-1.189999999999999947e-01,0.000000000000000000e+00
-1.261998141263940720e+00,-1.189999999999999947e-01,0.000000000000000000e+00
-1.259494423791821749e+00,-1.189999999999999947e-01,0.000000000000000000e+00
-1.256990706319702777e+00,-1.189999999999999947e-01,0.000000000000000000e+00
-1.254486988847583806e+00,-1.189999999999999947e-01,0.000000000000000000e+00
-1.251983271375464835e+00,-1.189999999999999947e-01,0.000000000000000000e+00
-1.249479553903345863e+00,-1.189999999999999947e-01,0.000000000000000000e+00
-1.246975836431226892e+00,-1.189999999999999947e-01,0.000000000000000000e+00
-1.244472118959107920e+00,-1.189999999999999947e-01,0.000000000000000000e+00
-1.241968401486988949e+00,-1.189999999999999947e-01,0.000000000000000000e+00
-1.239464684014869977e+00,-1.189999999999999947e-01,0.000000000000000000e+00
-1.236960966542751006e+00,-1.189999999999999947e-01,0.000000000000000000e+00
-1.234457249070632034e+00,-1.189999999999999947e-01,0.000000000000000000e+00
-1.231953531598513063e+00,-1.189999999999999947e-01,0.000000000000000000e+00
-1.229449814126394092e+00,-1.189999999999999947e-01,0.000000000000000000e+00
-1.226946096654275120e+00,-1.189999999999999947e-01,0.000000000000000000e+00
-1.224442379182156149e+00,-1.189999999999999947e-01,0.000000000000000000e+00
-1.221938661710037177e+00,-1.189999999999999947e-01,0.000000000000000000e+00
-1.219434944237918206e+00,-1.189999999999999947e-01,0.000000000000000000e+00
-1.216931226765799456e+00,-1.189999999999999947e-01,0.000000000000000000e+00
-1.214427509293680485e+00,-1.189999999999999947e-01,0.000000000000000000e+00
-1.211923791821561514e+00,-1.189999999999999947e-01,0.000000000000000000e+00
-1.209420074349442542e+00,-1.189999999999999947e-01,0.000000000000000000e+00
-1.206916356877323571e+00,-1.189999999999999947e-01,0.000000000000000000e+00
-1.204412639405204599e+00,-1.189999999999999947e-01,0.000000000000000000e+00
-1.201908921933085628e+00,-1.189999999999999947e-01,0.000000000000000000e+00
-1.199405204460966656e+00,-1.189999999999999947e-01,0.000000000000000000e+00
-1.196901486988847685e+00,-1.189999999999999947e-01,0.000000000000000000e+00
-1.194397769516728713e+00,-1.189999999999999947e-01,0.000000000000000000e+00
-1.191894052044609742e+00,-1.189999999999999947e-01,0.000000000000000000e+00
-1.189390334572490771e+00,-1.189999999999999947e-01,0.000000000000000000e+00
-1.186886617100371799e+00,-1.189999999999999947e-01,0.000000000000000000e+00
-1.184382899628253050e+00,-1.189999999999999947e-01,0.000000000000000000e+00
-1.181879182156134078e+00,-1.189999999999999947e-01,0.000000000000000000e+00
-1.179375464684015107e+00,-1.189999999999999947e-01,0.000000000000000000e+00
-1.176871747211896135e+00,-1.189999999999999947e-01,0.000000000000000000e+00
-1.174368029739777164e+00,-1.189999999999999947e-01,0.000000000000000000e+00
-1.171864312267658192e+00,-1.189999999999999947e-01,0.000000000000000000e+00
-1.169360594795539221e+00,-1.189999999999999947e-01,0.000000000000000000e+00
-1.166856877323420250e+00,-1.189999999999999947e-01,0.000000000000000000e+00
-1.164353159851301278e+00,-1.189999999999999947e-01,0.000000000000000000e+00
-1.161849442379182307e+00,-1.189999999999999947e-01,0.000000000000000000e+00
-1.159345724907063335e+00,-1.189999999999999947e-01,0.000000000000000000e+00
-1.156842007434944364e+00,-1.189999999999999947e-01,0.000000000000000000e+00
-1.154338289962825392e+00,-1.189999999999999947e-01,0.000000000000000000e+00
-1.151834572490706421e+00,-1.189999999999999947e-01,0.000000000000000000e+00
-1.149330855018587449e+00,-1.189999999999999947e-01,0.000000000000000000e+00
-1.146827137546468478e+00,-1.189999999999999947e-01,0.000000000000000000e+00
-1.144323420074349507e+00,-1.189999999999999947e-01,0.000000000000000000e+00
-1.141819702602230535e+00,-1.189999999999999947e-01,0.000000000000000000e+00
-1.139315985130111564e+00,-1.189999999999999947e-01,0.000000000000000000e+00
-1.136812267657992592e+00,-1.189999999999999947e-01,0.000000000000000000e+00
-1.134308550185873621e+00,-1.189999999999999947e-01,0.000000000000000000e+00
-1.131804832713754649e+00,-1.189999999999999947e-01,0.000000000000000000e+00
-1.129301115241635900e+00,-1.189999999999999947e-01,0.000000000000000000e+00
-1.126797397769516929e+00,-1.189999999999999947e-01,0.000000000000000000e+00
-1.124293680297397957e+00,-1.189999999999999947e-01,0.000000000000000000e+00
-1.121789962825278986e+00,-1.189999999999999947e-01,0.000000000000000000e+00
-1.119286245353160014e+00,-1.189999999999999947e-01,0.000000000000000000e+00
-1.116782527881041043e+00,-1.189999999999999947e-01,0.000000000000000000e+00
-1.114278810408922071e+00,-1.189999999999999947e-01,0.000000000000000000e+00
-1.111775092936803100e+00,-1.189999999999999947e-01,0.000000000000000000e+00
-1.109271375464684128e+00,-1.189999999999999947e-01,0.000000000000000000e+00
-1.106767657992565157e+00,-1.189999999999999947e-01,0.000000000000000000e+00
-1.104263940520446186e+00,-1.189999999999999947e-01,0.000000000000000000e+00
-1.101760223048327214e+00,-1.189999999999999947e-01,0.000000000000000000e+00
-1.099256505576208465e+00,-1.189999999999999947e-01,0.000000000000000000e+00
-1.096752788104089493e+00,-1.189999999999999947e-01,0.000000000000000000e+00
-1.094249070631970522e+00,-1.189999999999999947e-01,0.000000000000000000e+00
-1.091745353159851550e+00,-1.189999999999999947e-01,0.000000000000000000e+00
-1.089241635687732579e+00,-1.189999999999999947e-01,0.000000000000000000e+00
-1.086737918215613607e+00,-1.189999999999999947e-01,0.000000000000000000e+00
-1.084234200743494636e+00,-1.189999999999999947e-01,0.000000000000000000e+00
-1.081730483271375665e+00,-1.189999999999999947e-01,0.000000000000000000e+00
-1.079226765799256693e+00,-1.189999999999999947e-01,0.000000000000000000e+00
-1.076723048327137722e+00,-1.189999999999999947e-01,0.000000000000000000e+00
-1.074219330855018750e+00,-1.189999999999999947e-01,0.000000000000000000e+00
-1.071715613382899779e+00,-1.189999999999999947e-01,0.000000000000000000e+00
-1.069211895910780807e+00,-1.189999999999999947e-01,0.000000000000000000e+00
-1.066708178438661836e+00,-1.189999999999999947e-01,0.000000000000000000e+00
-1.064204460966542864e+00,-1.189999999999999947e-01,0.000000000000000000e+00
-1.061700743494423893e+00,-1.189999999999999947e-01,0.000000000000000000e+00
-1.059197026022304922e+00,-1.189999999999999947e-01,0.000000000000000000e+00
-1.056693308550185950e+00,-1.189999999999999947e-01,0.000000000000000000e+00
-1.054189591078066979e+00,-1.189999999999999947e-01,0.000000000000000000e+00
-1.051685873605948007e+00,-1.189999999999999947e-01,0.000000000000000000e+00
-1.049182156133829036e+00,-1.189999999999999947e-01,0.000000000000000000e+00
-1.046678438661710064e+00,-1.189999999999999947e-01,0.000000000000000000e+00
-1.044174721189591093e+00,-1.189999999999999947e-01,0.000000000000000000e+00
-1.041671003717472122e+00,-1.189999999999999947e-01,0.000000000000000000e+00
-1.039167286245353150e+00,-1.189999999999999947e-01,0.000000000000000000e+00
-1.036663568773234179e+00,-1.189999999999999947e-01,0.000000000000000000e+00
-1.034159851301115429e+00,-1.189999999999999947e-01,0.000000000000000000e+00
-1.031656133828996458e+00,-1.189999999999999947e-01,0.000000000000000000e+00
-1.029152416356877486e+00,-1.189999999999999947e-01,0.000000000000000000e+00
-1.026648698884758515e+00,-1.189999999999999947e-01,0.000000000000000000e+00
-1.024144981412639543e+00,-1.189999999999999947e-01,0.000000000000000000e+00
-1.021641263940520572e+00,-1.189999999999999947e-01,0.000000000000000000e+00
-1.019137546468401601e+00,-1.189999999999999947e-01,0.000000000000000000e+00
-1.016633828996282629e+00,-1.189999999999999947e-01,0.000000000000000000e+00
-1.014130111524163880e+00,-1.189999999999999947e-01,0.000000000000000000e+00
-1.011626394052044908e+00,-1.189999999999999947e-01,0.000000000000000000e+00
-1.009122676579925937e+00,-1.189999999999999947e-01,0.000000000000000000e+00
-1.006618959107806965e+00,-1.189999999999999947e-01,0.000000000000000000e+00
-1.004115241635687994e+00,-1.189999999999999947e-01,0.000000000000000000e+00
-1.001611524163569023e+00,-1.189999999999999947e-01,0.000000000000000000e+00
-9.991078066914499400e-01,-1.189999999999999947e-01,0.000000000000000000e+00
-9.966040892193309686e-01,-1.189999999999999947e-01,0.000000000000000000e+00
-9.941003717472119972e-01,-1.189999999999999947e-01,0.000000000000000000e+00
-9.915966542750931367e-01,-1.189999999999999947e-01,0.000000000000000000e+00
-9.890929368029741653e-01,-1.189999999999999947e-01,0.000000000000000000e+00
-9.865892193308551938e-01,-1.189999999999999947e-01,0.000000000000000000e+00
-9.840855018587362224e-01,-1.189999999999999947e-01,0.000000000000000000e+00
-9.815817843866172510e-01,-1.189999999999999947e-01,0.000000000000000000e+00
-9.790780669144982795e-01,-1.189999999999999947e-01,0.000000000000000000e+00
-9.765743494423793081e-01,-1.189999999999999947e-01,0.000000000000000000e+00
-9.740706319702603366e-01,-1.189999999999999947e-01,0.000000000000000000e+00
-9.715669144981413652e-01,-1.189999999999999947e-01,0.000000000000000000e+00
-9.690631970260225048e-01,-1.189999999999999947e-01,0.000000000000000000e+00
-9.665594795539035333e-01,-1.189999999999999947e-01,0.000000000000000000e+00
-9.640557620817845619e-01,-1.189999999999999947e-01,0.000000000000000000e+00
-9.615520446096655904e-01,-1.189999999999999947e-01,0.000000000000000000e+00
-9.590483271375466190e-01,-1.189999999999999947e-01,0.000000000000000000e+00
-9.565446096654276475e-01,-1.189999999999999947e-01,0.000000000000000000e+00
-9.540408921933086761e-01,-1.189999999999999947e-01,0.000000000000000000e+00
-9.515371747211897047e-01,-1.189999999999999947e-01,0.000000000000000000e+00
-9.490334572490707332e-01,-1.189999999999999947e-01,0.000000000000000000e+00
-9.465297397769518728e-01,-1.189999999999999947e-01,0.000000000000000000e+00
-9.440260223048329014e-01,-1.189999999999999947e-01,0.000000000000000000e+00
-9.415223048327139299e-01,-1.189999999999999947e-01,0.000000000000000000e+00
-9.390185873605949585e-01,-1.189999999999999947e-01,0.000000000000000000e+00
-9.365148698884759870e-01,-1.189999999999999947e-01,0.000000000000000000e+00
-9.340111524163570156e-01,-1.189999999999999947e-01,0.000000000000000000e+00
-9.315074349442380441e-01,-1.189999999999999947e-01,0.000000000000000000e+00
-9.290037174721190727e-01,-1.189999999999999947e-01,0.000000000000000000e+00
-9.265000000000001013e-01,-1.189999999999999947e-01,0.000000000000000000e+00
-9.239962825278812408e-01,-1.189999999999999947e-01,0.000000000000000000e+00
-9.214925650557622694e-01,-1.189999999999999947e-01,0.000000000000000000e+00
-9.189888475836432979e-01,-1.189999999999999947e-01,0.000000000000000000e+00
-9.164851301115243265e-01,-1.189999999999999947e-01,0.000000000000000000e+00
-9.139814126394053551e-01,-1.189999999999999947e-01,0.000000000000000000e+00
-9.114776951672863836e-01,-1.189999999999999947e-01,0.000000000000000000e+00
-9.089739776951674122e-01,-1.189999999999999947e-01,0.000000000000000000e+00
-9.064702602230484407e-01,-1.189999999999999947e-01,0.000000000000000000e+00
-9.039665427509294693e-01,-1.189999999999999947e-01,0.000000000000000000e+00
-9.014628252788106089e-01,-1.189999999999999947e-01,0.000000000000000000e+00
-8.989591078066916374e-01,-1.189999999999999947e-01,0.000000000000000000e+00
-8.964553903345726660e-01,-1.189999999999999947e-01,0.000000000000000000e+00
-8.939516728624536945e-01,-1.189999999999999947e-01,0.000000000000000000e+00
-8.914479553903347231e-01,-1.189999999999999947e-01,0.000000000000000000e+00
-8.889442379182157516e-01,-1.189999999999999947e-01,0.000000000000000000e+00
-8.864405204460967802e-01,-1.189999999999999947e-01,0.000000000000000000e+00
-8.839368029739778088e-01,-1.189999999999999947e-01,0.000000000000000000e+00
-8.814330855018589483e-01,-1.189999999999999947e-01,0.000000000000000000e+00
-8.789293680297399769e-01,-1.189999999999999947e-01,0.000000000000000000e+00
-8.764256505576210055e-01,-1.189999999999999947e-01,0.000000000000000000e+00
-8.739219330855020340e-01,-1.189999999999999947e-01,0.000000000000000000e+00
-8.714182156133830626e-01,-1.189999999999999947e-01,0.000000000000000000e+00
-8.689144981412640911e-01,-1.189999999999999947e-01,0.000000000000000000e+00
-8.664107806691451197e-01,-1.189999999999999947e-01,0.000000000000000000e+00
-8.639070631970261482e-01,-1.189999999999999947e-01,0.000000000000000000e+00
-8.614033457249071768e-01,-1.189999999999999947e-01,0.000000000000000000e+00
-8.588996282527883164e-01,-1.189999999999999947e-01,0.000000000000000000e+00
-8.563959107806693449e-01,-1.189999999999999947e-01,0.000000000000000000e+00
-8.538921933085503735e-01,-1.189999999999999947e-01,0.000000000000000000e+00
-8.513884758364314020e-01,-1.189999999999999947e-01,0.000000000000000000e+00
-8.488847583643124306e-01,-1.189999999999999947e-01,0.000000000000000000e+00
-8.463810408921934592e-01,-1.189999999999999947e-01,0.000000000000000000e+00
-8.438773234200744877e-01,-1.189999999999999947e-01,0.000000000000000000e+00
-8.413736059479555163e-01,-1.189999999999999947e-01,0.000000000000000000e+00
-8.388698884758365448e-01,-1.189999999999999947e-01,0.000000000000000000e+00
-8.363661710037176844e-01,-1.189999999999999947e-01,0.000000000000000000e+00
-8.338624535315987130e-01,-1.189999999999999947e-01,0.000000000000000000e+00
-8.313587360594797415e-01,-1.189999999999999947e-01,0.000000000000000000e+00
-8.288550185873607701e-01,-1.189999999999999947e-01,0.000000000000000000e+00
-8.263513011152417986e-01,-1.189999999999999947e-01,0.000000000000000000e+00
-8.238475836431228272e-01,-1.189999999999999947e-01,0.000000000000000000e+00
-8.213438661710038557e-01,-1.189999999999999947e-01,0.000000000000000000e+00
-8.188401486988848843e-01,-1.189999999999999947e-01,0.000000000000000000e+00
-8.163364312267659129e-01,-1.189999999999999947e-01,0.000000000000000000e+00
-8.138327137546470524e-01,-1.189999999999999947e-01,0.000000000000000000e+00
-8.113289962825280810e-01,-1.189999999999999947e-01,0.000000000000000000e+00
-8.088252788104091096e-01,-1.189999999999999947e-01,0.000000000000000000e+00
-8.063215613382901381e-01,-1.189999999999999947e-01,0.000000000000000000e+00
-8.038178438661711667e-01,-1.189999999999999947e-01,0.000000000000000000e+00
-8.013141263940521952e-01,-1.189999999999999947e-01,0.000000000000000000e+00
-7.988104089219332238e-01,-1.189999999999999947e-01,0.000000000000000000e+00
-7.963066914498142523e-01,-1.189999999999999947e-01,0.000000000000000000e+00
-7.938029739776952809e-01,-1.189999999999999947e-01,0.000000000000000000e+00
-7.912992565055764205e-01,-1.189999999999999947e-01,0.000000000000000000e+00
-7.887955390334574490e-01,-1.189999999999999947e-01,0.000000000000000000e+00
-7.862918215613384776e-01,-1.189999999999999947e-01,0.000000000000000000e+00
-7.837881040892195061e-01,-1.189999999999999947e-01,0.000000000000000000e+00
-7.812843866171005347e-01,-1.189999999999999947e-01,0.000000000000000000e+00
-7.787806691449815633e-01,-1.189999999999999947e-01,0.000000000000000000e+00
-7.762769516728625918e-01,-1.189999999999999947e-01,0.000000000000000000e+00
-7.737732342007436204e-01,-1.189999999999999947e-01,0.000000000000000000e+00
-7.712695167286246489e-01,-1.189999999999999947e-01,0.000000000000000000e+00
-7.687657992565057885e-01,-1.189999999999999947e-01,0.000000000000000000e+00
-7.662620817843868171e-01,-1.189999999999999947e-01,0.000000000000000000e+00
-7.637583643122678456e-01,-1.189999999999999947e-01,0.000000000000000000e+00
-7.612546468401488742e-01,-1.189999999999999947e-01,0.000000000000000000e+00
-7.587509293680299027e-01,-1.189999999999999947e-01,0.000000000000000000e+00
-7.562472118959109313e-01,-1.189999999999999947e-01,0.000000000000000000e+00
-7.537434944237919598e-01,-1.189999999999999947e-01,0.000000000000000000e+00
-7.512397769516729884e-01,-1.189999999999999947e-01,0.000000000000000000e+00
-7.487360594795541280e-01,-1.189999999999999947e-01,0.000000000000000000e+00
-7.462323420074351565e-01,-1.189999999999999947e-01,0.000000000000000000e+00
-7.437286245353161851e-01,-1.189999999999999947e-01,0.000000000000000000e+00
-7.412249070631972137e-01,-1.189999999999999947e-01,0.000000000000000000e+00
-7.387211895910782422e-01,-1.189999999999999947e-01,0.000000000000000000e+00
-7.362174721189592708e-01,-1.189999999999999947e-01,0.000000000000000000e+00
-7.337137546468402993e-01,-1.189999999999999947e-01,0.000000000000000000e+00
-7.312100371747213279e-01,-1.189999999999999947e-01,0.000000000000000000e+00
-7.287063197026023564e-01,-1.189999999999999947e-01,0.000000000000000000e+00
-7.262026022304834960e-01,-1.189999999999999947e-01,0.000000000000000000e+00
-7.236988847583645246e-01,-1.189999999999999947e-01,0.000000000000000000e+00
-7.211951672862455531e-01,-1.189999999999999947e-01,0.000000000000000000e+00
-7.186914498141265817e-01,-1.189999999999999947e-01,0.000000000000000000e+00
-7.161877323420076102e-01,-1.189999999999999947e-01,0.000000000000000000e+00
-7.136840148698886388e-01,-1.189999999999999947e-01,0.000000000000000000e+00
-7.111802973977696674e-01,-1.189999999999999947e-01,0.000000000000000000e+00
-7.086765799256506959e-01,-1.189999999999999947e-01,0.000000000000000000e+00
-7.061728624535317245e-01,-1.189999999999999947e-01,0.000000000000000000e+00
-7.036691449814128640e-01,-1.189999999999999947e-01,0.000000000000000000e+00
-7.011654275092938926e-01,-1.189999999999999947e-01,0.000000000000000000e+00
-6.986617100371749212e-01,-1.189999999999999947e-01,0.000000000000000000e+00
-6.961579925650559497e-01,-1.189999999999999947e-01,0.000000000000000000e+00
-6.936542750929369783e-01,-1.189999999999999947e-01,0.000000000000000000e+00
-6.911505576208180068e-01,-1.189999999999999947e-01,0.000000000000000000e+00
-6.886468401486990354e-01,-1.189999999999999947e-01,0.000000000000000000e+00
-6.861431226765800639e-01,-1.189999999999999947e-01,0.000000000000000000e+00
-6.836394052044610925e-01,-1.189999999999999947e-01,0.000000000000000000e+00
-6.811356877323422321e-01,-1.189999999999999947e-01,0.000000000000000000e+00
-6.786319702602232606e-01,-1.189999999999999947e-01,0.000000000000000000e+00
-6.761282527881042892e-01,-1.189999999999999947e-01,0.000000000000000000e+00
-6.736245353159853178e-01,-1.189999999999999947e-01,0.000000000000000000e+00
-6.711208178438663463e-01,-1.189999999999999947e-01,0.000000000000000000e+00
-6.686171003717473749e-01,-1.189999999999999947e-01,0.000000000000000000e+00
-6.661133828996284034e-01,-1.189999999999999947e-01,0.000000000000000000e+00
-6.636096654275094320e-01,-1.189999999999999947e-01,0.000000000000000000e+00
-6.611059479553904605e-01,-1.189999999999999947e-01,0.000000000000000000e+00
-6.586022304832716001e-01,-1.189999999999999947e-01,0.000000000000000000e+00
-6.560985130111526287e-01,-1.189999999999999947e-01,0.000000000000000000e+00
-6.535947955390336572e-01,-1.189999999999999947e-01,0.000000000000000000e+00
-6.510910780669146858e-01,-1.189999999999999947e-01,0.000000000000000000e+00
-6.485873605947957143e-01,-1.189999999999999947e-01,0.000000000000000000e+00
-6.460836431226767429e-01,-1.189999999999999947e-01,0.000000000000000000e+00
-6.435799256505577715e-01,-1.189999999999999947e-01,0.000000000000000000e+00
-6.410762081784388000e-01,-1.189999999999999947e-01,0.000000000000000000e+00
-6.385724907063199396e-01,-1.189999999999999947e-01,0.000000000000000000e+00
-6.360687732342009681e-01,-1.189999999999999947e-01,0.000000000000000000e+00
-6.335650557620819967e-01,-1.189999999999999947e-01,0.000000000000000000e+00
-6.310613382899630253e-01,-1.189999999999999947e-01,0.000000000000000000e+00
-6.285576208178440538e-01,-1.189999999999999947e-01,0.000000000000000000e+00
-6.260539033457250824e-01,-1.189999999999999947e-01,0.000000000000000000e+00
-6.235501858736061109e-01,-1.189999999999999947e-01,0.000000000000000000e+00
-6.210464684014871395e-01,-1.189999999999999947e-01,0.000000000000000000e+00
-6.185427509293681680e-01,-1.189999999999999947e-01,0.000000000000000000e+00
-6.160390334572493076e-01,-1.189999999999999947e-01,0.000000000000000000e+00
-6.135353159851303362e-01,-1.189999999999999947e-01,0.000000000000000000e+00
-6.110315985130113647e-01,-1.189999999999999947e-01,0.000000000000000000e+00
-6.085278810408923933e-01,-1.189999999999999947e-01,0.000000000000000000e+00
-6.060241635687734219e-01,-1.189999999999999947e-01,0.000000000000000000e+00
-6.035204460966544504e-01,-1.189999999999999947e-01,0.000000000000000000e+00
-6.010167286245354790e-01,-1.189999999999999947e-01,0.000000000000000000e+00
-5.985130111524166185e-01,-1.189999999999999947e-01,0.000000000000000000e+00
-5.960092936802976471e-01,-1.189999999999999947e-01,0.000000000000000000e+00
-5.935055762081786757e-01,-1.189999999999999947e-01,0.000000000000000000e+00
-5.910018587360597042e-01,-1.189999999999999947e-01,0.000000000000000000e+00
-5.884981412639407328e-01,-1.189999999999999947e-01,0.000000000000000000e+00
-5.859944237918217613e-01,-1.189999999999999947e-01,0.000000000000000000e+00
-5.834907063197027899e-01,-1.189999999999999947e-01,0.000000000000000000e+00
-5.809869888475838184e-01,-1.189999999999999947e-01,0.000000000000000000e+00
-5.784832713754648470e-01,-1.189999999999999947e-01,0.000000000000000000e+00
-5.759795539033458756e-01,-1.189999999999999947e-01,0.000000000000000000e+00
-5.734758364312269041e-01,-1.189999999999999947e-01,0.000000000000000000e+00
-5.709721189591079327e-01,-1.189999999999999947e-01,0.000000000000000000e+00
-5.684684014869889612e-01,-1.189999999999999947e-01,0.000000000000000000e+00
-5.659646840148699898e-01,-1.189999999999999947e-01,0.000000000000000000e+00
-5.634609665427510183e-01,-1.189999999999999947e-01,0.000000000000000000e+00
-5.609572490706322689e-01,-1.189999999999999947e-01,0.000000000000000000e+00
-5.584535315985132975e-01,-1.189999999999999947e-01,0.000000000000000000e+00
-5.559498141263943261e-01,-1.189999999999999947e-01,0.000000000000000000e+00
-5.534460966542753546e-01,-1.189999999999999947e-01,0.000000000000000000e+00
-5.509423791821563832e-01,-1.189999999999999947e-01,0.000000000000000000e+00
-5.484386617100374117e-01,-1.189999999999999947e-01,0.000000000000000000e+00
-5.459349442379184403e-01,-1.189999999999999947e-01,0.000000000000000000e+00
-5.434312267657994688e-01,-1.189999999999999947e-01,0.000000000000000000e+00
-5.409275092936804974e-01,-1.189999999999999947e-01,0.000000000000000000e+00
-5.384237918215615259e-01,-1.189999999999999947e-01,0.000000000000000000e+00
-5.359200743494425545e-01,-1.189999999999999947e-01,0.000000000000000000e+00
-5.334163568773235831e-01,-1.189999999999999947e-01,0.000000000000000000e+00
-5.309126394052046116e-01,-1.189999999999999947e-01,0.000000000000000000e+00
-5.284089219330856402e-01,-1.189999999999999947e-01,0.000000000000000000e+00
-5.259052044609666687e-01,-1.189999999999999947e-01,0.000000000000000000e+00
-5.234014869888476973e-01,-1.189999999999999947e-01,0.000000000000000000e+00
-5.208977695167287258e-01,-1.189999999999999947e-01,0.000000000000000000e+00
-5.183940520446097544e-01,-1.189999999999999947e-01,0.000000000000000000e+00
-5.158903345724910050e-01,-1.189999999999999947e-01,0.000000000000000000e+00
-5.133866171003720336e-01,-1.189999999999999947e-01,0.000000000000000000e+00
-5.108828996282530621e-01,-1.189999999999999947e-01,0.000000000000000000e+00
-5.083791821561340907e-01,-1.189999999999999947e-01,0.000000000000000000e+00
-5.058754646840151192e-01,-1.189999999999999947e-01,0.000000000000000000e+00
-5.033717472118961478e-01,-1.189999999999999947e-01,0.000000000000000000e+00
-5.008680297397771763e-01,-1.189999999999999947e-01,0.000000000000000000e+00
-4.983643122676582049e-01,-1.189999999999999947e-01,0.000000000000000000e+00
-4.958605947955392335e-01,-1.189999999999999947e-01,0.000000000000000000e+00
-4.933568773234202620e-01,-1.189999999999999947e-01,0.000000000000000000e+00
-4.908531598513012906e-01,-1.189999999999999947e-01,0.000000000000000000e+00
-4.883494423791823191e-01,-1.189999999999999947e-01,0.000000000000000000e+00
-4.858457249070633477e-01,-1.189999999999999947e-01,0.000000000000000000e+00
-4.833420074349443762e-01,-1.189999999999999947e-01,0.000000000000000000e+00
-4.808382899628254048e-01,-1.189999999999999947e-01,0.000000000000000000e+00
-4.783345724907064334e-01,-1.189999999999999947e-01,0.000000000000000000e+00
-4.758308550185874619e-01,-1.189999999999999947e-01,0.000000000000000000e+00
-4.733271375464684905e-01,-1.189999999999999947e-01,0.000000000000000000e+00
-4.708234200743497411e-01,-1.189999999999999947e-01,0.000000000000000000e+00
-4.683197026022307696e-01,-1.189999999999999947e-01,0.000000000000000000e+00
-4.658159851301117982e-01,-1.189999999999999947e-01,0.000000000000000000e+00
-4.633122676579928267e-01,-1.189999999999999947e-01,0.000000000000000000e+00
-4.608085501858738553e-01,-1.189999999999999947e-01,0.000000000000000000e+00
-4.583048327137548839e-01,-1.189999999999999947e-01,0.000000000000000000e+00
-4.558011152416359124e-01,-1.189999999999999947e-01,0.000000000000000000e+00
-4.532973977695169410e-01,-1.189999999999999947e-01,0.000000000000000000e+00
-4.507936802973979695e-01,-1.189999999999999947e-01,0.000000000000000000e+00
-4.482899628252789981e-01,-1.189999999999999947e-01,0.000000000000000000e+00
-4.457862453531600266e-01,-1.189999999999999947e-01,0.000000000000000000e+00
-4.432825278810410552e-01,-1.189999999999999947e-01,0.000000000000000000e+00
-4.407788104089220838e-01,-1.189999999999999947e-01,0.000000000000000000e+00
-4.382750929368031123e-01,-1.189999999999999947e-01,0.000000000000000000e+00
-4.357713754646841409e-01,-1.189999999999999947e-01,0.000000000000000000e+00
-4.332676579925651694e-01,-1.189999999999999947e-01,0.000000000000000000e+00
-4.307639405204461980e-01,-1.189999999999999947e-01,0.000000000000000000e+00
-4.282602230483274486e-01,-1.189999999999999947e-01,0.000000000000000000e+00
-4.257565055762084771e-01,-1.189999999999999947e-01,0.000000000000000000e+00
-4.232527881040895057e-01,-1.189999999999999947e-01,0.000000000000000000e+00
-4.207490706319705343e-01,-1.189999999999999947e-01,0.000000000000000000e+00
-4.182453531598515628e-01,-1.189999999999999947e-01,0.000000000000000000e+00
-4.157416356877325914e-01,-1.189999999999999947e-01,0.000000000000000000e+00
-4.132379182156136199e-01,-1.189999999999999947e-01,0.000000000000000000e+00
-4.107342007434946485e-01,-1.189999999999999947e-01,0.000000000000000000e+00
-4.082304832713756770e-01,-1.189999999999999947e-01,0.000000000000000000e+00
-4.057267657992567056e-01,-1.189999999999999947e-01,0.000000000000000000e+00
-4.032230483271377341e-01,-1.189999999999999947e-01,0.000000000000000000e+00
-4.007193308550187627e-01,-1.189999999999999947e-01,0.000000000000000000e+00
-3.982156133828997913e-01,-1.189999999999999947e-01,0.000000000000000000e+00
-3.957118959107808198e-01,-1.189999999999999947e-01,0.000000000000000000e+00
-3.932081784386618484e-01,-1.189999999999999947e-01,0.000000000000000000e+00
-3.907044609665428769e-01,-1.189999999999999947e-01,0.000000000000000000e+00
-3.882007434944239055e-01,-1.189999999999999947e-01,0.000000000000000000e+00
-3.856970260223049340e-01,-1.189999999999999947e-01,0.000000000000000000e+00
-3.831933085501861846e-01,-1.189999999999999947e-01,0.000000000000000000e+00
-3.806895910780672132e-01,-1.189999999999999947e-01,0.000000000000000000e+00
-3.781858736059482418e-01,-1.189999999999999947e-01,0.000000000000000000e+00
-3.756821561338292703e-01,-1.189999999999999947e-01,0.000000000000000000e+00
-3.731784386617102989e-01,-1.189999999999999947e-01,0.000000000000000000e+00
-3.706747211895913274e-01,-1.189999999999999947e-01,0.000000000000000000e+00
-3.681710037174723560e-01,-1.189999999999999947e-01,0.000000000000000000e+00
-3.656672862453533845e-01,-1.189999999999999947e-01,0.000000000000000000e+00
-3.631635687732344131e-01,-1.189999999999999947e-01,0.000000000000000000e+00
-3.606598513011154417e-01,-1.189999999999999947e-01,0.000000000000000000e+00
-3.581561338289964702e-01,-1.189999999999999947e-01,0.000000000000000000e+00
-3.556524163568774988e-01,-1.189999999999999947e-01,0.000000000000000000e+00
-3.531486988847585273e-01,-1.189999999999999947e-01,0.000000000000000000e+00
-3.506449814126395559e-01,-1.189999999999999947e-01,0.000000000000000000e+00
-3.481412639405205844e-01,-1.189999999999999947e-01,0.000000000000000000e+00
-3.456375464684016130e-01,-1.189999999999999947e-01,0.000000000000000000e+00
-3.431338289962826416e-01,-1.189999999999999947e-01,0.000000000000000000e+00
-3.406301115241636701e-01,-1.189999999999999947e-01,0.000000000000000000e+00
-3.381263940520449207e-01,-1.189999999999999947e-01,0.000000000000000000e+00
-3.356226765799259493e-01,-1.189999999999999947e-01,0.000000000000000000e+00
-3.331189591078069778e-01,-1.189999999999999947e-01,0.000000000000000000e+00
-3.306152416356880064e-01,-1.189999999999999947e-01,0.000000000000000000e+00
-3.281115241635690349e-01,-1.189999999999999947e-01,0.000000000000000000e+00
-3.256078066914500635e-01,-1.189999999999999947e-01,0.000000000000000000e+00
-3.231040892193310921e-01,-1.189999999999999947e-01,0.000000000000000000e+00
-3.206003717472121206e-01,-1.189999999999999947e-01,0.000000000000000000e+00
-3.180966542750931492e-01,-1.189999999999999947e-01,0.000000000000000000e+00
-3.155929368029741777e-01,-1.189999999999999947e-01,0.000000000000000000e+00
-3.130892193308552063e-01,-1.189999999999999947e-01,0.000000000000000000e+00
-3.105855018587362348e-01,-1.189999999999999947e-01,0.000000000000000000e+00
-3.080817843866172634e-01,-1.189999999999999947e-01,0.000000000000000000e+00
-3.055780669144982920e-01,-1.189999999999999947e-01,0.000000000000000000e+00
-3.030743494423793205e-01,-1.189999999999999947e-01,0.000000000000000000e+00
-3.005706319702603491e-01,-1.189999999999999947e-01,0.000000000000000000e+00
-2.980669144981413776e-01,-1.189999999999999947e-01,0.000000000000000000e+00
-2.955631970260226282e-01,-1.189999999999999947e-01,0.000000000000000000e+00
-2.930594795539036568e-01,-1.189999999999999947e-01,0.000000000000000000e+00
-2.905557620817846853e-01,-1.189999999999999947e-01,0.000000000000000000e+00
-2.880520446096657139e-01,-1.189999999999999947e-01,0.000000000000000000e+00
-2.855483271375467424e-01,-1.189999999999999947e-01,0.000000000000000000e+00
-2.830446096654277710e-01,-1.189999999999999947e-01,0.000000000000000000e+00
-2.805408921933087996e-01,-1.189999999999999947e-01,0.000000000000000000e+00
-2.780371747211898281e-01,-1.189999999999999947e-01,0.000000000000000000e+00
-2.755334572490708567e-01,-1.189999999999999947e-01,0.000000000000000000e+00
-2.730297397769518852e-01,-1.189999999999999947e-01,0.000000000000000000e+00
-2.705260223048329138e-01,-1.189999999999999947e-01,0.000000000000000000e+00
-2.680223048327139423e-01,-1.189999999999999947e-01,0.000000000000000000e+00
-2.655185873605949709e-01,-1.189999999999999947e-01,0.000000000000000000e+00
-2.630148698884759995e-01,-1.189999999999999947e-01,0.000000000000000000e+00
-2.605111524163570280e-01,-1.189999999999999947e-01,0.000000000000000000e+00
-2.580074349442380566e-01,-1.189999999999999947e-01,0.000000000000000000e+00
-2.555037174721190851e-01,-1.189999999999999947e-01,0.000000000000000000e+00
-2.530000000000000027e-01,-1.189999999999999947e-01,0.000000000000000000e+00
-2.530000000000000027e-01,-1.189999999999999947e-01,1.086655728815371091e+00
-2.503636363636363438e-01,-1.189999999999999947e-01,1.113916817207424081e+00
-2.477272727272727404e-01,-1.189999999999999947e-01,1.124915233329632613e+00
-2.450909090909090815e-01,-1.189999999999999947e-01,1.119650977181992912e+00
-2.424545454545454504e-01,-1.189999999999999947e-01,1.098124048764507643e+00
-2.398181818181818192e-01,-1.189999999999999947e-01,1.060334448077176139e+00
-2.371818181818181881e-01,-1.189999999999999947e-01,1.006282175119998845e+00
-2.345454545454545570e-01,-1.189999999999999947e-01,9.359672298929710976e-01
-2.319090909090908981e-01,-1.189999999999999947e-01,8.493896123961000022e-01
-2.292727272727272669e-01,-1.189999999999999947e-01,7.465493226293850038e-01
-2.266363636363636358e-01,-1.189999999999999947e-01,6.186346857597673221e-01
-2.240000000000000047e-01,-1.189999999999999947e-01,0.000000000000000000e+00
-2.240000000000000047e-01,-1.189999999999999947e-01,-7.743593035106996307e-03
-2.210000000000000020e-01,-1.189999999999999947e-01,0.000000000000000000e+00
-2.179999999999999993e-01,-1.189999999999999947e-01,4.035496047448864920e-01
-2.149999999999999967e-01,-1.189999999999999947e-01,0.000000000000000000e+00
-2.149999999999999967e-01,-1.189999999999999947e-01,7.925692284850636149e-01
-2.124659090909090942e-01,-1.189999999999999947e-01,2.433542551264704645e-01
-2.099318181818181916e-01,-1.189999999999999947e-01,1.847119741351385680e-01
-2.073977272727272614e-01,-1.189999999999999947e-01,1.388975619565905595e-01
-2.048636363636363589e-01,-1.189999999999999947e-01,1.059110185908176405e-01
-2.023295454545454564e-01,-1.189999999999999947e-01,8.575234403783280057e-02
-1.997954545454545539e-01,-1.189999999999999947e-01,7.842153829762422979e-02
-1.972613636363636236e-01,-1.189999999999999947e-01,8.391860137019448163e-02
-1.947272727272727211e-01,-1.189999999999999947e-01,1.022435332555437365e-01
-1.921931818181818186e-01,-1.189999999999999947e-01,1.333963339536755888e-01
-1.896590909090909161e-01,-1.189999999999999947e-01,1.773770034645853755e-01
-1.871249999999999858e-01,-1.189999999999999947e-01,2.341855417882788837e-01
-1.845909090909090833e-01,-1.189999999999999947e-01,3.005049400779580826e-01
-1.820568181818181808e-01,-1.189999999999999947e-01,3.490293141354173234e-01
-1.795227272727272783e-01,-1.189999999999999947e-01,3.663356651230399441e-01
-1.769886363636363757e-01,-1.189999999999999947e-01,3.523307173810742432e-01
-1.744545454545454455e-01,-1.189999999999999947e-01,3.070144709095234958e-01
-1.719204545454545430e-01,-1.189999999999999947e-01,2.303869257083817068e-01
-1.693863636363636405e-01,-1.189999999999999947e-01,1.224480817776513603e-01
-1.668522727272727102e-01,-1.189999999999999947e-01,-1.680206088266628442e-02
-1.643181818181818077e-01,-1.189999999999999947e-01,-1.873635022725752275e-01
-1.617840909090909052e-01,-1.189999999999999947e-01,-3.892362423920549541e-01
-1.592500000000000027e-01,-1.189999999999999947e-01,-5.975835794856204641e-01
-1.567159090909091002e-01,-1.189999999999999947e-01,-6.786195527672401751e-01
-1.541818181818181976e-01,-1.189999999999999947e-01,-5.874960289764337151e-01
-1.516477272727272674e-01,-1.189999999999999947e-01,-3.241804414102731902e-01
-1.491136363636363649e-01,-1.189999999999999947e-01,1.113272099312265506e-01
-1.465795454545454346e-01,-1.189999999999999947e-01,6.967275398472742021e-01
-1.440454545454545321e-01,-1.189999999999999947e-01,1.251134102333659959e+00
-1.415113636363636296e-01,-1.189999999999999947e-01,1.686723504929557471e+00
-1.389772727272727271e-01,-1.189999999999999947e-01,1.952426902996403424e+00
-1.364431818181818246e-01,-1.189999999999999947e-01,1.851654884193574047e+00
-1.339090909090909221e-01,-1.189999999999999947e-01,1.366676915087952304e+00
-1.313750000000000195e-01,-1.189999999999999947e-01,8.819099040927967925e-01
-1.288409090909090893e-01,-1.189999999999999947e-01,6.617997957249741603e-01
-1.263068181818181868e-01,-1.189999999999999947e-01,6.222514007982404838e-01
-1.237727272727272704e-01,-1.189999999999999947e-01,6.005205357397856991e-01
-1.212386363636363679e-01,-1.189999999999999947e-01,5.793355432121760629e-01
-1.187045454545454515e-01,-1.189999999999999947e-01,5.586964232154191246e-01
-1.161704545454545490e-01,-1.189999999999999947e-01,5.386031757494967875e-01
-1.136363636363636326e-01,-1.189999999999999947e-01,5.190558008144376956e-01
-1.111022727272727301e-01,-1.189999999999999947e-01,5.000542984102357424e-01
-1.085681818181818137e-01,-1.189999999999999947e-01,4.815986685368744413e-01
-1.060340909090909112e-01,-1.189999999999999947e-01,4.636889111943542918e-01
-1.034999999999999948e-01,-1.189999999999999947e-01,4.463250263827018838e-01
-1.009659090909090923e-01,-1.189999999999999947e-01,4.295070141019018961e-01
-9.843181818181817588e-02,-1.189999999999999947e-01,4.132348743519364542e-01
-9.589772727272727337e-02,-1.189999999999999947e-01,3.975086071328204906e-01
-9.336363636363637086e-02,-1.189999999999999947e-01,3.823282124445596120e-01
-9.082954545454545447e-02,-1.189999999999999947e-01,3.676936902871691948e-01
-8.829545454545453809e-02,-1.189999999999999947e-01,3.536050406605941165e-01
-8.576136363636363558e-02,-1.189999999999999947e-01,3.400622635648907210e-01
-8.322727272727273307e-02,-1.189999999999999947e-01,3.270653590000446309e-01
-8.069318181818183056e-02,-1.189999999999999947e-01,3.146143269660249264e-01
-7.815909090909090029e-02,-1.189999999999999947e-01,3.027091674628693552e-01
-7.562499999999999778e-02,-1.189999999999999947e-01,2.913498804905621520e-01
-7.309090909090909527e-02,-1.189999999999999947e-01,2.805364660491067585e-01
-7.055681818181819276e-02,-1.189999999999999947e-01,2.702689241384946817e-01
-6.802272727272726249e-02,-1.189999999999999947e-01,2.605472547587567300e-01
-6.548863636363635998e-02,-1.189999999999999947e-01,2.513714579098292878e-01
-6.295454545454545747e-02,-1.189999999999999947e-01,2.427415335917809946e-01
-6.042045454545455496e-02,-1.189999999999999947e-01,2.346574818045819022e-01
-5.788636363636362470e-02,-1.189999999999999947e-01,2.271193025482178551e-01
-5.535227272727272219e-02,-1.189999999999999947e-01,2.201269958227139723e-01
-5.281818181818181968e-02,-1.189999999999999947e-01,2.136805616280563758e-01
-5.028409090909091717e-02,-1.189999999999999947e-01,2.077799999642560569e-01
-4.775000000000001465e-02,-1.189999999999999947e-01,2.024253108313107674e-01
-4.521590909090908439e-02,-1.189999999999999947e-01,1.976164942291943061e-01
-4.268181818181818188e-02,-1.189999999999999947e-01,1.933535501579438654e-01
-4.014772727272727937e-02,-1.189999999999999947e-01,1.896364786175506745e-01
-3.761363636363637686e-02,-1.189999999999999947e-01,1.864652796079798447e-01
-3.507954545454544659e-02,-1.189999999999999947e-01,1.838399531292813083e-01
-3.254545454545454408e-02,-1.189999999999999947e-01,1.817604991814379678e-01
-3.001136363636364157e-02,-1.189999999999999947e-01,1.802269177644300058e-01
-2.747727272727273906e-02,-1.189999999999999947e-01,1.792392088782773507e-01
-2.494318181818180880e-02,-1.189999999999999947e-01,1.787973725229694277e-01
-2.240909090909090629e-02,-1.189999999999999947e-01,1.789014086985223073e-01
-1.987500000000000377e-02,-1.189999999999999947e-01,1.795513174049214733e-01
-1.734090909090910126e-02,-1.189999999999999947e-01,1.807470986421759185e-01
-1.480681818181817100e-02,-1.189999999999999947e-01,1.824887524102587200e-01
-1.227272727272726849e-02,-1.189999999999999947e-01,1.847762787092187275e-01
-9.738636363636365978e-03,-1.189999999999999947e-01,1.876096775390195259e-01
-7.204545454545463468e-03,-1.189999999999999947e-01,1.909889488996611984e-01
-4.670454545454560957e-03,-1.189999999999999947e-01,1.949140927911634513e-01
-2.136363636363630691e-03,-2.136363636363630691e-03,1.993851092135162928e-01
3.977272727272718189e-04,-1.189999999999999947e-01,2.044019981667132835e-01
2.931818181818174329e-03,-1.189999999999999947e-01,2.099647596507620839e-01
5.465909090909076840e-03,-1.189999999999999947e-01,2.160733936656772936e-01
8.000000000000000167e-03,-1.189999999999999947e-01,0.000000000000000000e+00
1.000000000000000021e-02,-1.189999999999999947e-01,0.000000000000000000e+00
1.200000000000000025e-02,-1.189999999999999947e-01,0.000000000000000000e+00
1.400000000000000029e-02,-1.189999999999999947e-01,5.986140969551148050e-01
1.600000000000000033e-02,-1.189999999999999947e-01,-1.973447548130435325e-01
1.854545454545454553e-02,-1.189999999999999947e-01,-1.819517815310716657e-01
2.109090909090909072e-02,-1.189999999999999947e-01,-1.671294574879349515e-01
2.363636363636363591e-02,-1.189999999999999947e-01,-1.528777826838514375e-01
2.618181818181818110e-02,-1.189999999999999947e-01,-1.391967571186576158e-01
2.872727272727272629e-02,-1.189999999999999947e-01,-1.260863807924679503e-01
3.127272727272727149e-02,-1.189999999999999947e-01,-1.135466537051734170e-01
3.381818181818181668e-02,-1.189999999999999947e-01,-1.015775758569048420e-01
3.636363636363636187e-02,-1.189999999999999947e-01,-9.017914724751503741e-02
3.890909090909090706e-02,-1.189999999999999947e-01,-7.935136787713484297e-02
4.145454545454545225e-02,-1.189999999999999947e-01,-6.909423774566066101e-02
4.399999999999999745e-02,-1.189999999999999947e-01,-5.940775685320701105e-02
4.654545454545454264e-02,-1.189999999999999947e-01,-5.029192519962120966e-02
4.909090909090908783e-02,-1.189999999999999947e-01,-4.174674278507228831e-02
5.163636363636363302e-02,-1.189999999999999947e-01,-3.377220960941303141e-02
5.418181818181817822e-02,-1.189999999999999947e-01,-2.636832567275793765e-02
5.672727272727272341e-02,-1.189999999999999947e-01,-1.953509097501977126e-02
5.927272727272726860e-02,-1.189999999999999947e-01,-1.327250551624759890e-02
6.181818181818181379e-02,-1.189999999999999947e-01,-7.580569296430521298e-03
6.436363636363635898e-02,-1.189999999999999947e-01,-2.459282315579439018e-03
6.690909090909090418e-02,-1.189999999999999947e-01,2.091355426354714591e-03
6.945454545454544937e-02,-1.189999999999999947e-01,6.071343929290160327e-03
7.199999999999999456e-02,-1.189999999999999947e-01,9.480683193303226022e-03
7.454545454545453975e-02,-1.189999999999999947e-01,1.231937321835029422e-02
7.709090909090908494e-02,-1.189999999999999947e-01,1.458741400443681890e-02
7.963636363636363014e-02,-1.189999999999999947e-01,1.628480555158460727e-02
8.218181818181817533e-02,-1.189999999999999947e-01,1.741154785977730088e-02
8.472727272727272052e-02,-1.189999999999999947e-01,1.796764092899854823e-02
8.727272727272726571e-02,-1.189999999999999947e-01,1.795308475929196373e-02
8.981818181818181090e-02,-1.189999999999999947e-01,1.736787935061393298e-02
9.236363636363635610e-02,-1.189999999999999947e-01,1.621202470298080400e-02
9.490909090909090129e-02,-1.189999999999999947e-01,1.448552081640894391e-02
9.745454545454544648e-02,-1.189999999999999947e-01,1.218836769087108460e-02
9.999999999999999167e-02,-1.189999999999999947e-01,9.320565326378133994e-03
1.025454545454545369e-01,-1.189999999999999947e-01,5.882113722946447944e-03
1.050909090909090821e-01,-1.189999999999999947e-01,1.873012880537860362e-03
1.076363636363636272e-01,-1.189999999999999947e-01,-2.706737200804011298e-03
1.101818181818181724e-01,-1.189999999999999947e-01,-7.857136521111880018e-03
1.127272727272727176e-01,-1.189999999999999947e-01,-1.357818508036938779e-02
1.152727272727272628e-01,-1.189999999999999947e-01,-1.986988287858744082e-02
1.178181818181818080e-01,-1.189999999999999947e-01,-2.673222991574423016e-02
1.203636363636363532e-01,-1.189999999999999947e-01,-3.416522619185066029e-02
1.229090909090908984e-01,-1.189999999999999947e-01,-4.216887170694512410e-02
1.254545454545454297e-01,-1.189999999999999947e-01,-5.074316646095004824e-02
1.280000000000000027e-01,-1.189999999999999947e-01,-5.988811045395021904e-02
1.305454545454545201e-01,-1.189999999999999947e-01,-6.960370368588106316e-02
1.330909090909090930e-01,-1.189999999999999947e-01,-7.988994615675913680e-02
1.356363636363636105e-01,-1.189999999999999947e-01,-9.074683786659970552e-02
1.381818181818181834e-01,-1.189999999999999947e-01,-1.021743788153993415e-01
1.407272727272727009e-01,-1.189999999999999947e-01,-1.141725690031495932e-01
1.432727272727272738e-01,-1.189999999999999947e-01,-1.267414084298544852e-01
1.458181818181817913e-01,-1.189999999999999947e-01,-1.398808970955034703e-01
1.483636363636363642e-01,-1.189999999999999947e-01,-1.535910350001191138e-01
1.509090909090908816e-01,-1.189999999999999947e-01,-1.678718221436777125e-01
1.534545454545454546e-01,-1.189999999999999947e-01,-1.827232585261877873e-01
1.559999999999999720e-01,-1.189999999999999947e-01,-1.981453441476722643e-01
1.585454545454545450e-01,-1.189999999999999947e-01,-2.141380790080877616e-01
1.610909090909090624e-01,-1.189999999999999947e-01,-2.307014631074708333e-01
1.636363636363636354e-01,-1.189999999999999947e-01,-2.478354964457917808e-01
1.661818181818181528e-01,-1.189999999999999947e-01,-2.655401790230951797e-01
1.687272727272727257e-01,-1.189999999999999947e-01,-2.838155108393379811e-01
1.712727272727272432e-01,-1.189999999999999947e-01,-3.026614918945071953e-01
1.738181818181818161e-01,-1.189999999999999947e-01,-3.220781221886773737e-01
1.763636363636363336e-01,-1.189999999999999947e-01,-3.420654017217667486e-01
1.789090909090909065e-01,-1.189999999999999947e-01,-3.626233304938316637e-01
1.814545454545454239e-01,-1.189999999999999947e-01,-3.837519085048248790e-01
1.839999999999999969e-01,-1.189999999999999947e-01,0.000000000000000000e+00
1.839999999999999969e-01,-1.189999999999999947e-01,0.000000000000000000e+00
1.869999999999999996e-01,-1.189999999999999947e-01,0.000000000000000000e+00
1.900000000000000022e-01,-1.189999999999999947e-01,0.000000000000000000e+00
1.930000000000000049e-01,-1.189999999999999947e-01,0.000000000000000000e+00
1.930000000000000049e-01,-1.189999999999999947e-01,-1.565884208090879137e-01
1.955625000000000002e-01,-1.189999999999999947e-01,-1.692166795311678962e-01
1.981249999999999956e-01,-1.189999999999999947e-01,-1.855388333186333005e-01
2.006875000000000187e-01,-1.189999999999999947e-01,-2.055548821714034413e-01
2.032500000000000140e-01,-1.189999999999999947e-01,-2.292648260895373269e-01
2.058125000000000093e-01,-1.189999999999999947e-01,-2.566686650730152786e-01
2.083750000000000047e-01,-1.189999999999999947e-01,-2.877663991218373241e-01
2.109375000000000000e-01,-1.189999999999999947e-01,-3.225580282360053785e-01
2.135000000000000231e-01,-1.189999999999999947e-01,-3.610435524155027887e-01
2.160625000000000184e-01,-1.189999999999999947e-01,-4.032229716603679126e-01
2.186250000000000138e-01,-1.189999999999999947e-01,-4.490962859705716625e-01
2.211875000000000091e-01,-1.189999999999999947e-01,-4.986634953461194786e-01
2.237500000000000044e-01,-1.189999999999999947e-01,-5.519245997870162457e-01
2.263125000000000275e-01,-1.189999999999999947e-01,-6.088795992932486412e-01
2.288749999999999951e-01,-1.189999999999999947e-01,-6.695284938648256023e-01
2.314375000000000182e-01,-1.189999999999999947e-01,-7.338712835017678904e-01
2.340000000000000135e-01,-1.189999999999999947e-01,-8.019079682040252122e-01
2.365625000000000089e-01,-1.189999999999999947e-01,-8.736385479716497482e-01
2.391250000000000320e-01,-1.189999999999999947e-01,-9.490630228046150751e-01
2.416874999999999996e-01,-1.189999999999999947e-01,-1.028181392702915753e+00
2.442500000000000226e-01,-1.189999999999999947e-01,-1.110993657666574208e+00
2.468125000000000180e-01,-1.189999999999999947e-01,-1.197499817695573565e+00
2.493750000000000133e-01,-1.189999999999999947e-01,-1.287699872789922040e+00
2.519375000000000364e-01,-1.189999999999999947e-01,-1.381593822949608752e+00
2.545000000000000040e-01,-1.189999999999999947e-01,-1.479181668174639253e+00
2.570625000000000271e-01,-1.189999999999999947e-01,-1.580463408465021091e+00
2.596249999999999947e-01,-1.189999999999999947e-01,-1.685439043820746052e+00
2.621875000000000178e-01,-1.189999999999999947e-01,-1.794108574241817022e+00
2.647500000000000409e-01,-1.189999999999999947e-01,-1.906471999728229783e+00
2.673125000000000084e-01,-1.189999999999999947e-01,-2.022529320279989662e+00
2.698750000000000315e-01,-1.189999999999999947e-01,-2.142280535897096883e+00
2.724374999999999991e-01,-1.189999999999999947e-01,-2.265725646579548336e+00
2.750000000000000222e-01,-1.189999999999999947e-01,0.000000000000000000e+00
2.750000000000000222e-01,-1.189999999999999947e-01,0.000000000000000000e+00
2.775047258979206344e-01,-1.189999999999999947e-01,0.000000000000000000e+00
2.800094517958412466e-01,-1.189999999999999947e-01,0.000000000000000000e+00
2.825141776937618587e-01,-1.189999999999999947e-01,0.000000000000000000e+00
2.850189035916824709e-01,-1.189999999999999947e-01,0.000000000000000000e+00
2.875236294896030276e-01,-1.189999999999999947e-01,0.000000000000000000e+00
2.900283553875236398e-01,-1.189999999999999947e-01,0.000000000000000000e+00
2.925330812854442519e-01,-1.189999999999999947e-01,0.000000000000000000e+00
2.950378071833648641e-01,-1.189999999999999947e-01,0.000000000000000000e+00
2.975425330812854763e-01,-1.189999999999999947e-01,0.000000000000000000e+00
3.000472589792060885e-01,-1.189999999999999947e-01,0.000000000000000000e+00
3.025519848771267006e-01,-1.189999999999999947e-01,0.000000000000000000e+00
3.050567107750472573e-01,-1.189999999999999947e-01,0.000000000000000000e+00
3.075614366729678695e-01,-1.189999999999999947e-01,0.000000000000000000e+00
3.100661625708884817e-01,-1.189999999999999947e-01,0.000000000000000000e+00
3.125708884688090938e-01,-1.189999999999999947e-01,0.000000000000000000e+00
3.150756143667297060e-01,-1.189999999999999947e-01,0.000000000000000000e+00
3.175803402646503182e-01,-1.189999999999999947e-01,0.000000000000000000e+00
3.200850661625709304e-01,-1.189999999999999947e-01,0.000000000000000000e+00
3.225897920604915425e-01,-1.189999999999999947e-01,0.000000000000000000e+00
3.250945179584121547e-01,-1.189999999999999947e-01,0.000000000000000000e+00
3.275992438563327114e-01,-1.189999999999999947e-01,0.000000000000000000e+00
3.301039697542533236e-01,-1.189999999999999947e-01,0.000000000000000000e+00
3.326086956521739357e-01,-1.189999999999999947e-01,0.000000000000000000e+00
3.351134215500945479e-01,-1.189999999999999947e-01,0.000000000000000000e+00
3.376181474480151601e-01,-1.189999999999999947e-01,0.000000000000000000e+00
3.401228733459357723e-01,-1.189999999999999947e-01,0.000000000000000000e+00
3.426275992438563289e-01,-1.189999999999999947e-01,0.000000000000000000e+00
3.451323251417769411e-01,-1.189999999999999947e-01,0.000000000000000000e+00
3.476370510396975533e-01,-1.189999999999999947e-01,0.000000000000000000e+00
3.501417769376181655e-01,-1.189999999999999947e-01,0.000000000000000000e+00
3.526465028355387776e-01,-1.189999999999999947e-01,0.000000000000000000e+00
3.551512287334593898e-01,-1.189999999999999947e-01,0.000000000000000000e+00
3.576559546313800020e-01,-1.189999999999999947e-01,0.000000000000000000e+00
3.601606805293006142e-01,-1.189999999999999947e-01,0.000000000000000000e+00
3.626654064272212263e-01,-1.189999999999999947e-01,0.000000000000000000e+00
3.651701323251418385e-01,-1.189999999999999947e-01,0.000000000000000000e+00
3.676748582230624507e-01,-1.189999999999999947e-01,0.000000000000000000e+00
3.701795841209830074e-01,-1.189999999999999947e-01,0.000000000000000000e+00
3.726843100189036195e-01,-1.189999999999999947e-01,0.000000000000000000e+00
3.751890359168242317e-01,-1.189999999999999947e-01,0.000000000000000000e+00
3.776937618147448439e-01,-1.189999999999999947e-01,0.000000000000000000e+00
3.801984877126654561e-01,-1.189999999999999947e-01,0.000000000000000000e+00
3.827032136105860127e-01,-1.189999999999999947e-01,0.000000000000000000e+00
3.852079395085066249e-01,-1.189999999999999947e-01,0.000000000000000000e+00
3.877126654064272371e-01,-1.189999999999999947e-01,0.000000000000000000e+00
3.902173913043478493e-01,-1.189999999999999947e-01,0.000000000000000000e+00
3.927221172022684614e-01,-1.189999999999999947e-01,0.000000000000000000e+00
3.952268431001890736e-01,-1.189999999999999947e-01,0.000000000000000000e+00
3.977315689981096858e-01,-1.189999999999999947e-01,0.000000000000000000e+00
4.002362948960302980e-01,-1.189999999999999947e-01,0.000000000000000000e+00
4.027410207939509101e-01,-1.189999999999999947e-01,0.000000000000000000e+00
4.052457466918715223e-01,-1.189999999999999947e-01,0.000000000000000000e+00
4.077504725897921345e-01,-1.189999999999999947e-01,0.000000000000000000e+00
4.102551984877126912e-01,-1.189999999999999947e-01,0.000000000000000000e+00
4.127599243856333033e-01,-1.189999999999999947e-01,0.000000000000000000e+00
4.152646502835539155e-01,-1.189999999999999947e-01,0.000000000000000000e+00
4.177693761814745277e-01,-1.189999999999999947e-01,0.000000000000000000e+00
4.202741020793951399e-01,-1.189999999999999947e-01,0.000000000000000000e+00
4.227788279773156965e-01,-1.189999999999999947e-01,0.000000000000000000e+00
4.252835538752363087e-01,-1.189999999999999947e-01,0.000000000000000000e+00
4.277882797731569209e-01,-1.189999999999999947e-01,0.000000000000000000e+00
4.302930056710775331e-01,-1.189999999999999947e-01,0.000000000000000000e+00
4.327977315689981452e-01,-1.189999999999999947e-01,0.000000000000000000e+00
4.353024574669187574e-01,-1.189999999999999947e-01,0.000000000000000000e+00
4.378071833648393696e-01,-1.189999999999999947e-01,0.000000000000000000e+00
4.403119092627599818e-01,-1.189999999999999947e-01,0.000000000000000000e+00
4.428166351606805939e-01,-1.189999999999999947e-01,0.000000000000000000e+00
4.453213610586012061e-01,-1.189999999999999947e-01,0.000000000000000000e+00
4.478260869565218183e-01,-1.189999999999999947e-01,0.000000000000000000e+00
4.503308128544423750e-01,-1.189999999999999947e-01,0.000000000000000000e+00
4.528355387523629871e-01,-1.189999999999999947e-01,0.000000000000000000e+00
4.553402646502835993e-01,-1.189999999999999947e-01,0.000000000000000000e+00
4.578449905482042115e-01,-1.189999999999999947e-01,0.000000000000000000e+00
4.603497164461248237e-01,-1.189999999999999947e-01,0.000000000000000000e+00
4.628544423440453803e-01,-1.189999999999999947e-01,0.000000000000000000e+00
4.653591682419659925e-01,-1.189999999999999947e-01,0.000000000000000000e+00
4.678638941398866047e-01,-1.189999999999999947e-01,0.000000000000000000e+00
4.703686200378072169e-01,-1.189999999999999947e-01,0.000000000000000000e+00
4.728733459357278290e-01,-1.189999999999999947e-01,0.000000000000000000e+00
4.753780718336484412e-01,-1.189999999999999947e-01,0.000000000000000000e+00
4.778827977315690534e-01,-1.189999999999999947e-01,0.000000000000000000e+00
4.803875236294896656e-01,-1.189999999999999947e-01,0.000000000000000000e+00
4.828922495274102777e-01,-1.189999999999999947e-01,0.000000000000000000e+00
4.853969754253308899e-01,-1.189999999999999947e-01,0.000000000000000000e+00
4.879017013232515021e-01,-1.189999999999999947e-01,0.000000000000000000e+00
4.904064272211720588e-01,-1.189999999999999947e-01,0.000000000000000000e+00
4.929111531190926709e-01,-1.189999999999999947e-01,0.000000000000000000e+00
4.954158790170132831e-01,-1.189999999999999947e-01,0.000000000000000000e+00
4.979206049149338953e-01,-1.189999999999999947e-01,0.000000000000000000e+00
5.004253308128545630e-01,-1.189999999999999947e-01,0.000000000000000000e+00
5.029300567107750641e-01,-1.189999999999999947e-01,0.000000000000000000e+00
5.054347826086956763e-01,-1.189999999999999947e-01,0.000000000000000000e+00
5.079395085066162885e-01,-1.189999999999999947e-01,0.000000000000000000e+00
5.104442344045369007e-01,-1.189999999999999947e-01,0.000000000000000000e+00
5.129489603024575128e-01,-1.189999999999999947e-01,0.000000000000000000e+00
5.154536862003781250e-01,-1.189999999999999947e-01,0.000000000000000000e+00
5.179584120982987372e-01,-1.189999999999999947e-01,0.000000000000000000e+00
5.204631379962193494e-01,-1.189999999999999947e-01,0.000000000000000000e+00
5.229678638941399615e-01,-1.189999999999999947e-01,0.000000000000000000e+00
5.254725897920605737e-01,-1.189999999999999947e-01,0.000000000000000000e+00
5.279773156899811859e-01,-1.189999999999999947e-01,0.000000000000000000e+00
5.304820415879016871e-01,-1.189999999999999947e-01,0.000000000000000000e+00
5.329867674858224103e-01,-1.189999999999999947e-01,0.000000000000000000e+00
5.354914933837429114e-01,-1.189999999999999947e-01,0.000000000000000000e+00
5.379962192816636346e-01,-1.189999999999999947e-01,0.000000000000000000e+00
5.405009451795841358e-01,-1.189999999999999947e-01,0.000000000000000000e+00
5.430056710775048590e-01,-1.189999999999999947e-01,0.000000000000000000e+00
5.455103969754253601e-01,-1.189999999999999947e-01,0.000000000000000000e+00
5.480151228733459723e-01,-1.189999999999999947e-01,0.000000000000000000e+00
5.505198487712665845e-01,-1.189999999999999947e-01,0.000000000000000000e+00
5.530245746691871966e-01,-1.189999999999999947e-01,0.000000000000000000e+00
5.555293005671078088e-01,-1.189999999999999947e-01,0.000000000000000000e+00
5.580340264650284210e-01,-1.189999999999999947e-01,0.000000000000000000e+00
5.605387523629490332e-01,-1.189999999999999947e-01,0.000000000000000000e+00
5.630434782608696453e-01,-1.189999999999999947e-01,0.000000000000000000e+00
5.655482041587902575e-01,-1.189999999999999947e-01,0.000000000000000000e+00
5.680529300567107587e-01,-1.189999999999999947e-01,0.000000000000000000e+00
5.705576559546314819e-01,-1.189999999999999947e-01,0.000000000000000000e+00
5.730623818525519830e-01,-1.189999999999999947e-01,0.000000000000000000e+00
5.755671077504727062e-01,-1.189999999999999947e-01,0.000000000000000000e+00
5.780718336483932074e-01,-1.189999999999999947e-01,0.000000000000000000e+00
5.805765595463139306e-01,-1.189999999999999947e-01,0.000000000000000000e+00
5.830812854442344317e-01,-1.189999999999999947e-01,0.000000000000000000e+00
5.855860113421550439e-01,-1.189999999999999947e-01,0.000000000000000000e+00
5.880907372400756561e-01,-1.189999999999999947e-01,0.000000000000000000e+00
5.905954631379962683e-01,-1.189999999999999947e-01,0.000000000000000000e+00
5.931001890359168804e-01,-1.189999999999999947e-01,0.000000000000000000e+00
5.956049149338374926e-01,-1.189999999999999947e-01,0.000000000000000000e+00
5.981096408317581048e-01,-1.189999999999999947e-01,0.000000000000000000e+00
6.006143667296787170e-01,-1.189999999999999947e-01,0.000000000000000000e+00
6.031190926275993291e-01,-1.189999999999999947e-01,0.000000000000000000e+00
6.056238185255199413e-01,-1.189999999999999947e-01,0.000000000000000000e+00
6.081285444234405535e-01,-1.189999999999999947e-01,0.000000000000000000e+00
6.106332703213610547e-01,-1.189999999999999947e-01,0.000000000000000000e+00
6.131379962192817779e-01,-1.189999999999999947e-01,0.000000000000000000e+00
6.156427221172022790e-01,-1.189999999999999947e-01,0.000000000000000000e+00
6.181474480151230022e-01,-1.189999999999999947e-01,0.000000000000000000e+00
6.206521739130435034e-01,-1.189999999999999947e-01,0.000000000000000000e+00
6.231568998109642266e-01,-1.189999999999999947e-01,0.000000000000000000e+00
6.256616257088847277e-01,-1.189999999999999947e-01,0.000000000000000000e+00
6.281663516068053399e-01,-1.189999999999999947e-01,0.000000000000000000e+00
6.306710775047259521e-01,-1.189999999999999947e-01,0.000000000000000000e+00
6.331758034026465642e-01,-1.189999999999999947e-01,0.000000000000000000e+00
6.356805293005671764e-01,-1.189999999999999947e-01,0.000000000000000000e+00
6.381852551984877886e-01,-1.189999999999999947e-01,0.000000000000000000e+00
6.406899810964084008e-01,-1.189999999999999947e-01,0.000000000000000000e+00
6.431947069943290130e-01,-1.189999999999999947e-01,0.000000000000000000e+00
6.456994328922496251e-01,-1.189999999999999947e-01,0.000000000000000000e+00
6.482041587901701263e-01,-1.189999999999999947e-01,0.000000000000000000e+00
6.507088846880908495e-01,-1.189999999999999947e-01,0.000000000000000000e+00
6.532136105860113506e-01,-1.189999999999999947e-01,0.000000000000000000e+00
6.557183364839320738e-01,-1.189999999999999947e-01,0.000000000000000000e+00
6.582230623818525750e-01,-1.189999999999999947e-01,0.000000000000000000e+00
6.607277882797732982e-01,-1.189999999999999947e-01,0.000000000000000000e+00
6.632325141776937993e-01,-1.189999999999999947e-01,0.000000000000000000e+00
6.657372400756144115e-01,-1.189999999999999947e-01,0.000000000000000000e+00
6.682419659735350237e-01,-1.189999999999999947e-01,0.000000000000000000e+00
6.707466918714556359e-01,-1.189999999999999947e-01,0.000000000000000000e+00
6.732514177693762480e-01,-1.189999999999999947e-01,0.000000000000000000e+00
6.757561436672968602e-01,-1.189999999999999947e-01,0.000000000000000000e+00
6.782608695652174724e-01,-1.189999999999999947e-01,0.000000000000000000e+00
6.807655954631380846e-01,-1.189999999999999947e-01,0.000000000000000000e+00
6.832703213610586968e-01,-1.189999999999999947e-01,0.000000000000000000e+00
6.857750472589793089e-01,-1.189999999999999947e-01,0.000000000000000000e+00
6.882797731568999211e-01,-1.189999999999999947e-01,0.000000000000000000e+00
6.907844990548204223e-01,-1.189999999999999947e-01,0.000000000000000000e+00
6.932892249527411455e-01,-1.189999999999999947e-01,0.000000000000000000e+00
6.957939508506616466e-01,-1.189999999999999947e-01,0.000000000000000000e+00
6.982986767485823698e-01,-1.189999999999999947e-01,0.000000000000000000e+00
7.008034026465028710e-01,-1.189999999999999947e-01,0.000000000000000000e+00
7.033081285444235942e-01,-1.189999999999999947e-01,0.000000000000000000e+00
7.058128544423440953e-01,-1.189999999999999947e-01,0.000000000000000000e+00
7.083175803402647075e-01,-1.189999999999999947e-01,0.000000000000000000e+00
7.108223062381853197e-01,-1.189999999999999947e-01,0.000000000000000000e+00
7.133270321361059318e-01,-1.189999999999999947e-01,0.000000000000000000e+00
7.158317580340265440e-01,-1.189999999999999947e-01,0.000000000000000000e+00
7.183364839319471562e-01,-1.189999999999999947e-01,0.000000000000000000e+00
7.208412098298677684e-01,-1.189999999999999947e-01,0.000000000000000000e+00
7.233459357277883806e-01,-1.189999999999999947e-01,0.000000000000000000e+00
7.258506616257089927e-01,-1.189999999999999947e-01,0.000000000000000000e+00
7.283553875236294939e-01,-1.189999999999999947e-01,0.000000000000000000e+00
7.308601134215502171e-01,-1.189999999999999947e-01,0.000000000000000000e+00
7.333648393194707182e-01,-1.189999999999999947e-01,0.000000000000000000e+00
7.358695652173914414e-01,-1.189999999999999947e-01,0.000000000000000000e+00
7.383742911153119426e-01,-1.189999999999999947e-01,0.000000000000000000e+00
7.408790170132326658e-01,-1.189999999999999947e-01,0.000000000000000000e+00
7.433837429111531669e-01,-1.189999999999999947e-01,0.000000000000000000e+00
7.458884688090737791e-01,-1.189999999999999947e-01,0.000000000000000000e+00
7.483931947069943913e-01,-1.189999999999999947e-01,0.000000000000000000e+00
7.508979206049150035e-01,-1.189999999999999947e-01,0.000000000000000000e+00
7.534026465028356156e-01,-1.189999999999999947e-01,0.000000000000000000e+00
7.559073724007562278e-01,-1.189999999999999947e-01,0.000000000000000000e+00
7.584120982986768400e-01,-1.189999999999999947e-01,0.000000000000000000e+00
7.609168241965974522e-01,-1.189999999999999947e-01,0.000000000000000000e+00
7.634215500945180644e-01,-1.189999999999999947e-01,0.000000000000000000e+00
7.659262759924386765e-01,-1.189999999999999947e-01,0.000000000000000000e+00
7.684310018903592887e-01,-1.189999999999999947e-01,0.000000000000000000e+00
7.709357277882797899e-01,-1.189999999999999947e-01,0.000000000000000000e+00
7.734404536862005131e-01,-1.189999999999999947e-01,0.000000000000000000e+00
7.759451795841211252e-01,-1.189999999999999947e-01,0.000000000000000000e+00
7.784499054820416264e-01,-1.189999999999999947e-01,0.000000000000000000e+00
7.809546313799622386e-01,-1.189999999999999947e-01,0.000000000000000000e+00
7.834593572778828507e-01,-1.189999999999999947e-01,0.000000000000000000e+00
7.859640831758034629e-01,-1.189999999999999947e-01,0.000000000000000000e+00
7.884688090737240751e-01,-1.189999999999999947e-01,0.000000000000000000e+00
7.909735349716446873e-01,-1.189999999999999947e-01,0.000000000000000000e+00
7.934782608695652995e-01,-1.189999999999999947e-01,0.000000000000000000e+00
7.959829867674859116e-01,-1.189999999999999947e-01,0.000000000000000000e+00
7.984877126654065238e-01,-1.189999999999999947e-01,0.000000000000000000e+00
8.009924385633271360e-01,-1.189999999999999947e-01,0.000000000000000000e+00
8.034971644612477482e-01,-1.189999999999999947e-01,0.000000000000000000e+00
8.060018903591683603e-01,-1.189999999999999947e-01,0.000000000000000000e+00
8.085066162570889725e-01,-1.189999999999999947e-01,0.000000000000000000e+00
8.110113421550095847e-01,-1.189999999999999947e-01,0.000000000000000000e+00
8.135160680529301969e-01,-1.189999999999999947e-01,0.000000000000000000e+00
8.160207939508506980e-01,-1.189999999999999947e-01,0.000000000000000000e+00
8.185255198487713102e-01,-1.189999999999999947e-01,0.000000000000000000e+00
8.210302457466919224e-01,-1.189999999999999947e-01,0.000000000000000000e+00
8.235349716446125345e-01,-1.189999999999999947e-01,0.000000000000000000e+00
8.260396975425331467e-01,-1.189999999999999947e-01,0.000000000000000000e+00
8.285444234404537589e-01,-1.189999999999999947e-01,0.000000000000000000e+00
8.310491493383743711e-01,-1.189999999999999947e-01,0.000000000000000000e+00
8.335538752362949833e-01,-1.189999999999999947e-01,0.000000000000000000e+00
8.360586011342155954e-01,-1.189999999999999947e-01,0.000000000000000000e+00
8.385633270321362076e-01,-1.189999999999999947e-01,0.000000000000000000e+00
8.410680529300568198e-01,-1.189999999999999947e-01,0.000000000000000000e+00
8.435727788279774320e-01,-1.189999999999999947e-01,0.000000000000000000e+00
8.460775047258980441e-01,-1.189999999999999947e-01,0.000000000000000000e+00
8.485822306238186563e-01,-1.189999999999999947e-01,0.000000000000000000e+00
8.510869565217392685e-01,-1.189999999999999947e-01,0.000000000000000000e+00
8.535916824196598807e-01,-1.189999999999999947e-01,0.000000000000000000e+00
8.560964083175804928e-01,-1.189999999999999947e-01,0.000000000000000000e+00
8.586011342155009940e-01,-1.189999999999999947e-01,0.000000000000000000e+00
8.611058601134216062e-01,-1.189999999999999947e-01,0.000000000000000000e+00
8.636105860113422183e-01,-1.189999999999999947e-01,0.000000000000000000e+00
8.661153119092628305e-01,-1.189999999999999947e-01,0.000000000000000000e+00
8.686200378071834427e-01,-1.189999999999999947e-01,0.000000000000000000e+00
8.711247637051040549e-01,-1.189999999999999947e-01,0.000000000000000000e+00
8.736294896030246671e-01,-1.189999999999999947e-01,0.000000000000000000e+00
8.761342155009452792e-01,-1.189999999999999947e-01,0.000000000000000000e+00
8.786389413988658914e-01,-1.189999999999999947e-01,0.000000000000000000e+00
8.811436672967865036e-01,-1.189999999999999947e-01,0.000000000000000000e+00
8.836483931947071158e-01,-1.189999999999999947e-01,0.000000000000000000e+00
8.861531190926277279e-01,-1.189999999999999947e-01,0.000000000000000000e+00
8.886578449905483401e-01,-1.189999999999999947e-01,0.000000000000000000e+00
8.911625708884689523e-01,-1.189999999999999947e-01,0.000000000000000000e+00
8.936672967863895645e-01,-1.189999999999999947e-01,0.000000000000000000e+00
8.961720226843100656e-01,-1.189999999999999947e-01,0.000000000000000000e+00
8.986767485822306778e-01,-1.189999999999999947e-01,0.000000000000000000e+00
9.011814744801512900e-01,-1.189999999999999947e-01,0.000000000000000000e+00
9.036862003780719022e-01,-1.189999999999999947e-01,0.000000000000000000e+00
9.061909262759925143e-01,-1.189999999999999947e-01,0.000000000000000000e+00
9.086956521739131265e-01,-1.189999999999999947e-01,0.000000000000000000e+00
9.112003780718337387e-01,-1.189999999999999947e-01,0.000000000000000000e+00
9.137051039697543509e-01,-1.189999999999999947e-01,0.000000000000000000e+00
9.162098298676749630e-01,-1.189999999999999947e-01,0.000000000000000000e+00
9.187145557655955752e-01,-1.189999999999999947e-01,0.000000000000000000e+00
9.212192816635161874e-01,-1.189999999999999947e-01,0.000000000000000000e+00
9.237240075614367996e-01,-1.189999999999999947e-01,0.000000000000000000e+00
9.262287334593574117e-01,-1.189999999999999947e-01,0.000000000000000000e+00
9.287334593572780239e-01,-1.189999999999999947e-01,0.000000000000000000e+00
9.312381852551986361e-01,-1.189999999999999947e-01,0.000000000000000000e+00
9.337429111531192483e-01,-1.189999999999999947e-01,0.000000000000000000e+00
9.362476370510398604e-01,-1.189999999999999947e-01,0.000000000000000000e+00
9.387523629489603616e-01,-1.189999999999999947e-01,0.000000000000000000e+00
9.412570888468809738e-01,-1.189999999999999947e-01,0.000000000000000000e+00
9.437618147448015860e-01,-1.189999999999999947e-01,0.000000000000000000e+00
9.462665406427221981e-01,-1.189999999999999947e-01,0.000000000000000000e+00
9.487712665406428103e-01,-1.189999999999999947e-01,0.000000000000000000e+00
9.512759924385634225e-01,-1.189999999999999947e-01,0.000000000000000000e+00
9.537807183364840347e-01,-1.189999999999999947e-01,0.000000000000000000e+00
9.562854442344046468e-01,-1.189999999999999947e-01,0.000000000000000000e+00
9.587901701323252590e-01,-1.189999999999999947e-01,0.000000000000000000e+00
9.612948960302458712e-01,-1.189999999999999947e-01,0.000000000000000000e+00
9.637996219281664834e-01,-1.189999999999999947e-01,0.000000000000000000e+00
9.663043478260870955e-01,-1.189999999999999947e-01,0.000000000000000000e+00
9.688090737240077077e-01,-1.189999999999999947e-01,0.000000000000000000e+00
9.713137996219283199e-01,-1.189999999999999947e-01,0.000000000000000000e+00
9.738185255198489321e-01,-1.189999999999999947e-01,0.000000000000000000e+00
9.763232514177694332e-01,-1.189999999999999947e-01,0.000000000000000000e+00
9.788279773156900454e-01,-1.189999999999999947e-01,0.000000000000000000e+00
9.813327032136106576e-01,-1.189999999999999947e-01,0.000000000000000000e+00
9.838374291115312698e-01,-1.189999999999999947e-01,0.000000000000000000e+00
9.863421550094518819e-01,-1.189999999999999947e-01,0.000000000000000000e+00
9.888468809073724941e-01,-1.189999999999999947e-01,0.000000000000000000e+00
9.913516068052931063e-01,-1.189999999999999947e-01,0.000000000000000000e+00
9.938563327032137185e-01,-1.189999999999999947e-01,0.000000000000000000e+00
9.963610586011343306e-01,-1.189999999999999947e-01,0.000000000000000000e+00
9.988657844990549428e-01,-1.189999999999999947e-01,0.000000000000000000e+00
1.001370510396975444e+00,-1.189999999999999947e-01,0.000000000000000000e+00
1.003875236294896167e+00,-1.189999999999999947e-01,0.000000000000000000e+00
1.006379962192816890e+00,-1.189999999999999947e-01,0.000000000000000000e+00
1.008884688090737392e+00,-1.189999999999999947e-01,0.000000000000000000e+00
1.011389413988657893e+00,-1.189999999999999947e-01,0.000000000000000000e+00
1.013894139886578616e+00,-1.189999999999999947e-01,0.000000000000000000e+00
1.016398865784499339e+00,-1.189999999999999947e-01,0.000000000000000000e+00
1.018903591682419840e+00,-1.189999999999999947e-01,0.000000000000000000e+00
1.021408317580340341e+00,-1.189999999999999947e-01,0.000000000000000000e+00
1.023913043478260843e+00,-1.189999999999999947e-01,0.000000000000000000e+00
1.026417769376181566e+00,-1.189999999999999947e-01,0.000000000000000000e+00
1.028922495274102289e+00,-1.189999999999999947e-01,0.000000000000000000e+00
1.031427221172022790e+00,-1.189999999999999947e-01,0.000000000000000000e+00
1.033931947069943291e+00,-1.189999999999999947e-01,0.000000000000000000e+00
1.036436672967864014e+00,-1.189999999999999947e-01,0.000000000000000000e+00
1.038941398865784738e+00,-1.189999999999999947e-01,0.000000000000000000e+00
1.041446124763705239e+00,-1.189999999999999947e-01,0.000000000000000000e+00
1.043950850661625740e+00,-1.189999999999999947e-01,0.000000000000000000e+00
1.046455576559546463e+00,-1.189999999999999947e-01,0.000000000000000000e+00
1.048960302457467186e+00,-1.189999999999999947e-01,0.000000000000000000e+00
1.051465028355387687e+00,-1.189999999999999947e-01,0.000000000000000000e+00
1.053969754253308189e+00,-1.189999999999999947e-01,0.000000000000000000e+00
1.056474480151228690e+00,-1.189999999999999947e-01,0.000000000000000000e+00
1.058979206049149413e+00,-1.189999999999999947e-01,0.000000000000000000e+00
1.061483931947070136e+00,-1.189999999999999947e-01,0.000000000000000000e+00
1.063988657844990637e+00,-1.189999999999999947e-01,0.000000000000000000e+00
1.066493383742911139e+00,-1.189999999999999947e-01,0.000000000000000000e+00
1.068998109640831862e+00,-1.189999999999999947e-01,0.000000000000000000e+00
1.071502835538752585e+00,-1.189999999999999947e-01,0.000000000000000000e+00
1.074007561436673086e+00,-1.189999999999999947e-01,0.000000000000000000e+00
1.076512287334593587e+00,-1.189999999999999947e-01,0.000000000000000000e+00
1.079017013232514310e+00,-1.189999999999999947e-01,0.000000000000000000e+00
1.081521739130435034e+00,-1.189999999999999947e-01,0.000000000000000000e+00
1.084026465028355535e+00,-1.189999999999999947e-01,0.000000000000000000e+00
1.086531190926276036e+00,-1.189999999999999947e-01,0.000000000000000000e+00
1.089035916824196759e+00,-1.189999999999999947e-01,0.000000000000000000e+00
1.091540642722117482e+00,-1.189999999999999947e-01,0.000000000000000000e+00
1.094045368620037983e+00,-1.189999999999999947e-01,0.000000000000000000e+00
1.096550094517958485e+00,-1.189999999999999947e-01,0.000000000000000000e+00
1.099054820415878986e+00,-1.189999999999999947e-01,0.000000000000000000e+00
1.101559546313799709e+00,-1.189999999999999947e-01,0.000000000000000000e+00
1.104064272211720432e+00,-1.189999999999999947e-01,0.000000000000000000e+00
1.106568998109640933e+00,-1.189999999999999947e-01,0.000000000000000000e+00
1.109073724007561434e+00,-1.189999999999999947e-01,0.000000000000000000e+00
1.111578449905482158e+00,-1.189999999999999947e-01,0.000000000000000000e+00
1.114083175803402881e+00,-1.189999999999999947e-01,0.000000000000000000e+00
1.116587901701323382e+00,-1.189999999999999947e-01,0.000000000000000000e+00
1.119092627599243883e+00,-1.189999999999999947e-01,0.000000000000000000e+00
1.121597353497164606e+00,-1.189999999999999947e-01,0.000000000000000000e+00
1.124102079395085330e+00,-1.189999999999999947e-01,0.000000000000000000e+00
1.126606805293005831e+00,-1.189999999999999947e-01,0.000000000000000000e+00
1.129111531190926332e+00,-1.189999999999999947e-01,0.000000000000000000e+00
1.131616257088847055e+00,-1.189999999999999947e-01,0.000000000000000000e+00
1.134120982986767778e+00,-1.189999999999999947e-01,0.000000000000000000e+00
1.136625708884688279e+00,-1.189999999999999947e-01,0.000000000000000000e+00
1.139130434782608781e+00,-1.189999999999999947e-01,0.000000000000000000e+00
1.141635160680529282e+00,-1.189999999999999947e-01,0.000000000000000000e+00
1.144139886578450005e+00,-1.189999999999999947e-01,0.000000000000000000e+00
1.146644612476370728e+00,-1.189999999999999947e-01,0.000000000000000000e+00
1.149149338374291229e+00,-1.189999999999999947e-01,0.000000000000000000e+00
1.151654064272211730e+00,-1.189999999999999947e-01,0.000000000000000000e+00
1.154158790170132454e+00,-1.189999999999999947e-01,0.000000000000000000e+00
1.156663516068053177e+00,-1.189999999999999947e-01,0.000000000000000000e+00
1.159168241965973678e+00,-1.189999999999999947e-01,0.000000000000000000e+00
1.161672967863894179e+00,-1.189999999999999947e-01,0.000000000000000000e+00
1.164177693761814902e+00,-1.189999999999999947e-01,0.000000000000000000e+00
1.166682419659735626e+00,-1.189999999999999947e-01,0.000000000000000000e+00
1.169187145557656127e+00,-1.189999999999999947e-01,0.000000000000000000e+00
1.171691871455576628e+00,-1.189999999999999947e-01,0.000000000000000000e+00
1.174196597353497351e+00,-1.189999999999999947e-01,0.000000000000000000e+00
1.176701323251418074e+00,-1.189999999999999947e-01,0.000000000000000000e+00
1.179206049149338575e+00,-1.189999999999999947e-01,0.000000000000000000e+00
1.181710775047259077e+00,-1.189999999999999947e-01,0.000000000000000000e+00
1.184215500945179578e+00,-1.189999999999999947e-01,0.000000000000000000e+00
1.186720226843100301e+00,-1.189999999999999947e-01,0.000000000000000000e+00
1.189224952741021024e+00,-1.189999999999999947e-01,0.000000000000000000e+00
1.191729678638941525e+00,-1.189999999999999947e-01,0.000000000000000000e+00
1.194234404536862026e+00,-1.189999999999999947e-01,0.000000000000000000e+00
1.196739130434782750e+00,-1.189999999999999947e-01,0.000000000000000000e+00
1.199243856332703473e+00,-1.189999999999999947e-01,0.000000000000000000e+00
1.201748582230623974e+00,-1.189999999999999947e-01,0.000000000000000000e+00
1.204253308128544475e+00,-1.189999999999999947e-01,0.000000000000000000e+00
1.206758034026465198e+00,-1.189999999999999947e-01,0.000000000000000000e+00
1.209262759924385922e+00,-1.189999999999999947e-01,0.000000000000000000e+00
1.211767485822306423e+00,-1.189999999999999947e-01,0.000000000000000000e+00
1.214272211720226924e+00,-1.189999999999999947e-01,0.000000000000000000e+00
1.216776937618147425e+00,-1.189999999999999947e-01,0.000000000000000000e+00
1.219281663516068148e+00,-1.189999999999999947e-01,0.000000000000000000e+00
1.221786389413988871e+00,-1.189999999999999947e-01,0.000000000000000000e+00
1.224291115311909373e+00,-1.189999999999999947e-01,0.000000000000000000e+00
1.226795841209829874e+00,-1.189999999999999947e-01,0.000000000000000000e+00
1.229300567107750597e+00,-1.189999999999999947e-01,0.000000000000000000e+00
1.231805293005671320e+00,-1.189999999999999947e-01,0.000000000000000000e+00
1.234310018903591821e+00,-1.189999999999999947e-01,0.000000000000000000e+00
1.236814744801512322e+00,-1.189999999999999947e-01,0.000000000000000000e+00
1.239319470699433046e+00,-1.189999999999999947e-01,0.000000000000000000e+00
1.241824196597353769e+00,-1.189999999999999947e-01,0.000000000000000000e+00
1.244328922495274270e+00,-1.189999999999999947e-01,0.000000000000000000e+00
1.246833648393194771e+00,-1.189999999999999947e-01,0.000000000000000000e+00
1.249338374291115494e+00,-1.189999999999999947e-01,0.000000000000000000e+00
1.251843100189036218e+00,-1.189999999999999947e-01,0.000000000000000000e+00
1.254347826086956719e+00,-1.189999999999999947e-01,0.000000000000000000e+00
1.256852551984877220e+00,-1.189999999999999947e-01,0.000000000000000000e+00
1.259357277882797721e+00,-1.189999999999999947e-01,0.000000000000000000e+00
1.261862003780718444e+00,-1.189999999999999947e-01,0.000000000000000000e+00
1.264366729678639167e+00,-1.189999999999999947e-01,0.000000000000000000e+00
1.266871455576559669e+00,-1.189999999999999947e-01,0.000000000000000000e+00
1.269376181474480170e+00,-1.189999999999999947e-01,0.000000000000000000e+00
1.271880907372400893e+00,-1.189999999999999947e-01,0.000000000000000000e+00
1.274385633270321616e+00,-1.189999999999999947e-01,0.000000000000000000e+00
1.276890359168242117e+00,-1.189999999999999947e-01,0.000000000000000000e+00
1.279395085066162618e+00,-1.189999999999999947e-01,0.000000000000000000e+00
1.281899810964083120e+00,-1.189999999999999947e-01,0.000000000000000000e+00
1.284404536862004065e+00,-1.189999999999999947e-01,0.000000000000000000e+00
1.286909262759924566e+00,-1.189999999999999947e-01,0.000000000000000000e+00
1.289413988657845067e+00,-1.189999999999999947e-01,0.000000000000000000e+00
1.291918714555765568e+00,-1.189999999999999947e-01,0.000000000000000000e+00
1.294423440453686514e+00,-1.189999999999999947e-01,0.000000000000000000e+00
1.296928166351607015e+00,-1.189999999999999947e-01,0.000000000000000000e+00
1.299432892249527516e+00,-1.189999999999999947e-01,0.000000000000000000e+00
1.301937618147448017e+00,-1.189999999999999947e-01,0.000000000000000000e+00
1.304442344045368962e+00,-1.189999999999999947e-01,0.000000000000000000e+00
1.306947069943289463e+00,-1.189999999999999947e-01,0.000000000000000000e+00
1.309451795841209965e+00,-1.189999999999999947e-01,0.000000000000000000e+00
1.311956521739130466e+00,-1.189999999999999947e-01,0.000000000000000000e+00
1.314461247637051411e+00,-1.189999999999999947e-01,0.000000000000000000e+00
1.316965973534971912e+00,-1.189999999999999947e-01,0.000000000000000000e+00
1.319470699432892413e+00,-1.189999999999999947e-01,0.000000000000000000e+00
1.321975425330812914e+00,-1.189999999999999947e-01,0.000000000000000000e+00
1.324480151228733416e+00,-1.189999999999999947e-01,0.000000000000000000e+00
1.326984877126654361e+00,-1.189999999999999947e-01,0.000000000000000000e+00
1.329489603024574862e+00,-1.189999999999999947e-01,0.000000000000000000e+00
1.331994328922495363e+00,-1.189999999999999947e-01,0.000000000000000000e+00
1.334499054820415864e+00,-1.189999999999999947e-01,0.000000000000000000e+00
1.337003780718336809e+00,-1.189999999999999947e-01,0.000000000000000000e+00
1.339508506616257311e+00,-1.189999999999999947e-01,0.000000000000000000e+00
1.342013232514177812e+00,-1.189999999999999947e-01,0.000000000000000000e+00
1.344517958412098313e+00,-1.189999999999999947e-01,0.000000000000000000e+00
1.347022684310019258e+00,-1.189999999999999947e-01,0.000000000000000000e+00
1.349527410207939759e+00,-1.189999999999999947e-01,0.000000000000000000e+00
1.352032136105860260e+00,-1.189999999999999947e-01,0.000000000000000000e+00
1.354536862003780762e+00,-1.189999999999999947e-01,0.000000000000000000e+00
1.357041587901701263e+00,-1.189999999999999947e-01,0.000000000000000000e+00
1.359546313799622208e+00,-1.189999999999999947e-01,0.000000000000000000e+00
1.362051039697542709e+00,-1.189999999999999947e-01,0.000000000000000000e+00
1.364555765595463210e+00,-1.189999999999999947e-01,0.000000000000000000e+00
1.367060491493383712e+00,-1.189999999999999947e-01,0.000000000000000000e+00
1.369565217391304657e+00,-1.189999999999999947e-01,0.000000000000000000e+00
1.372069943289225158e+00,-1.189999999999999947e-01,0.000000000000000000e+00
1.374574669187145659e+00,-1.189999999999999947e-01,0.000000000000000000e+00
1.377079395085066160e+00,-1.189999999999999947e-01,0.000000000000000000e+00
1.379584120982987105e+00,-1.189999999999999947e-01,0.000000000000000000e+00
1.382088846880907607e+00,-1.189999999999999947e-01,0.000000000000000000e+00
1.384593572778828108e+00,-1.189999999999999947e-01,0.000000000000000000e+00
1.387098298676748609e+00,-1.189999999999999947e-01,0.000000000000000000e+00
1.389603024574669554e+00,-1.189999999999999947e-01,0.000000000000000000e+00
1.392107750472590055e+00,-1.189999999999999947e-01,0.000000000000000000e+00
1.394612476370510556e+00,-1.189999999999999947e-01,0.000000000000000000e+00
1.397117202268431058e+00,-1.189999999999999947e-01,0.000000000000000000e+00
1.399621928166351559e+00,-1.189999999999999947e-01,0.000000000000000000e+00
1.402126654064272504e+00,-1.189999999999999947e-01,0.000000000000000000e+00
1.404631379962193005e+00,-1.189999999999999947e-01,0.000000000000000000e+00
1.407136105860113506e+00,-1.189999999999999947e-01,0.000000000000000000e+00
1.409640831758034007e+00,-1.189999999999999947e-01,0.000000000000000000e+00
1.412145557655954953e+00,-1.189999999999999947e-01,0.000000000000000000e+00
1.414650283553875454e+00,-1.189999999999999947e-01,0.000000000000000000e+00
1.417155009451795955e+00,-1.189999999999999947e-01,0.000000000000000000e+00
1.419659735349716456e+00,-1.189999999999999947e-01,0.000000000000000000e+00
1.422164461247637401e+00,-1.189999999999999947e-01,0.000000000000000000e+00
1.424669187145557903e+00,-1.189999999999999947e-01,0.000000000000000000e+00
1.427173913043478404e+00,-1.189999999999999947e-01,0.000000000000000000e+00
1.429678638941398905e+00,-1.189999999999999947e-01,0.000000000000000000e+00
1.432183364839319850e+00,-1.189999999999999947e-01,0.000000000000000000e+00
1.434688090737240351e+00,-1.189999999999999947e-01,0.000000000000000000e+00
1.437192816635160852e+00,-1.189999999999999947e-01,0.000000000000000000e+00
1.439697542533081354e+00,-1.189999999999999947e-01,0.000000000000000000e+00
1.442202268431001855e+00,-1.189999999999999947e-01,0.000000000000000000e+00
1.444706994328922800e+00,-1.189999999999999947e-01,0.000000000000000000e+00
1.447211720226843301e+00,-1.189999999999999947e-01,0.000000000000000000e+00
1.449716446124763802e+00,-1.189999999999999947e-01,0.000000000000000000e+00
1.452221172022684303e+00,-1.189999999999999947e-01,0.000000000000000000e+00
1.454725897920605249e+00,-1.189999999999999947e-01,0.000000000000000000e+00
1.457230623818525750e+00,-1.189999999999999947e-01,0.000000000000000000e+00
1.459735349716446251e+00,-1.189999999999999947e-01,0.000000000000000000e+00
1.462240075614366752e+00,-1.189999999999999947e-01,0.000000000000000000e+00
1.464744801512287697e+00,-1.189999999999999947e-01,0.000000000000000000e+00
1.467249527410208199e+00,-1.189999999999999947e-01,0.000000000000000000e+00
1.469754253308128700e+00,-1.189999999999999947e-01,0.000000000000000000e+00
1.472258979206049201e+00,-1.189999999999999947e-01,0.000000000000000000e+00
1.474763705103970146e+00,-1.189999999999999947e-01,0.000000000000000000e+00
1.477268431001890647e+00,-1.189999999999999947e-01,0.000000000000000000e+00
1.479773156899811148e+00,-1.189999999999999947e-01,0.000000000000000000e+00
1.482277882797731650e+00,-1.189999999999999947e-01,0.000000000000000000e+00
1.484782608695652151e+00,-1.189999999999999947e-01,0.000000000000000000e+00
1.487287334593573096e+00,-1.189999999999999947e-01,0.000000000000000000e+00
1.489792060491493597e+00,-1.189999999999999947e-01,0.000000000000000000e+00
1.492296786389414098e+00,-1.189999999999999947e-01,0.000000000000000000e+00
1.494801512287334599e+00,-1.189999999999999947e-01,0.000000000000000000e+00
1.497306238185255545e+00,-1.189999999999999947e-01,0.000000000000000000e+00
1.499810964083176046e+00,-1.189999999999999947e-01,0.000000000000000000e+00
1.502315689981096547e+00,-1.189999999999999947e-01,0.000000000000000000e+00
1.504820415879017048e+00,-1.189999999999999947e-01,0.000000000000000000e+00
1.507325141776937993e+00,-1.189999999999999947e-01,0.000000000000000000e+00
1.509829867674858495e+00,-1.189999999999999947e-01,0.000000000000000000e+00
1.512334593572778996e+00,-1.189999999999999947e-01,0.000000000000000000e+00
1.514839319470699497e+00,-1.189999999999999947e-01,0.000000000000000000e+00
1.517344045368619998e+00,-1.189999999999999947e-01,0.000000000000000000e+00
1.519848771266540943e+00,-1.189999999999999947e-01,0.000000000000000000e+00
1.522353497164461444e+00,-1.189999999999999947e-01,0.000000000000000000e+00
1.524858223062381946e+00,-1.189999999999999947e-01,0.000000000000000000e+00
1.527362948960302447e+00,-1.189999999999999947e-01,0.000000000000000000e+00
1.529867674858223392e+00,-1.189999999999999947e-01,0.000000000000000000e+00
1.532372400756143893e+00,-1.189999999999999947e-01,0.000000000000000000e+00
1.534877126654064394e+00,-1.189999999999999947e-01,0.000000000000000000e+00
1.537381852551984895e+00,-1.189999999999999947e-01,0.000000000000000000e+00
1.539886578449905841e+00,-1.189999999999999947e-01,0.000000000000000000e+00
1.542391304347826342e+00,-1.189999999999999947e-01,0.000000000000000000e+00
1.544896030245746843e+00,-1.189999999999999947e-01,0.000000000000000000e+00
1.547400756143667344e+00,-1.189999999999999947e-01,0.000000000000000000e+00
1.549905482041588289e+00,-1.189999999999999947e-01,0.000000000000000000e+00
1.552410207939508791e+00,-1.189999999999999947e-01,0.000000000000000000e+00
1.554914933837429292e+00,-1.189999999999999947e-01,0.000000000000000000e+00
1.557419659735349793e+00,-1.189999999999999947e-01,0.000000000000000000e+00
1.559924385633270294e+00,-1.189999999999999947e-01,0.000000000000000000e+00
1.562429111531191239e+00,-1.189999999999999947e-01,0.000000000000000000e+00
1.564933837429111740e+00,-1.189999999999999947e-01,0.000000000000000000e+00
1.567438563327032242e+00,-1.189999999999999947e-01,0.000000000000000000e+00
1.569943289224952743e+00,-1.189999999999999947e-01,0.000000000000000000e+00
1.572448015122873688e+00,-1.189999999999999947e-01,0.000000000000000000e+00
1.574952741020794189e+00,-1.189999999999999947e-01,0.000000000000000000e+00
1.577457466918714690e+00,-1.189999999999999947e-01,0.000000000000000000e+00
1.579962192816635191e+00,-1.189999999999999947e-01,0.000000000000000000e+00
1.582466918714556137e+00,-1.189999999999999947e-01,0.000000000000000000e+00
1.584971644612476638e+00,-1.189999999999999947e-01,0.000000000000000000e+00
1.587476370510397139e+00,-1.189999999999999947e-01,0.000000000000000000e+00
1.589981096408317640e+00,-1.189999999999999947e-01,0.000000000000000000e+00
1.592485822306238585e+00,-1.189999999999999947e-01,0.000000000000000000e+00
1.594990548204159087e+00,-1.189999999999999947e-01,0.000000000000000000e+00
1.597495274102079588e+00,-1.189999999999999947e-01,0.000000000000000000e+00
