-1.600000000000000089e+00,1.000000000000000021e-03,0.000000000000000000e+00
-1.597493123772102175e+00,1.000000000000000021e-03,0.000000000000000000e+00
-1.594986247544204483e+00,1.000000000000000021e-03,0.000000000000000000e+00
-1.592479371316306569e+00,1.000000000000000021e-03,0.000000000000000000e+00
-1.589972495088408655e+00,1.000000000000000021e-03,0.000000000000000000e+00
-1.587465618860510963e+00,1.000000000000000021e-03,0.000000000000000000e+00
-1.584958742632613049e+00,1.000000000000000021e-03,0.000000000000000000e+00
-1.582451866404715135e+00,1.000000000000000021e-03,0.000000000000000000e+00
-1.579944990176817443e+00,1.000000000000000021e-03,0.000000000000000000e+00
-1.577438113948919529e+00,1.000000000000000021e-03,0.000000000000000000e+00
-1.574931237721021615e+00,1.000000000000000021e-03,0.000000000000000000e+00
-1.572424361493123923e+00,1.000000000000000021e-03,0.000000000000000000e+00
-1.569917485265226009e+00,1.000000000000000021e-03,0.000000000000000000e+00
-1.567410609037328095e+00,1.000000000000000021e-03,0.000000000000000000e+00
-1.564903732809430403e+00,1.000000000000000021e-03,0.000000000000000000e+00
-1.562396856581532489e+00,1.000000000000000021e-03,0.000000000000000000e+00
-1.559889980353634575e+00,1.000000000000000021e-03,0.000000000000000000e+00
-1.557383104125736883e+00,1.000000000000000021e-03,0.000000000000000000e+00
-1.554876227897838969e+00,1.000000000000000021e-03,0.000000000000000000e+00
-1.552369351669941056e+00,1.000000000000000021e-03,0.000000000000000000e+00
-1.549862475442043364e+00,1.000000000000000021e-03,0.000000000000000000e+00
-1.547355599214145450e+00,1.000000000000000021e-03,0.000000000000000000e+00
-1.544848722986247536e+00,1.000000000000000021e-03,0.000000000000000000e+00
-1.542341846758349844e+00,1.000000000000000021e-03,0.000000000000000000e+00
-1.539834970530451930e+00,1.000000000000000021e-03,0.000000000000000000e+00
-1.537328094302554016e+00,1.000000000000000021e-03,0.000000000000000000e+00
-1.534821218074656324e+00,1.000000000000000021e-03,0.000000000000000000e+00
-1.532314341846758410e+00,1.000000000000000021e-03,0.000000000000000000e+00
-1.529807465618860496e+00,1.000000000000000021e-03,0.000000000000000000e+00
-1.527300589390962804e+00,1.000000000000000021e-03,0.000000000000000000e+00
-1.524793713163064890e+00,1.000000000000000021e-03,0.000000000000000000e+00
-1.522286836935167198e+00,1.000000000000000021e-03,0.000000000000000000e+00
-1.519779960707269284e+00,1.000000000000000021e-03,0.000000000000000000e+00
-1.517273084479371370e+00,1.000000000000000021e-03,0.000000000000000000e+00
-1.514766208251473678e+00,1.000000000000000021e-03,0.000000000000000000e+00
-1.512259332023575764e+00,1.000000000000000021e-03,0.000000000000000000e+00
-1.509752455795677850e+00,1.000000000000000021e-03,0.000000000000000000e+00
-1.507245579567780158e+00,1.000000000000000021e-03,0.000000000000000000e+00
-1.504738703339882244e+00,1.000000000000000021e-03,0.000000000000000000e+00
-1.502231827111984330e+00,1.000000000000000021e-03,0.000000000000000000e+00
-1.499724950884086638e+00,1.000000000000000021e-03,0.000000000000000000e+00
-1.497218074656188724e+00,1.000000000000000021e-03,0.000000000000000000e+00
-1.494711198428290810e+00,1.000000000000000021e-03,0.000000000000000000e+00
-1.492204322200393118e+00,1.000000000000000021e-03,0.000000000000000000e+00
-1.489697445972495204e+00,1.000000000000000021e-03,0.000000000000000000e+00
-1.487190569744597290e+00,1.000000000000000021e-03,0.000000000000000000e+00
-1.484683693516699599e+00,1.000000000000000021e-03,0.000000000000000000e+00
-1.482176817288801685e+00,1.000000000000000021e-03,0.000000000000000000e+00
-1.479669941060903771e+00,1.000000000000000021e-03,0.000000000000000000e+00
-1.477163064833006079e+00,1.000000000000000021e-03,0.000000000000000000e+00
-1.474656188605108165e+00,1.000000000000000021e-03,0.000000000000000000e+00
-1.472149312377210251e+00,1.000000000000000021e-03,0.000000000000000000e+00
-1.469642436149312559e+00,1.000000000000000021e-03,0.000000000000000000e+00
-1.467135559921414645e+00,1.000000000000000021e-03,0.000000000000000000e+00
-1.464628683693516731e+00,1.000000000000000021e-03,0.000000000000000000e+00
-1.462121807465619039e+00,1.000000000000000021e-03,0.000000000000000000e+00
-1.459614931237721125e+00,1.000000000000000021e-03,0.000000000000000000e+00
-1.457108055009823211e+00,1.000000000000000021e-03,0.000000000000000000e+00
-1.454601178781925519e+00,1.000000000000000021e-03,0.000000000000000000e+00
-1.452094302554027605e+00,1.000000000000000021e-03,0.000000000000000000e+00
-1.449587426326129691e+00,1.000000000000000021e-03,0.000000000000000000e+00
-1.447080550098231999e+00,1.000000000000000021e-03,0.000000000000000000e+00
-1.444573673870334085e+00,1.000000000000000021e-03,0.000000000000000000e+00
-1.442066797642436171e+00,1.000000000000000021e-03,0.000000000000000000e+00
-1.439559921414538479e+00,1.000000000000000021e-03,0.000000000000000000e+00
-1.437053045186640565e+00,1.000000000000000021e-03,0.000000000000000000e+00
-1.434546168958742651e+00,1.000000000000000021e-03,0.000000000000000000e+00
-1.432039292730844959e+00,1.000000000000000021e-03,0.000000000000000000e+00
-1.429532416502947045e+00,1.000000000000000021e-03,0.000000000000000000e+00
-1.427025540275049131e+00,1.000000000000000021e-03,0.000000000000000000e+00
-1.424518664047151439e+00,1.000000000000000021e-03,0.000000000000000000e+00
-1.422011787819253525e+00,1.000000000000000021e-03,0.000000000000000000e+00
-1.419504911591355611e+00,1.000000000000000021e-03,0.000000000000000000e+00
-1.416998035363457920e+00,1.000000000000000021e-03,0.000000000000000000e+00
-1.414491159135560006e+00,1.000000000000000021e-03,0.000000000000000000e+00
-1.411984282907662092e+00,1.000000000000000021e-03,0.000000000000000000e+00
-1.409477406679764400e+00,1.000000000000000021e-03,0.000000000000000000e+00
-1.406970530451866486e+00,1.000000000000000021e-03,0.000000000000000000e+00
-1.404463654223968572e+00,1.000000000000000021e-03,0.000000000000000000e+00
-1.401956777996070880e+00,1.000000000000000021e-03,0.000000000000000000e+00
-1.399449901768172966e+00,1.000000000000000021e-03,0.000000000000000000e+00
-1.396943025540275052e+00,1.000000000000000021e-03,0.000000000000000000e+00
-1.394436149312377360e+00,1.000000000000000021e-03,0.000000000000000000e+00
-1.391929273084479446e+00,1.000000000000000021e-03,0.000000000000000000e+00
-1.389422396856581532e+00,1.000000000000000021e-03,0.000000000000000000e+00
-1.386915520628683840e+00,1.000000000000000021e-03,0.000000000000000000e+00
-1.384408644400785926e+00,1.000000000000000021e-03,0.000000000000000000e+00
-1.381901768172888012e+00,1.000000000000000021e-03,0.000000000000000000e+00
-1.379394891944990320e+00,1.000000000000000021e-03,0.000000000000000000e+00
-1.376888015717092406e+00,1.000000000000000021e-03,0.000000000000000000e+00
-1.374381139489194492e+00,1.000000000000000021e-03,0.000000000000000000e+00
-1.371874263261296800e+00,1.000000000000000021e-03,0.000000000000000000e+00
-1.369367387033398886e+00,1.000000000000000021e-03,0.000000000000000000e+00
-1.366860510805500972e+00,1.000000000000000021e-03,0.000000000000000000e+00
-1.364353634577603280e+00,1.000000000000000021e-03,0.000000000000000000e+00
-1.361846758349705366e+00,1.000000000000000021e-03,0.000000000000000000e+00
-1.359339882121807452e+00,1.000000000000000021e-03,0.000000000000000000e+00
-1.356833005893909760e+00,1.000000000000000021e-03,0.000000000000000000e+00
-1.354326129666011846e+00,1.000000000000000021e-03,0.000000000000000000e+00
-1.351819253438113932e+00,1.000000000000000021e-03,0.000000000000000000e+00
-1.349312377210216241e+00,1.000000000000000021e-03,0.000000000000000000e+00
-1.346805500982318327e+00,1.000000000000000021e-03,0.000000000000000000e+00
-1.344298624754420413e+00,1.000000000000000021e-03,0.000000000000000000e+00
-1.341791748526522721e+00,1.000000000000000021e-03,0.000000000000000000e+00
-1.339284872298624807e+00,1.000000000000000021e-03,0.000000000000000000e+00
-1.336777996070726893e+00,1.000000000000000021e-03,0.000000000000000000e+00
-1.334271119842829201e+00,1.000000000000000021e-03,0.000000000000000000e+00
-1.331764243614931287e+00,1.000000000000000021e-03,0.000000000000000000e+00
-1.329257367387033373e+00,1.000000000000000021e-03,0.000000000000000000e+00
-1.326750491159135681e+00,1.000000000000000021e-03,0.000000000000000000e+00
-1.324243614931237767e+00,1.000000000000000021e-03,0.000000000000000000e+00
-1.321736738703339853e+00,1.000000000000000021e-03,0.000000000000000000e+00
-1.319229862475442161e+00,1.000000000000000021e-03,0.000000000000000000e+00
-1.316722986247544247e+00,1.000000000000000021e-03,0.000000000000000000e+00
-1.314216110019646333e+00,1.000000000000000021e-03,0.000000000000000000e+00
-1.311709233791748641e+00,1.000000000000000021e-03,0.000000000000000000e+00
-1.309202357563850727e+00,1.000000000000000021e-03,0.000000000000000000e+00
-1.306695481335952813e+00,1.000000000000000021e-03,0.000000000000000000e+00
-1.304188605108055121e+00,1.000000000000000021e-03,0.000000000000000000e+00
-1.301681728880157207e+00,1.000000000000000021e-03,0.000000000000000000e+00
-1.299174852652259293e+00,1.000000000000000021e-03,0.000000000000000000e+00
-1.296667976424361601e+00,1.000000000000000021e-03,0.000000000000000000e+00
-1.294161100196463687e+00,1.000000000000000021e-03,0.000000000000000000e+00
-1.291654223968565773e+00,1.000000000000000021e-03,0.000000000000000000e+00
-1.289147347740668081e+00,1.000000000000000021e-03,0.000000000000000000e+00
-1.286640471512770167e+00,1.000000000000000021e-03,0.000000000000000000e+00
-1.284133595284872253e+00,1.000000000000000021e-03,0.000000000000000000e+00
-1.281626719056974562e+00,1.000000000000000021e-03,0.000000000000000000e+00
-1.279119842829076648e+00,1.000000000000000021e-03,0.000000000000000000e+00
-1.276612966601178734e+00,1.000000000000000021e-03,0.000000000000000000e+00
-1.274106090373281042e+00,1.000000000000000021e-03,0.000000000000000000e+00
-1.271599214145383128e+00,1.000000000000000021e-03,0.000000000000000000e+00
-1.269092337917485214e+00,1.000000000000000021e-03,0.000000000000000000e+00
-1.266585461689587522e+00,1.000000000000000021e-03,0.000000000000000000e+00
-1.264078585461689608e+00,1.000000000000000021e-03,0.000000000000000000e+00
-1.261571709233791694e+00,1.000000000000000021e-03,0.000000000000000000e+00
-1.259064833005894002e+00,1.000000000000000021e-03,0.000000000000000000e+00
-1.256557956777996088e+00,1.000000000000000021e-03,0.000000000000000000e+00
-1.254051080550098396e+00,1.000000000000000021e-03,0.000000000000000000e+00
-1.251544204322200482e+00,1.000000000000000021e-03,0.000000000000000000e+00
-1.249037328094302568e+00,1.000000000000000021e-03,0.000000000000000000e+00
-1.246530451866404876e+00,1.000000000000000021e-03,0.000000000000000000e+00
-1.244023575638506962e+00,1.000000000000000021e-03,0.000000000000000000e+00
-1.241516699410609048e+00,1.000000000000000021e-03,0.000000000000000000e+00
-1.239009823182711356e+00,1.000000000000000021e-03,0.000000000000000000e+00
-1.236502946954813442e+00,1.000000000000000021e-03,0.000000000000000000e+00
-1.233996070726915528e+00,1.000000000000000021e-03,0.000000000000000000e+00
-1.231489194499017836e+00,1.000000000000000021e-03,0.000000000000000000e+00
-1.228982318271119922e+00,1.000000000000000021e-03,0.000000000000000000e+00
-1.226475442043222008e+00,1.000000000000000021e-03,0.000000000000000000e+00
-1.223968565815324316e+00,1.000000000000000021e-03,0.000000000000000000e+00
-1.221461689587426402e+00,1.000000000000000021e-03,0.000000000000000000e+00
-1.218954813359528488e+00,1.000000000000000021e-03,0.000000000000000000e+00
-1.216447937131630797e+00,1.000000000000000021e-03,0.000000000000000000e+00
-1.213941060903732883e+00,1.000000000000000021e-03,0.000000000000000000e+00
-1.211434184675834969e+00,1.000000000000000021e-03,0.000000000000000000e+00
-1.208927308447937277e+00,1.000000000000000021e-03,0.000000000000000000e+00
-1.206420432220039363e+00,1.000000000000000021e-03,0.000000000000000000e+00
-1.203913555992141671e+00,1.000000000000000021e-03,0.000000000000000000e+00
-1.201406679764243757e+00,1.000000000000000021e-03,0.000000000000000000e+00
-1.198899803536345843e+00,1.000000000000000021e-03,0.000000000000000000e+00
-1.196392927308448151e+00,1.000000000000000021e-03,0.000000000000000000e+00
-1.193886051080550237e+00,1.000000000000000021e-03,0.000000000000000000e+00
-1.191379174852652323e+00,1.000000000000000021e-03,0.000000000000000000e+00
-1.188872298624754631e+00,1.000000000000000021e-03,0.000000000000000000e+00
-1.186365422396856717e+00,1.000000000000000021e-03,0.000000000000000000e+00
-1.183858546168958803e+00,1.000000000000000021e-03,0.000000000000000000e+00
-1.181351669941061111e+00,1.000000000000000021e-03,0.000000000000000000e+00
-1.178844793713163197e+00,1.000000000000000021e-03,0.000000000000000000e+00
-1.176337917485265283e+00,1.000000000000000021e-03,0.000000000000000000e+00
-1.173831041257367591e+00,1.000000000000000021e-03,0.000000000000000000e+00
-1.171324165029469677e+00,1.000000000000000021e-03,0.000000000000000000e+00
-1.168817288801571763e+00,1.000000000000000021e-03,0.000000000000000000e+00
-1.166310412573674071e+00,1.000000000000000021e-03,0.000000000000000000e+00
-1.163803536345776157e+00,1.000000000000000021e-03,0.000000000000000000e+00
-1.161296660117878243e+00,1.000000000000000021e-03,0.000000000000000000e+00
-1.158789783889980551e+00,1.000000000000000021e-03,0.000000000000000000e+00
-1.156282907662082637e+00,1.000000000000000021e-03,0.000000000000000000e+00
-1.153776031434184723e+00,1.000000000000000021e-03,0.000000000000000000e+00
-1.151269155206287031e+00,1.000000000000000021e-03,0.000000000000000000e+00
-1.148762278978389118e+00,1.000000000000000021e-03,0.000000000000000000e+00
-1.146255402750491204e+00,1.000000000000000021e-03,0.000000000000000000e+00
-1.143748526522593512e+00,1.000000000000000021e-03,0.000000000000000000e+00
-1.141241650294695598e+00,1.000000000000000021e-03,0.000000000000000000e+00
-1.138734774066797684e+00,1.000000000000000021e-03,0.000000000000000000e+00
-1.136227897838899992e+00,1.000000000000000021e-03,0.000000000000000000e+00
-1.133721021611002078e+00,1.000000000000000021e-03,0.000000000000000000e+00
-1.131214145383104164e+00,1.000000000000000021e-03,0.000000000000000000e+00
-1.128707269155206472e+00,1.000000000000000021e-03,0.000000000000000000e+00
-1.126200392927308558e+00,1.000000000000000021e-03,0.000000000000000000e+00
-1.123693516699410644e+00,1.000000000000000021e-03,0.000000000000000000e+00
-1.121186640471512952e+00,1.000000000000000021e-03,0.000000000000000000e+00
-1.118679764243615038e+00,1.000000000000000021e-03,0.000000000000000000e+00
-1.116172888015717124e+00,1.000000000000000021e-03,0.000000000000000000e+00
-1.113666011787819432e+00,1.000000000000000021e-03,0.000000000000000000e+00
-1.111159135559921518e+00,1.000000000000000021e-03,0.000000000000000000e+00
-1.108652259332023604e+00,1.000000000000000021e-03,0.000000000000000000e+00
-1.106145383104125912e+00,1.000000000000000021e-03,0.000000000000000000e+00
-1.103638506876227998e+00,1.000000000000000021e-03,0.000000000000000000e+00
-1.101131630648330084e+00,1.000000000000000021e-03,0.000000000000000000e+00
-1.098624754420432392e+00,1.000000000000000021e-03,0.000000000000000000e+00
-1.096117878192534478e+00,1.000000000000000021e-03,0.000000000000000000e+00
-1.093611001964636564e+00,1.000000000000000021e-03,0.000000000000000000e+00
-1.091104125736738872e+00,1.000000000000000021e-03,0.000000000000000000e+00
-1.088597249508840958e+00,1.000000000000000021e-03,0.000000000000000000e+00
-1.086090373280943044e+00,1.000000000000000021e-03,0.000000000000000000e+00
-1.083583497053045352e+00,1.000000000000000021e-03,0.000000000000000000e+00
-1.081076620825147439e+00,1.000000000000000021e-03,0.000000000000000000e+00
-1.078569744597249525e+00,1.000000000000000021e-03,0.000000000000000000e+00
-1.076062868369351833e+00,1.000000000000000021e-03,0.000000000000000000e+00
-1.073555992141453919e+00,1.000000000000000021e-03,0.000000000000000000e+00
-1.071049115913556005e+00,1.000000000000000021e-03,0.000000000000000000e+00
-1.068542239685658313e+00,1.000000000000000021e-03,0.000000000000000000e+00
-1.066035363457760399e+00,1.000000000000000021e-03,0.000000000000000000e+00
-1.063528487229862485e+00,1.000000000000000021e-03,0.000000000000000000e+00
-1.061021611001964793e+00,1.000000000000000021e-03,0.000000000000000000e+00
-1.058514734774066879e+00,1.000000000000000021e-03,0.000000000000000000e+00
-1.056007858546168965e+00,1.000000000000000021e-03,0.000000000000000000e+00
-1.053500982318271273e+00,1.000000000000000021e-03,0.000000000000000000e+00
-1.050994106090373359e+00,1.000000000000000021e-03,0.000000000000000000e+00
-1.048487229862475445e+00,1.000000000000000021e-03,0.000000000000000000e+00
-1.045980353634577753e+00,1.000000000000000021e-03,0.000000000000000000e+00
-1.043473477406679839e+00,1.000000000000000021e-03,0.000000000000000000e+00
-1.040966601178781925e+00,1.000000000000000021e-03,0.000000000000000000e+00
-1.038459724950884233e+00,1.000000000000000021e-03,0.000000000000000000e+00
-1.035952848722986319e+00,1.000000000000000021e-03,0.000000000000000000e+00
-1.033445972495088405e+00,1.000000000000000021e-03,0.000000000000000000e+00
-1.030939096267190713e+00,1.000000000000000021e-03,0.000000000000000000e+00
-1.028432220039292799e+00,1.000000000000000021e-03,0.000000000000000000e+00
-1.025925343811394885e+00,1.000000000000000021e-03,0.000000000000000000e+00
-1.023418467583497193e+00,1.000000000000000021e-03,0.000000000000000000e+00
-1.020911591355599279e+00,1.000000000000000021e-03,0.000000000000000000e+00
-1.018404715127701365e+00,1.000000000000000021e-03,0.000000000000000000e+00
-1.015897838899803673e+00,1.000000000000000021e-03,0.000000000000000000e+00
-1.013390962671905760e+00,1.000000000000000021e-03,0.000000000000000000e+00
-1.010884086444007846e+00,1.000000000000000021e-03,0.000000000000000000e+00
-1.008377210216110154e+00,1.000000000000000021e-03,0.000000000000000000e+00
-1.005870333988212240e+00,1.000000000000000021e-03,0.000000000000000000e+00
-1.003363457760314326e+00,1.000000000000000021e-03,0.000000000000000000e+00
-1.000856581532416634e+00,1.000000000000000021e-03,0.000000000000000000e+00
-9.983497053045187197e-01,1.000000000000000021e-03,0.000000000000000000e+00
-9.958428290766209168e-01,1.000000000000000021e-03,0.000000000000000000e+00
-9.933359528487231138e-01,1.000000000000000021e-03,0.000000000000000000e+00
-9.908290766208251998e-01,1.000000000000000021e-03,0.000000000000000000e+00
-9.883222003929273969e-01,1.000000000000000021e-03,0.000000000000000000e+00
-9.858153241650295939e-01,1.000000000000000021e-03,0.000000000000000000e+00
-9.833084479371316800e-01,1.000000000000000021e-03,0.000000000000000000e+00
-9.808015717092338770e-01,1.000000000000000021e-03,0.000000000000000000e+00
-9.782946954813360740e-01,1.000000000000000021e-03,0.000000000000000000e+00
-9.757878192534381601e-01,1.000000000000000021e-03,0.000000000000000000e+00
-9.732809430255403571e-01,1.000000000000000021e-03,0.000000000000000000e+00
-9.707740667976425541e-01,1.000000000000000021e-03,0.000000000000000000e+00
-9.682671905697446402e-01,1.000000000000000021e-03,0.000000000000000000e+00
-9.657603143418468372e-01,1.000000000000000021e-03,0.000000000000000000e+00
-9.632534381139490343e-01,1.000000000000000021e-03,0.000000000000000000e+00
-9.607465618860511203e-01,1.000000000000000021e-03,0.000000000000000000e+00
-9.582396856581533173e-01,1.000000000000000021e-03,0.000000000000000000e+00
-9.557328094302555144e-01,1.000000000000000021e-03,0.000000000000000000e+00
-9.532259332023576004e-01,1.000000000000000021e-03,0.000000000000000000e+00
-9.507190569744597974e-01,1.000000000000000021e-03,0.000000000000000000e+00
-9.482121807465619945e-01,1.000000000000000021e-03,0.000000000000000000e+00
-9.457053045186640805e-01,1.000000000000000021e-03,0.000000000000000000e+00
-9.431984282907662775e-01,1.000000000000000021e-03,0.000000000000000000e+00
-9.406915520628684746e-01,1.000000000000000021e-03,0.000000000000000000e+00
-9.381846758349705606e-01,1.000000000000000021e-03,0.000000000000000000e+00
-9.356777996070727577e-01,1.000000000000000021e-03,0.000000000000000000e+00
-9.331709233791749547e-01,1.000000000000000021e-03,0.000000000000000000e+00
-9.306640471512770407e-01,1.000000000000000021e-03,0.000000000000000000e+00
-9.281571709233792378e-01,1.000000000000000021e-03,0.000000000000000000e+00
-9.256502946954814348e-01,1.000000000000000021e-03,0.000000000000000000e+00
-9.231434184675835208e-01,1.000000000000000021e-03,0.000000000000000000e+00
-9.206365422396857179e-01,1.000000000000000021e-03,0.000000000000000000e+00
-9.181296660117879149e-01,1.000000000000000021e-03,0.000000000000000000e+00
-9.156227897838900009e-01,1.000000000000000021e-03,0.000000000000000000e+00
-9.131159135559921980e-01,1.000000000000000021e-03,0.000000000000000000e+00
-9.106090373280943950e-01,1.000000000000000021e-03,0.000000000000000000e+00
-9.081021611001965921e-01,1.000000000000000021e-03,0.000000000000000000e+00
-9.055952848722986781e-01,1.000000000000000021e-03,0.000000000000000000e+00
-9.030884086444008751e-01,1.000000000000000021e-03,0.000000000000000000e+00
-9.005815324165030722e-01,1.000000000000000021e-03,0.000000000000000000e+00
-8.980746561886051582e-01,1.000000000000000021e-03,0.000000000000000000e+00
-8.955677799607073553e-01,1.000000000000000021e-03,0.000000000000000000e+00
-8.930609037328095523e-01,1.000000000000000021e-03,0.000000000000000000e+00
-8.905540275049116383e-01,1.000000000000000021e-03,0.000000000000000000e+00
-8.880471512770138354e-01,1.000000000000000021e-03,0.000000000000000000e+00
-8.855402750491160324e-01,1.000000000000000021e-03,0.000000000000000000e+00
-8.830333988212181184e-01,1.000000000000000021e-03,0.000000000000000000e+00
-8.805265225933203155e-01,1.000000000000000021e-03,0.000000000000000000e+00
-8.780196463654225125e-01,1.000000000000000021e-03,0.000000000000000000e+00
-8.755127701375245985e-01,1.000000000000000021e-03,0.000000000000000000e+00
-8.730058939096267956e-01,1.000000000000000021e-03,0.000000000000000000e+00
-8.704990176817289926e-01,1.000000000000000021e-03,0.000000000000000000e+00
-8.679921414538310787e-01,1.000000000000000021e-03,0.000000000000000000e+00
-8.654852652259332757e-01,1.000000000000000021e-03,0.000000000000000000e+00
-8.629783889980354727e-01,1.000000000000000021e-03,0.000000000000000000e+00
-8.604715127701375588e-01,1.000000000000000021e-03,0.000000000000000000e+00
-8.579646365422397558e-01,1.000000000000000021e-03,0.000000000000000000e+00
-8.554577603143419529e-01,1.000000000000000021e-03,0.000000000000000000e+00
-8.529508840864440389e-01,1.000000000000000021e-03,0.000000000000000000e+00
-8.504440078585462359e-01,1.000000000000000021e-03,0.000000000000000000e+00
-8.479371316306484330e-01,1.000000000000000021e-03,0.000000000000000000e+00
-8.454302554027505190e-01,1.000000000000000021e-03,0.000000000000000000e+00
-8.429233791748527160e-01,1.000000000000000021e-03,0.000000000000000000e+00
-8.404165029469549131e-01,1.000000000000000021e-03,0.000000000000000000e+00
-8.379096267190569991e-01,1.000000000000000021e-03,0.000000000000000000e+00
-8.354027504911591961e-01,1.000000000000000021e-03,0.000000000000000000e+00
-8.328958742632613932e-01,1.000000000000000021e-03,0.000000000000000000e+00
-8.303889980353634792e-01,1.000000000000000021e-03,0.000000000000000000e+00
-8.278821218074656763e-01,1.000000000000000021e-03,0.000000000000000000e+00
-8.253752455795678733e-01,1.000000000000000021e-03,0.000000000000000000e+00
-8.228683693516699593e-01,1.000000000000000021e-03,0.000000000000000000e+00
-8.203614931237721564e-01,1.000000000000000021e-03,0.000000000000000000e+00
-8.178546168958743534e-01,1.000000000000000021e-03,0.000000000000000000e+00
-8.153477406679765505e-01,1.000000000000000021e-03,0.000000000000000000e+00
-8.128408644400786365e-01,1.000000000000000021e-03,0.000000000000000000e+00
-8.103339882121808335e-01,1.000000000000000021e-03,0.000000000000000000e+00
-8.078271119842830306e-01,1.000000000000000021e-03,0.000000000000000000e+00
-8.053202357563851166e-01,1.000000000000000021e-03,0.000000000000000000e+00
-8.028133595284873136e-01,1.000000000000000021e-03,0.000000000000000000e+00
-8.003064833005895107e-01,1.000000000000000021e-03,0.000000000000000000e+00
-7.977996070726915967e-01,1.000000000000000021e-03,0.000000000000000000e+00
-7.952927308447937937e-01,1.000000000000000021e-03,0.000000000000000000e+00
-7.927858546168959908e-01,1.000000000000000021e-03,0.000000000000000000e+00
-7.902789783889980768e-01,1.000000000000000021e-03,0.000000000000000000e+00
-7.877721021611002739e-01,1.000000000000000021e-03,0.000000000000000000e+00
-7.852652259332024709e-01,1.000000000000000021e-03,0.000000000000000000e+00
-7.827583497053045569e-01,1.000000000000000021e-03,0.000000000000000000e+00
-7.802514734774067540e-01,1.000000000000000021e-03,0.000000000000000000e+00
-7.777445972495089510e-01,1.000000000000000021e-03,0.000000000000000000e+00
-7.752377210216110370e-01,1.000000000000000021e-03,0.000000000000000000e+00
-7.727308447937132341e-01,1.000000000000000021e-03,0.000000000000000000e+00
-7.702239685658154311e-01,1.000000000000000021e-03,0.000000000000000000e+00
-7.677170923379175171e-01,1.000000000000000021e-03,0.000000000000000000e+00
-7.652102161100197142e-01,1.000000000000000021e-03,0.000000000000000000e+00
-7.627033398821219112e-01,1.000000000000000021e-03,0.000000000000000000e+00
-7.601964636542239973e-01,1.000000000000000021e-03,0.000000000000000000e+00
-7.576895874263261943e-01,1.000000000000000021e-03,0.000000000000000000e+00
-7.551827111984283913e-01,1.000000000000000021e-03,0.000000000000000000e+00
-7.526758349705304774e-01,1.000000000000000021e-03,0.000000000000000000e+00
-7.501689587426326744e-01,1.000000000000000021e-03,0.000000000000000000e+00
-7.476620825147348715e-01,1.000000000000000021e-03,0.000000000000000000e+00
-7.451552062868369575e-01,1.000000000000000021e-03,0.000000000000000000e+00
-7.426483300589391545e-01,1.000000000000000021e-03,0.000000000000000000e+00
-7.401414538310413516e-01,1.000000000000000021e-03,0.000000000000000000e+00
-7.376345776031434376e-01,1.000000000000000021e-03,0.000000000000000000e+00
-7.351277013752456346e-01,1.000000000000000021e-03,0.000000000000000000e+00
-7.326208251473478317e-01,1.000000000000000021e-03,0.000000000000000000e+00
-7.301139489194499177e-01,1.000000000000000021e-03,0.000000000000000000e+00
-7.276070726915521147e-01,1.000000000000000021e-03,0.000000000000000000e+00
-7.251001964636543118e-01,1.000000000000000021e-03,0.000000000000000000e+00
-7.225933202357565088e-01,1.000000000000000021e-03,0.000000000000000000e+00
-7.200864440078585949e-01,1.000000000000000021e-03,0.000000000000000000e+00
-7.175795677799607919e-01,1.000000000000000021e-03,0.000000000000000000e+00
-7.150726915520629889e-01,1.000000000000000021e-03,0.000000000000000000e+00
-7.125658153241650750e-01,1.000000000000000021e-03,0.000000000000000000e+00
-7.100589390962672720e-01,1.000000000000000021e-03,0.000000000000000000e+00
-7.075520628683694691e-01,1.000000000000000021e-03,0.000000000000000000e+00
-7.050451866404715551e-01,1.000000000000000021e-03,0.000000000000000000e+00
-7.025383104125737521e-01,1.000000000000000021e-03,0.000000000000000000e+00
-7.000314341846759492e-01,1.000000000000000021e-03,0.000000000000000000e+00
-6.975245579567780352e-01,1.000000000000000021e-03,0.000000000000000000e+00
-6.950176817288802322e-01,1.000000000000000021e-03,0.000000000000000000e+00
-6.925108055009824293e-01,1.000000000000000021e-03,0.000000000000000000e+00
-6.900039292730845153e-01,1.000000000000000021e-03,0.000000000000000000e+00
-6.874970530451867123e-01,1.000000000000000021e-03,0.000000000000000000e+00
-6.849901768172889094e-01,1.000000000000000021e-03,0.000000000000000000e+00
-6.824833005893909954e-01,1.000000000000000021e-03,0.000000000000000000e+00
-6.799764243614931924e-01,1.000000000000000021e-03,0.000000000000000000e+00
-6.774695481335953895e-01,1.000000000000000021e-03,0.000000000000000000e+00
-6.749626719056974755e-01,1.000000000000000021e-03,0.000000000000000000e+00
-6.724557956777996726e-01,1.000000000000000021e-03,0.000000000000000000e+00
-6.699489194499018696e-01,1.000000000000000021e-03,0.000000000000000000e+00
-6.674420432220039556e-01,1.000000000000000021e-03,0.000000000000000000e+00
-6.649351669941061527e-01,1.000000000000000021e-03,0.000000000000000000e+00
-6.624282907662083497e-01,1.000000000000000021e-03,0.000000000000000000e+00
-6.599214145383104357e-01,1.000000000000000021e-03,0.000000000000000000e+00
-6.574145383104126328e-01,1.000000000000000021e-03,0.000000000000000000e+00
-6.549076620825148298e-01,1.000000000000000021e-03,0.000000000000000000e+00
-6.524007858546169158e-01,1.000000000000000021e-03,0.000000000000000000e+00
-6.498939096267191129e-01,1.000000000000000021e-03,0.000000000000000000e+00
-6.473870333988213099e-01,1.000000000000000021e-03,0.000000000000000000e+00
-6.448801571709233960e-01,1.000000000000000021e-03,0.000000000000000000e+00
-6.423732809430255930e-01,1.000000000000000021e-03,0.000000000000000000e+00
-6.398664047151277900e-01,1.000000000000000021e-03,0.000000000000000000e+00
-6.373595284872299871e-01,1.000000000000000021e-03,0.000000000000000000e+00
-6.348526522593320731e-01,1.000000000000000021e-03,0.000000000000000000e+00
-6.323457760314342702e-01,1.000000000000000021e-03,0.000000000000000000e+00
-6.298388998035364672e-01,1.000000000000000021e-03,0.000000000000000000e+00
-6.273320235756385532e-01,1.000000000000000021e-03,0.000000000000000000e+00
-6.248251473477407503e-01,1.000000000000000021e-03,0.000000000000000000e+00
-6.223182711198429473e-01,1.000000000000000021e-03,0.000000000000000000e+00
-6.198113948919450333e-01,1.000000000000000021e-03,0.000000000000000000e+00
-6.173045186640472304e-01,1.000000000000000021e-03,0.000000000000000000e+00
-6.147976424361494274e-01,1.000000000000000021e-03,0.000000000000000000e+00
-6.122907662082515134e-01,1.000000000000000021e-03,0.000000000000000000e+00
-6.097838899803537105e-01,1.000000000000000021e-03,0.000000000000000000e+00
-6.072770137524559075e-01,1.000000000000000021e-03,0.000000000000000000e+00
-6.047701375245579936e-01,1.000000000000000021e-03,0.000000000000000000e+00
-6.022632612966601906e-01,1.000000000000000021e-03,0.000000000000000000e+00
-5.997563850687623876e-01,1.000000000000000021e-03,0.000000000000000000e+00
-5.972495088408644737e-01,1.000000000000000021e-03,0.000000000000000000e+00
-5.947426326129665597e-01,1.000000000000000021e-03,0.000000000000000000e+00
-5.922357563850688678e-01,1.000000000000000021e-03,0.000000000000000000e+00
-5.897288801571709538e-01,1.000000000000000021e-03,0.000000000000000000e+00
-5.872220039292732618e-01,1.000000000000000021e-03,0.000000000000000000e+00
-5.847151277013753479e-01,1.000000000000000021e-03,0.000000000000000000e+00
-5.822082514734774339e-01,1.000000000000000021e-03,0.000000000000000000e+00
-5.797013752455797420e-01,1.000000000000000021e-03,0.000000000000000000e+00
-5.771944990176818280e-01,1.000000000000000021e-03,0.000000000000000000e+00
-5.746876227897839140e-01,1.000000000000000021e-03,0.000000000000000000e+00
-5.721807465618862221e-01,1.000000000000000021e-03,0.000000000000000000e+00
-5.696738703339883081e-01,1.000000000000000021e-03,0.000000000000000000e+00
-5.671669941060903941e-01,1.000000000000000021e-03,0.000000000000000000e+00
-5.646601178781927022e-01,1.000000000000000021e-03,0.000000000000000000e+00
-5.621532416502947882e-01,1.000000000000000021e-03,0.000000000000000000e+00
-5.596463654223968742e-01,1.000000000000000021e-03,0.000000000000000000e+00
-5.571394891944991823e-01,1.000000000000000021e-03,0.000000000000000000e+00
-5.546326129666012683e-01,1.000000000000000021e-03,0.000000000000000000e+00
-5.521257367387033543e-01,1.000000000000000021e-03,0.000000000000000000e+00
-5.496188605108056624e-01,1.000000000000000021e-03,0.000000000000000000e+00
-5.471119842829077484e-01,1.000000000000000021e-03,0.000000000000000000e+00
-5.446051080550098344e-01,1.000000000000000021e-03,0.000000000000000000e+00
-5.420982318271121425e-01,1.000000000000000021e-03,0.000000000000000000e+00
-5.395913555992142285e-01,1.000000000000000021e-03,0.000000000000000000e+00
-5.370844793713163146e-01,1.000000000000000021e-03,0.000000000000000000e+00
-5.345776031434186226e-01,1.000000000000000021e-03,0.000000000000000000e+00
-5.320707269155207086e-01,1.000000000000000021e-03,0.000000000000000000e+00
-5.295638506876227947e-01,1.000000000000000021e-03,0.000000000000000000e+00
-5.270569744597251027e-01,1.000000000000000021e-03,0.000000000000000000e+00
-5.245500982318271888e-01,1.000000000000000021e-03,0.000000000000000000e+00
-5.220432220039292748e-01,1.000000000000000021e-03,0.000000000000000000e+00
-5.195363457760315828e-01,1.000000000000000021e-03,0.000000000000000000e+00
-5.170294695481336689e-01,1.000000000000000021e-03,0.000000000000000000e+00
-5.145225933202357549e-01,1.000000000000000021e-03,0.000000000000000000e+00
-5.120157170923380630e-01,1.000000000000000021e-03,0.000000000000000000e+00
-5.095088408644401490e-01,1.000000000000000021e-03,0.000000000000000000e+00
-5.070019646365422350e-01,1.000000000000000021e-03,0.000000000000000000e+00
-5.044950884086445431e-01,1.000000000000000021e-03,0.000000000000000000e+00
-5.019882121807466291e-01,1.000000000000000021e-03,0.000000000000000000e+00
-4.994813359528487151e-01,1.000000000000000021e-03,0.000000000000000000e+00
-4.969744597249510232e-01,1.000000000000000021e-03,0.000000000000000000e+00
-4.944675834970531092e-01,1.000000000000000021e-03,0.000000000000000000e+00
-4.919607072691551952e-01,1.000000000000000021e-03,0.000000000000000000e+00
-4.894538310412575033e-01,1.000000000000000021e-03,0.000000000000000000e+00
-4.869469548133595893e-01,1.000000000000000021e-03,0.000000000000000000e+00
-4.844400785854616753e-01,1.000000000000000021e-03,0.000000000000000000e+00
-4.819332023575639834e-01,1.000000000000000021e-03,0.000000000000000000e+00
-4.794263261296660694e-01,1.000000000000000021e-03,0.000000000000000000e+00
-4.769194499017681554e-01,1.000000000000000021e-03,0.000000000000000000e+00
-4.744125736738704635e-01,1.000000000000000021e-03,0.000000000000000000e+00
-4.719056974459725495e-01,1.000000000000000021e-03,0.000000000000000000e+00
-4.693988212180746356e-01,1.000000000000000021e-03,0.000000000000000000e+00
-4.668919449901769436e-01,1.000000000000000021e-03,0.000000000000000000e+00
-4.643850687622790296e-01,1.000000000000000021e-03,0.000000000000000000e+00
-4.618781925343811157e-01,1.000000000000000021e-03,0.000000000000000000e+00
-4.593713163064834237e-01,1.000000000000000021e-03,0.000000000000000000e+00
-4.568644400785855098e-01,1.000000000000000021e-03,0.000000000000000000e+00
-4.543575638506875958e-01,1.000000000000000021e-03,0.000000000000000000e+00
-4.518506876227899038e-01,1.000000000000000021e-03,0.000000000000000000e+00
-4.493438113948919899e-01,1.000000000000000021e-03,0.000000000000000000e+00
-4.468369351669940759e-01,1.000000000000000021e-03,0.000000000000000000e+00
-4.443300589390963840e-01,1.000000000000000021e-03,0.000000000000000000e+00
-4.418231827111984700e-01,1.000000000000000021e-03,0.000000000000000000e+00
-4.393163064833005560e-01,1.000000000000000021e-03,0.000000000000000000e+00
-4.368094302554028641e-01,1.000000000000000021e-03,0.000000000000000000e+00
-4.343025540275049501e-01,1.000000000000000021e-03,0.000000000000000000e+00
-4.317956777996070361e-01,1.000000000000000021e-03,0.000000000000000000e+00
-4.292888015717093442e-01,1.000000000000000021e-03,0.000000000000000000e+00
-4.267819253438114302e-01,1.000000000000000021e-03,0.000000000000000000e+00
-4.242750491159135162e-01,1.000000000000000021e-03,0.000000000000000000e+00
-4.217681728880158243e-01,1.000000000000000021e-03,0.000000000000000000e+00
-4.192612966601179103e-01,1.000000000000000021e-03,0.000000000000000000e+00
-4.167544204322199963e-01,1.000000000000000021e-03,0.000000000000000000e+00
-4.142475442043223044e-01,1.000000000000000021e-03,0.000000000000000000e+00
-4.117406679764243904e-01,1.000000000000000021e-03,0.000000000000000000e+00
-4.092337917485264764e-01,1.000000000000000021e-03,0.000000000000000000e+00
-4.067269155206287845e-01,1.000000000000000021e-03,0.000000000000000000e+00
-4.042200392927308705e-01,1.000000000000000021e-03,0.000000000000000000e+00
-4.017131630648331786e-01,1.000000000000000021e-03,0.000000000000000000e+00
-3.992062868369352646e-01,1.000000000000000021e-03,0.000000000000000000e+00
-3.966994106090373506e-01,1.000000000000000021e-03,0.000000000000000000e+00
-3.941925343811396587e-01,1.000000000000000021e-03,0.000000000000000000e+00
-3.916856581532417447e-01,1.000000000000000021e-03,0.000000000000000000e+00
-3.891787819253438307e-01,1.000000000000000021e-03,0.000000000000000000e+00
-3.866719056974461388e-01,1.000000000000000021e-03,0.000000000000000000e+00
-3.841650294695482248e-01,1.000000000000000021e-03,0.000000000000000000e+00
-3.816581532416503109e-01,1.000000000000000021e-03,0.000000000000000000e+00
-3.791512770137526189e-01,1.000000000000000021e-03,0.000000000000000000e+00
-3.766444007858547049e-01,1.000000000000000021e-03,0.000000000000000000e+00
-3.741375245579567910e-01,1.000000000000000021e-03,0.000000000000000000e+00
-3.716306483300590990e-01,1.000000000000000021e-03,0.000000000000000000e+00
-3.691237721021611851e-01,1.000000000000000021e-03,0.000000000000000000e+00
-3.666168958742632711e-01,1.000000000000000021e-03,0.000000000000000000e+00
-3.641100196463655791e-01,1.000000000000000021e-03,0.000000000000000000e+00
-3.616031434184676652e-01,1.000000000000000021e-03,0.000000000000000000e+00
-3.590962671905697512e-01,1.000000000000000021e-03,0.000000000000000000e+00
-3.565893909626720593e-01,1.000000000000000021e-03,0.000000000000000000e+00
-3.540825147347741453e-01,1.000000000000000021e-03,0.000000000000000000e+00
-3.515756385068762313e-01,1.000000000000000021e-03,0.000000000000000000e+00
-3.490687622789785394e-01,1.000000000000000021e-03,0.000000000000000000e+00
-3.465618860510806254e-01,1.000000000000000021e-03,0.000000000000000000e+00
-3.440550098231827114e-01,1.000000000000000021e-03,0.000000000000000000e+00
-3.415481335952850195e-01,1.000000000000000021e-03,0.000000000000000000e+00
-3.390412573673871055e-01,1.000000000000000021e-03,0.000000000000000000e+00
-3.365343811394891915e-01,1.000000000000000021e-03,0.000000000000000000e+00
-3.340275049115914996e-01,1.000000000000000021e-03,0.000000000000000000e+00
-3.315206286836935856e-01,1.000000000000000021e-03,0.000000000000000000e+00
-3.290137524557956716e-01,1.000000000000000021e-03,0.000000000000000000e+00
-3.265068762278979797e-01,1.000000000000000021e-03,0.000000000000000000e+00
-3.240000000000000102e-01,1.000000000000000021e-03,0.000000000000000000e+00
-3.240000000000000102e-01,1.000000000000000021e-03,-1.281657654457583340e-01
-3.214390243902439104e-01,1.000000000000000021e-03,-6.982732213264518373e-02
-3.188780487804878105e-01,1.000000000000000021e-03,-1.527067386818167782e-02
-3.163170731707317107e-01,1.000000000000000021e-03,3.550417934762811062e-02
-3.137560975609756109e-01,1.000000000000000021e-03,8.249723751479366707e-02
-3.111951219512195110e-01,1.000000000000000021e-03,1.257085006333054922e-01
-3.086341463414634112e-01,1.000000000000000021e-03,1.651379687031622745e-01
-3.060731707317073114e-01,1.000000000000000021e-03,2.007856417243734370e-01
-3.035121951219512115e-01,1.000000000000000021e-03,2.326515196969349830e-01
-3.009512195121951117e-01,1.000000000000000021e-03,2.607356026208441091e-01
-2.983902439024390119e-01,1.000000000000000021e-03,2.850378904961029525e-01
-2.958292682926829120e-01,1.000000000000000021e-03,3.055583833227099588e-01
-2.932682926829268677e-01,1.000000000000000021e-03,3.222970811006682923e-01
-2.907073170731707679e-01,1.000000000000000021e-03,3.352539838299747887e-01
-2.881463414634146680e-01,1.000000000000000021e-03,3.444290915106316131e-01
-2.855853658536585682e-01,1.000000000000000021e-03,3.498224041426380992e-01
-2.830243902439024684e-01,1.000000000000000021e-03,3.514339217259935810e-01
-2.804634146341463685e-01,1.000000000000000021e-03,3.492636442606994462e-01
-2.779024390243902687e-01,1.000000000000000021e-03,3.433115717467549732e-01
-2.753414634146341688e-01,1.000000000000000021e-03,3.335777041841560542e-01
-2.727804878048780690e-01,1.000000000000000021e-03,3.200620415729105717e-01
-2.702195121951219692e-01,1.000000000000000021e-03,3.027645839130154726e-01
-2.676585365853658693e-01,1.000000000000000021e-03,2.816853312044665936e-01
-2.650975609756097695e-01,1.000000000000000021e-03,2.568242834472687641e-01
-2.625365853658536697e-01,1.000000000000000021e-03,2.281814406414199303e-01
-2.599756097560975698e-01,1.000000000000000021e-03,1.957568027869210914e-01
-2.574146341463414700e-01,1.000000000000000021e-03,1.588649984754771094e-01
-2.548536585365853702e-01,1.000000000000000021e-03,1.130173202869971111e-01
-2.522926829268292703e-01,1.000000000000000021e-03,5.640729432072930788e-02
-2.497317073170731705e-01,1.000000000000000021e-03,-1.097002053569476852e-02
-2.471707317073170707e-01,1.000000000000000021e-03,-8.911462428227646948e-02
-2.446097560975609708e-01,1.000000000000000021e-03,-1.780265169190153041e-01
-2.420487804878048710e-01,1.000000000000000021e-03,-2.777056984459112532e-01
-2.394878048780487712e-01,1.000000000000000021e-03,-3.881521688629634426e-01
-2.369268292682926713e-01,1.000000000000000021e-03,-5.093659281701734542e-01
-2.343658536585365715e-01,1.000000000000000021e-03,-6.413469763675386792e-01
-2.318048780487804994e-01,1.000000000000000021e-03,-7.840953134550631143e-01
-2.292439024390243996e-01,1.000000000000000021e-03,-9.376109394327430957e-01
-2.266829268292682997e-01,1.000000000000000021e-03,-1.101893854300582731e+00
-2.241219512195121999e-01,1.000000000000000021e-03,-1.276944058058577580e+00
-2.215609756097561001e-01,1.000000000000000021e-03,-1.462761550706727975e+00
-2.190000000000000002e-01,1.000000000000000021e-03,0.000000000000000000e+00
-2.190000000000000002e-01,1.000000000000000021e-03,0.000000000000000000e+00
-2.164186046511628048e-01,1.000000000000000021e-03,0.000000000000000000e+00
-2.138372093023255816e-01,1.000000000000000021e-03,0.000000000000000000e+00
-2.112558139534883583e-01,1.000000000000000021e-03,0.000000000000000000e+00
-2.086744186046511629e-01,1.000000000000000021e-03,0.000000000000000000e+00
-2.060930232558139674e-01,1.000000000000000021e-03,0.000000000000000000e+00
-2.035116279069767442e-01,1.000000000000000021e-03,0.000000000000000000e+00
-2.009302325581395210e-01,1.000000000000000021e-03,0.000000000000000000e+00
-1.983488372093023255e-01,1.000000000000000021e-03,0.000000000000000000e+00
-1.957674418604651301e-01,1.000000000000000021e-03,0.000000000000000000e+00
-1.931860465116279069e-01,1.000000000000000021e-03,0.000000000000000000e+00
-1.906046511627906836e-01,1.000000000000000021e-03,0.000000000000000000e+00
-1.880232558139534882e-01,1.000000000000000021e-03,0.000000000000000000e+00
-1.854418604651162927e-01,1.000000000000000021e-03,0.000000000000000000e+00
-1.828604651162790695e-01,1.000000000000000021e-03,0.000000000000000000e+00
-1.802790697674418463e-01,1.000000000000000021e-03,0.000000000000000000e+00
-1.776976744186046508e-01,1.000000000000000021e-03,0.000000000000000000e+00
-1.751162790697674554e-01,1.000000000000000021e-03,0.000000000000000000e+00
-1.725348837209302322e-01,1.000000000000000021e-03,0.000000000000000000e+00
-1.699534883720930090e-01,1.000000000000000021e-03,0.000000000000000000e+00
-1.673720930232558135e-01,1.000000000000000021e-03,0.000000000000000000e+00
-1.647906976744186180e-01,1.000000000000000021e-03,0.000000000000000000e+00
-1.622093023255813948e-01,1.000000000000000021e-03,0.000000000000000000e+00
-1.596279069767441716e-01,1.000000000000000021e-03,0.000000000000000000e+00
-1.570465116279069762e-01,1.000000000000000021e-03,0.000000000000000000e+00
-1.544651162790697807e-01,1.000000000000000021e-03,0.000000000000000000e+00
-1.518837209302325575e-01,1.000000000000000021e-03,0.000000000000000000e+00
-1.493023255813953343e-01,1.000000000000000021e-03,0.000000000000000000e+00
-1.467209302325581388e-01,1.000000000000000021e-03,0.000000000000000000e+00
-1.441395348837209434e-01,1.000000000000000021e-03,0.000000000000000000e+00
-1.415581395348837201e-01,1.000000000000000021e-03,0.000000000000000000e+00
-1.389767441860464969e-01,1.000000000000000021e-03,0.000000000000000000e+00
-1.363953488372093015e-01,1.000000000000000021e-03,0.000000000000000000e+00
-1.338139534883721060e-01,1.000000000000000021e-03,0.000000000000000000e+00
-1.312325581395348828e-01,1.000000000000000021e-03,0.000000000000000000e+00
-1.286511627906976596e-01,1.000000000000000021e-03,0.000000000000000000e+00
-1.260697674418604641e-01,1.000000000000000021e-03,0.000000000000000000e+00
-1.234883720930232548e-01,1.000000000000000021e-03,0.000000000000000000e+00
-1.209069767441860455e-01,1.000000000000000021e-03,0.000000000000000000e+00
-1.183255813953488361e-01,1.000000000000000021e-03,0.000000000000000000e+00
-1.157441860465116268e-01,1.000000000000000021e-03,0.000000000000000000e+00
-1.131627906976744175e-01,1.000000000000000021e-03,0.000000000000000000e+00
-1.105813953488372081e-01,1.000000000000000021e-03,0.000000000000000000e+00
-1.079999999999999988e-01,1.000000000000000021e-03,0.000000000000000000e+00
-1.079999999999999988e-01,1.000000000000000021e-03,-1.123627148781145735e+01
-1.053478260869565170e-01,1.000000000000000021e-03,9.477561556160091882e+00
-1.026956521739130490e-01,1.000000000000000021e-03,-6.050038472051711302e+00
-1.000434782608695672e-01,1.000000000000000021e-03,2.342341964063292181e+01
-9.739130434782608536e-02,1.000000000000000021e-03,-1.904969756769576139e-01
-9.473913043478260354e-02,1.000000000000000021e-03,1.733252529556856603e+00
-9.208695652173912172e-02,1.000000000000000021e-03,2.485526234590883288e+00
-8.943478260869565377e-02,1.000000000000000021e-03,1.932454718978344310e+00
-8.678260869565217195e-02,1.000000000000000021e-03,1.600413135798893105e+00
-8.413043478260869013e-02,1.000000000000000021e-03,1.300273075955603153e+00
-8.147826086956522218e-02,1.000000000000000021e-03,1.032034539448380750e+00
-7.882608695652174036e-02,1.000000000000000021e-03,7.956975262772723045e-01
-7.617391304347825853e-02,1.000000000000000021e-03,5.912620364422763730e-01
-7.352173913043477671e-02,1.000000000000000021e-03,4.187280699433773012e-01
-7.086956521739129489e-02,1.000000000000000021e-03,2.780956267805869131e-01
-6.821739130434782694e-02,1.000000000000000021e-03,1.693647069539165606e-01
-6.556521739130434512e-02,1.000000000000000021e-03,9.253531046332355570e-02
-6.291304347826086329e-02,1.000000000000000021e-03,4.760743730885887148e-02
-6.026086956521738841e-02,1.000000000000000021e-03,3.458108749049604996e-02
-5.760869565217391353e-02,1.000000000000000021e-03,5.345626100823521604e-02
-5.495652173913043170e-02,1.000000000000000021e-03,1.042329578620764946e-01
-5.230434782608694988e-02,1.000000000000000021e-03,1.869111780520359978e-01
-4.965217391304347500e-02,1.000000000000000021e-03,3.014909215780868790e-01
-4.700000000000000011e-02,1.000000000000000021e-03,0.000000000000000000e+00
-4.466666666666666702e-02,1.000000000000000021e-03,0.000000000000000000e+00
-4.233333333333333393e-02,1.000000000000000021e-03,1.041783372951495590e+00
-4.000000000000000083e-02,1.000000000000000021e-03,-4.066282703651143415e-01
-3.747747747747747632e-02,1.000000000000000021e-03,-3.395889079081409467e-01
-3.495495495495495875e-02,1.000000000000000021e-03,-2.760563809414908198e-01
-3.243243243243243423e-02,1.000000000000000021e-03,-2.160306894651282117e-01
-2.990990990990990972e-02,1.000000000000000021e-03,-1.595118334790689707e-01
-2.738738738738738868e-02,1.000000000000000021e-03,-1.064998129833070600e-01
-2.486486486486486763e-02,1.000000000000000021e-03,-5.699462797780967954e-02
-2.234234234234234312e-02,1.000000000000000021e-03,-1.099627846265960503e-02
-1.981981981981982208e-02,1.000000000000000021e-03,3.149523556220942822e-02
-1.729729729729730103e-02,1.000000000000000021e-03,7.047991409679173203e-02
-1.477477477477477652e-02,1.000000000000000021e-03,1.059577571410656033e-01
-1.225225225225225548e-02,1.000000000000000021e-03,1.379287646950362600e-01
-9.729729729729734433e-03,1.000000000000000021e-03,1.663929367587310415e-01
-7.207207207207209920e-03,1.000000000000000021e-03,1.913502733321008897e-01
-4.684684684684685407e-03,1.000000000000000021e-03,2.128007744151957370e-01
-2.162162162162167833e-03,-2.162162162162167833e-03,2.307444400079642355e-01
3.603603603603566796e-04,1.000000000000000021e-03,2.451812701104577330e-01
2.882882882882881193e-03,1.000000000000000021e-03,2.561112647226543304e-01
5.405405405405398767e-03,1.000000000000000021e-03,2.635344238445298526e-01
7.927927927927923279e-03,1.000000000000000021e-03,2.674507474761304571e-01
1.045045045045044779e-02,1.000000000000000021e-03,2.678602356174231702e-01
1.297297297297296537e-02,1.000000000000000021e-03,2.647628882684113227e-01
1.549549549549548988e-02,1.000000000000000021e-03,2.581587054291190619e-01
1.801801801801801439e-02,1.000000000000000021e-03,2.480476870995023952e-01
2.054054054054053197e-02,1.000000000000000021e-03,2.344298332796197204e-01
2.306306306306305648e-02,1.000000000000000021e-03,2.173051439694236031e-01
2.558558558558558099e-02,1.000000000000000021e-03,1.966736191689078539e-01
2.810810810810810551e-02,1.000000000000000021e-03,1.725352588781219887e-01
3.063063063063063002e-02,1.000000000000000021e-03,1.448900630970337833e-01
3.315315315315314065e-02,1.000000000000000021e-03,1.137380318256408784e-01
3.567567567567566517e-02,1.000000000000000021e-03,7.907966870277122196e-02
3.819819819819818968e-02,1.000000000000000021e-03,4.221574184991768591e-02
4.072072072072071419e-02,1.000000000000000021e-03,7.262525312355209116e-03
4.324324324324323870e-02,1.000000000000000021e-03,-2.496769248600204730e-02
4.576576576576576322e-02,1.000000000000000021e-03,-5.447491154512108108e-02
4.828828828828828773e-02,1.000000000000000021e-03,-8.125913186499132690e-02
5.081081081081079837e-02,1.000000000000000021e-03,-1.053203534456499668e-01
5.333333333333332288e-02,1.000000000000000021e-03,-1.266585762870708065e-01
5.585585585585584739e-02,1.000000000000000021e-03,-1.452738003892644625e-01
5.837837837837837190e-02,1.000000000000000021e-03,-1.611660257522198603e-01
6.090090090090089642e-02,1.000000000000000021e-03,-1.743352523759485184e-01
6.342342342342341399e-02,1.000000000000000021e-03,-1.847814802604545170e-01
6.594594594594593850e-02,1.000000000000000021e-03,-1.925047094057062425e-01
6.846846846846846302e-02,1.000000000000000021e-03,-1.975049398117472432e-01
7.099099099099098753e-02,1.000000000000000021e-03,-1.997821714785445457e-01
7.351351351351351204e-02,1.000000000000000021e-03,-1.993364044061201046e-01
7.603603603603603656e-02,1.000000000000000021e-03,-1.961676385944574330e-01
7.855855855855856107e-02,1.000000000000000021e-03,-1.902758740435586404e-01
8.108108108108105783e-02,1.000000000000000021e-03,-1.816611107534504277e-01
8.360360360360358234e-02,1.000000000000000021e-03,-1.703233487240841115e-01
8.612612612612610685e-02,1.000000000000000021e-03,-1.562625879555015473e-01
8.864864864864863137e-02,1.000000000000000021e-03,-1.394788284476917717e-01
9.117117117117115588e-02,1.000000000000000021e-03,-1.199720702006327466e-01
9.369369369369368039e-02,1.000000000000000021e-03,-9.774231321434651010e-02
9.621621621621620490e-02,1.000000000000000021e-03,-7.278955748885505839e-02
9.873873873873872942e-02,1.000000000000000021e-03,-4.511380302410337301e-02
1.012612612612612539e-01,1.000000000000000021e-03,-1.471504982012997002e-02
1.037837837837837784e-01,1.000000000000000021e-03,1.840670212308186462e-02
1.063063063063062752e-01,1.000000000000000021e-03,5.425145280551501442e-02
1.088288288288287997e-01,1.000000000000000021e-03,9.169170679867387486e-02
1.113513513513513242e-01,1.000000000000000021e-03,1.251962586353366491e-01
1.138738738738738487e-01,1.000000000000000021e-03,1.530717032539354316e-01
1.163963963963963733e-01,1.000000000000000021e-03,1.753176056896756929e-01
1.189189189189188978e-01,1.000000000000000021e-03,1.919339659426289313e-01
1.214414414414414223e-01,1.000000000000000021e-03,2.029207840127621731e-01
1.239639639639639468e-01,1.000000000000000021e-03,2.082780599000478849e-01
1.264864864864864713e-01,1.000000000000000021e-03,2.080057936045300870e-01
1.290090090090089958e-01,1.000000000000000021e-03,2.021039851261757780e-01
1.315315315315315203e-01,1.000000000000000021e-03,1.905726344650014448e-01
1.340540540540540448e-01,1.000000000000000021e-03,1.734117416210015639e-01
1.365765765765765694e-01,1.000000000000000021e-03,1.506213065941943707e-01
1.390990990990990661e-01,1.000000000000000021e-03,1.222013293845473220e-01
1.416216216216215906e-01,1.000000000000000021e-03,8.815180999208192814e-02
1.441441441441441151e-01,1.000000000000000021e-03,4.850698258646210514e-02
1.466666666666666397e-01,1.000000000000000021e-03,3.673540560496183199e-03
1.491891891891891642e-01,1.000000000000000021e-03,-4.608193184306978024e-02
1.517117117117116887e-01,1.000000000000000021e-03,-1.007547989230381802e-01
1.542342342342342132e-01,1.000000000000000021e-03,-1.603450606794640243e-01
1.567567567567567377e-01,1.000000000000000021e-03,-2.248527171123363422e-01
1.592792792792792622e-01,1.000000000000000021e-03,-2.942777682216330959e-01
1.618018018018017867e-01,1.000000000000000021e-03,-3.686202140073707723e-01
1.643243243243243112e-01,1.000000000000000021e-03,-4.478800544695604180e-01
1.668468468468468358e-01,1.000000000000000021e-03,-5.320572896081909864e-01
1.693693693693693603e-01,1.000000000000000021e-03,-6.211519194232418828e-01
1.718918918918918570e-01,1.000000000000000021e-03,-7.151639439147474686e-01
1.744144144144143815e-01,1.000000000000000021e-03,-8.140933630826788781e-01
1.769369369369369061e-01,1.000000000000000021e-03,-9.179401769270567613e-01
1.794594594594594306e-01,1.000000000000000021e-03,-1.026704385447881007e+00
1.819819819819819551e-01,1.000000000000000021e-03,-1.132032834408779332e+00
1.845045045045044796e-01,1.000000000000000021e-03,-1.199789174123431001e+00
1.870270270270270041e-01,1.000000000000000021e-03,-1.221254482079396908e+00
1.895495495495495286e-01,1.000000000000000021e-03,-1.196428755166336177e+00
1.920720720720720531e-01,1.000000000000000021e-03,-1.125311993384256803e+00
1.945945945945945776e-01,1.000000000000000021e-03,-1.007904196733140134e+00
1.971171171171171022e-01,1.000000000000000021e-03,-8.442053652130186991e-01
1.996396396396396267e-01,1.000000000000000021e-03,-6.342154988238610791e-01
2.021621621621621234e-01,1.000000000000000021e-03,-3.779345975656822065e-01
2.046846846846846479e-01,1.000000000000000021e-03,-8.622124490593337243e-02
2.072072072072071725e-01,1.000000000000000021e-03,1.775142306267972758e-01
2.097297297297296970e-01,1.000000000000000021e-03,3.903200126654655100e-01
2.122522522522522215e-01,1.000000000000000021e-03,5.521644435322995426e-01
2.147747747747747737e-01,1.000000000000000021e-03,6.630475232272999841e-01
2.172972972972972705e-01,1.000000000000000021e-03,7.229692517504979765e-01
2.198198198198197673e-01,1.000000000000000021e-03,7.319296291018484446e-01
2.223423423423423195e-01,1.000000000000000021e-03,6.899286552813749251e-01
2.248648648648648163e-01,1.000000000000000021e-03,5.969663302891010659e-01
2.273873873873873686e-01,1.000000000000000021e-03,4.530426541249752415e-01
2.299099099099098653e-01,1.000000000000000021e-03,2.581576267890403065e-01
2.324324324324324176e-01,1.000000000000000021e-03,1.231124828127703151e-02
2.349549549549549143e-01,1.000000000000000021e-03,-2.844964813983144603e-01
2.374774774774774666e-01,1.000000000000000021e-03,-6.322655622497291850e-01
2.399999999999999911e-01,1.000000000000000021e-03,0.000000000000000000e+00
2.399999999999999911e-01,1.000000000000000021e-03,0.000000000000000000e+00
2.429999999999999938e-01,1.000000000000000021e-03,0.000000000000000000e+00
2.459999999999999964e-01,1.000000000000000021e-03,0.000000000000000000e+00
2.489999999999999991e-01,1.000000000000000021e-03,0.000000000000000000e+00
2.489999999999999991e-01,1.000000000000000021e-03,-3.817581731549061774e-01
2.516923076923077152e-01,1.000000000000000021e-03,-2.208334337032725747e-01
2.543846153846153757e-01,1.000000000000000021e-03,-1.317447110347808037e-01
2.570769230769230917e-01,1.000000000000000021e-03,-1.144920051494365543e-01
2.597692307692307523e-01,1.000000000000000021e-03,-1.690753160472411309e-01
2.624615384615384683e-01,1.000000000000000021e-03,-2.954946437281896210e-01
2.651538461538461289e-01,1.000000000000000021e-03,-4.937499881922975398e-01
2.678461538461538449e-01,1.000000000000000021e-03,-7.638413494395523973e-01
2.705384615384615055e-01,1.000000000000000021e-03,-1.105768727469944812e+00
2.732307692307692215e-01,1.000000000000000021e-03,-1.519532122283493880e+00
2.759230769230768820e-01,1.000000000000000021e-03,-2.005131533880180505e+00
2.786153846153845981e-01,1.000000000000000021e-03,-2.562566962260029779e+00
2.813076923076922586e-01,1.000000000000000021e-03,-3.191838407423018609e+00
2.839999999999999747e-01,1.000000000000000021e-03,0.000000000000000000e+00
2.839999999999999747e-01,1.000000000000000021e-03,0.000000000000000000e+00
2.865066666666666317e-01,1.000000000000000021e-03,0.000000000000000000e+00
2.890133333333332888e-01,1.000000000000000021e-03,0.000000000000000000e+00
2.915200000000000014e-01,1.000000000000000021e-03,0.000000000000000000e+00
2.940266666666666584e-01,1.000000000000000021e-03,0.000000000000000000e+00
2.965333333333333155e-01,1.000000000000000021e-03,0.000000000000000000e+00
2.990399999999999725e-01,1.000000000000000021e-03,0.000000000000000000e+00
3.015466666666666296e-01,1.000000000000000021e-03,0.000000000000000000e+00
3.040533333333332866e-01,1.000000000000000021e-03,0.000000000000000000e+00
3.065599999999999992e-01,1.000000000000000021e-03,0.000000000000000000e+00
3.090666666666666562e-01,1.000000000000000021e-03,0.000000000000000000e+00
3.115733333333333133e-01,1.000000000000000021e-03,0.000000000000000000e+00
3.140799999999999703e-01,1.000000000000000021e-03,0.000000000000000000e+00
3.165866666666666274e-01,1.000000000000000021e-03,0.000000000000000000e+00
3.190933333333332844e-01,1.000000000000000021e-03,0.000000000000000000e+00
3.215999999999999970e-01,1.000000000000000021e-03,0.000000000000000000e+00
3.241066666666666540e-01,1.000000000000000021e-03,0.000000000000000000e+00
3.266133333333333111e-01,1.000000000000000021e-03,0.000000000000000000e+00
3.291199999999999681e-01,1.000000000000000021e-03,0.000000000000000000e+00
3.316266666666666252e-01,1.000000000000000021e-03,0.000000000000000000e+00
3.341333333333332822e-01,1.000000000000000021e-03,0.000000000000000000e+00
3.366399999999999948e-01,1.000000000000000021e-03,0.000000000000000000e+00
3.391466666666666518e-01,1.000000000000000021e-03,0.000000000000000000e+00
3.416533333333333089e-01,1.000000000000000021e-03,0.000000000000000000e+00
3.441599999999999659e-01,1.000000000000000021e-03,0.000000000000000000e+00
3.466666666666666230e-01,1.000000000000000021e-03,0.000000000000000000e+00
3.491733333333333356e-01,1.000000000000000021e-03,0.000000000000000000e+00
3.516799999999999926e-01,1.000000000000000021e-03,0.000000000000000000e+00
3.541866666666666497e-01,1.000000000000000021e-03,0.000000000000000000e+00
3.566933333333333067e-01,1.000000000000000021e-03,0.000000000000000000e+00
3.591999999999999638e-01,1.000000000000000021e-03,0.000000000000000000e+00
3.617066666666666208e-01,1.000000000000000021e-03,0.000000000000000000e+00
3.642133333333332779e-01,1.000000000000000021e-03,0.000000000000000000e+00
3.667199999999999904e-01,1.000000000000000021e-03,0.000000000000000000e+00
3.692266666666666475e-01,1.000000000000000021e-03,0.000000000000000000e+00
3.717333333333333045e-01,1.000000000000000021e-03,0.000000000000000000e+00
3.742399999999999616e-01,1.000000000000000021e-03,0.000000000000000000e+00
3.767466666666666186e-01,1.000000000000000021e-03,0.000000000000000000e+00
3.792533333333333312e-01,1.000000000000000021e-03,0.000000000000000000e+00
3.817599999999999882e-01,1.000000000000000021e-03,0.000000000000000000e+00
3.842666666666666453e-01,1.000000000000000021e-03,0.000000000000000000e+00
3.867733333333333023e-01,1.000000000000000021e-03,0.000000000000000000e+00
3.892799999999999594e-01,1.000000000000000021e-03,0.000000000000000000e+00
3.917866666666666164e-01,1.000000000000000021e-03,0.000000000000000000e+00
3.942933333333332735e-01,1.000000000000000021e-03,0.000000000000000000e+00
3.967999999999999861e-01,1.000000000000000021e-03,0.000000000000000000e+00
3.993066666666666431e-01,1.000000000000000021e-03,0.000000000000000000e+00
4.018133333333333002e-01,1.000000000000000021e-03,0.000000000000000000e+00
4.043199999999999572e-01,1.000000000000000021e-03,0.000000000000000000e+00
4.068266666666666698e-01,1.000000000000000021e-03,0.000000000000000000e+00
4.093333333333333268e-01,1.000000000000000021e-03,0.000000000000000000e+00
4.118399999999999839e-01,1.000000000000000021e-03,0.000000000000000000e+00
4.143466666666666409e-01,1.000000000000000021e-03,0.000000000000000000e+00
4.168533333333332980e-01,1.000000000000000021e-03,0.000000000000000000e+00
4.193599999999999550e-01,1.000000000000000021e-03,0.000000000000000000e+00
4.218666666666666121e-01,1.000000000000000021e-03,0.000000000000000000e+00
4.243733333333332691e-01,1.000000000000000021e-03,0.000000000000000000e+00
4.268799999999999817e-01,1.000000000000000021e-03,0.000000000000000000e+00
4.293866666666666387e-01,1.000000000000000021e-03,0.000000000000000000e+00
4.318933333333332958e-01,1.000000000000000021e-03,0.000000000000000000e+00
4.344000000000000083e-01,1.000000000000000021e-03,0.000000000000000000e+00
4.369066666666666654e-01,1.000000000000000021e-03,0.000000000000000000e+00
4.394133333333333225e-01,1.000000000000000021e-03,0.000000000000000000e+00
4.419199999999999795e-01,1.000000000000000021e-03,0.000000000000000000e+00
4.444266666666666366e-01,1.000000000000000021e-03,0.000000000000000000e+00
4.469333333333332936e-01,1.000000000000000021e-03,0.000000000000000000e+00
4.494399999999999507e-01,1.000000000000000021e-03,0.000000000000000000e+00
4.519466666666666077e-01,1.000000000000000021e-03,0.000000000000000000e+00
4.544533333333332648e-01,1.000000000000000021e-03,0.000000000000000000e+00
4.569599999999999773e-01,1.000000000000000021e-03,0.000000000000000000e+00
4.594666666666666344e-01,1.000000000000000021e-03,0.000000000000000000e+00
4.619733333333332914e-01,1.000000000000000021e-03,0.000000000000000000e+00
4.644800000000000040e-01,1.000000000000000021e-03,0.000000000000000000e+00
4.669866666666666610e-01,1.000000000000000021e-03,0.000000000000000000e+00
4.694933333333333181e-01,1.000000000000000021e-03,0.000000000000000000e+00
4.719999999999999751e-01,1.000000000000000021e-03,0.000000000000000000e+00
4.745066666666666322e-01,1.000000000000000021e-03,0.000000000000000000e+00
4.770133333333332892e-01,1.000000000000000021e-03,0.000000000000000000e+00
4.795199999999999463e-01,1.000000000000000021e-03,0.000000000000000000e+00
4.820266666666666033e-01,1.000000000000000021e-03,0.000000000000000000e+00
4.845333333333333159e-01,1.000000000000000021e-03,0.000000000000000000e+00
4.870399999999999729e-01,1.000000000000000021e-03,0.000000000000000000e+00
4.895466666666666300e-01,1.000000000000000021e-03,0.000000000000000000e+00
4.920533333333333426e-01,1.000000000000000021e-03,0.000000000000000000e+00
4.945599999999999996e-01,1.000000000000000021e-03,0.000000000000000000e+00
4.970666666666666567e-01,1.000000000000000021e-03,0.000000000000000000e+00
4.995733333333333137e-01,1.000000000000000021e-03,0.000000000000000000e+00
5.020799999999999708e-01,1.000000000000000021e-03,0.000000000000000000e+00
5.045866666666666278e-01,1.000000000000000021e-03,0.000000000000000000e+00
5.070933333333332849e-01,1.000000000000000021e-03,0.000000000000000000e+00
5.095999999999999419e-01,1.000000000000000021e-03,0.000000000000000000e+00
5.121066666666665990e-01,1.000000000000000021e-03,0.000000000000000000e+00
5.146133333333333670e-01,1.000000000000000021e-03,0.000000000000000000e+00
5.171200000000000241e-01,1.000000000000000021e-03,0.000000000000000000e+00
5.196266666666666811e-01,1.000000000000000021e-03,0.000000000000000000e+00
5.221333333333333382e-01,1.000000000000000021e-03,0.000000000000000000e+00
5.246399999999999952e-01,1.000000000000000021e-03,0.000000000000000000e+00
5.271466666666666523e-01,1.000000000000000021e-03,0.000000000000000000e+00
5.296533333333333093e-01,1.000000000000000021e-03,0.000000000000000000e+00
5.321599999999999664e-01,1.000000000000000021e-03,0.000000000000000000e+00
5.346666666666666234e-01,1.000000000000000021e-03,0.000000000000000000e+00
5.371733333333332805e-01,1.000000000000000021e-03,0.000000000000000000e+00
5.396799999999999375e-01,1.000000000000000021e-03,0.000000000000000000e+00
5.421866666666665946e-01,1.000000000000000021e-03,0.000000000000000000e+00
5.446933333333332516e-01,1.000000000000000021e-03,0.000000000000000000e+00
5.471999999999999087e-01,1.000000000000000021e-03,0.000000000000000000e+00
5.497066666666665657e-01,1.000000000000000021e-03,0.000000000000000000e+00
5.522133333333332228e-01,1.000000000000000021e-03,0.000000000000000000e+00
5.547199999999999909e-01,1.000000000000000021e-03,0.000000000000000000e+00
5.572266666666666479e-01,1.000000000000000021e-03,0.000000000000000000e+00
5.597333333333333050e-01,1.000000000000000021e-03,0.000000000000000000e+00
5.622399999999999620e-01,1.000000000000000021e-03,0.000000000000000000e+00
5.647466666666666191e-01,1.000000000000000021e-03,0.000000000000000000e+00
5.672533333333332761e-01,1.000000000000000021e-03,0.000000000000000000e+00
5.697600000000000442e-01,1.000000000000000021e-03,0.000000000000000000e+00
5.722666666666667012e-01,1.000000000000000021e-03,0.000000000000000000e+00
5.747733333333333583e-01,1.000000000000000021e-03,0.000000000000000000e+00
5.772800000000000153e-01,1.000000000000000021e-03,0.000000000000000000e+00
5.797866666666666724e-01,1.000000000000000021e-03,0.000000000000000000e+00
5.822933333333333294e-01,1.000000000000000021e-03,0.000000000000000000e+00
5.847999999999999865e-01,1.000000000000000021e-03,0.000000000000000000e+00
5.873066666666666436e-01,1.000000000000000021e-03,0.000000000000000000e+00
5.898133333333333006e-01,1.000000000000000021e-03,0.000000000000000000e+00
5.923199999999999577e-01,1.000000000000000021e-03,0.000000000000000000e+00
5.948266666666666147e-01,1.000000000000000021e-03,0.000000000000000000e+00
5.973333333333332718e-01,1.000000000000000021e-03,0.000000000000000000e+00
5.998399999999999288e-01,1.000000000000000021e-03,0.000000000000000000e+00
6.023466666666665859e-01,1.000000000000000021e-03,0.000000000000000000e+00
6.048533333333332429e-01,1.000000000000000021e-03,0.000000000000000000e+00
6.073599999999999000e-01,1.000000000000000021e-03,0.000000000000000000e+00
6.098666666666665570e-01,1.000000000000000021e-03,0.000000000000000000e+00
6.123733333333333251e-01,1.000000000000000021e-03,0.000000000000000000e+00
6.148799999999999821e-01,1.000000000000000021e-03,0.000000000000000000e+00
6.173866666666666392e-01,1.000000000000000021e-03,0.000000000000000000e+00
6.198933333333332962e-01,1.000000000000000021e-03,0.000000000000000000e+00
6.223999999999999533e-01,1.000000000000000021e-03,0.000000000000000000e+00
6.249066666666666103e-01,1.000000000000000021e-03,0.000000000000000000e+00
6.274133333333333784e-01,1.000000000000000021e-03,0.000000000000000000e+00
6.299200000000000355e-01,1.000000000000000021e-03,0.000000000000000000e+00
6.324266666666666925e-01,1.000000000000000021e-03,0.000000000000000000e+00
6.349333333333333496e-01,1.000000000000000021e-03,0.000000000000000000e+00
6.374400000000000066e-01,1.000000000000000021e-03,0.000000000000000000e+00
6.399466666666666637e-01,1.000000000000000021e-03,0.000000000000000000e+00
6.424533333333333207e-01,1.000000000000000021e-03,0.000000000000000000e+00
6.449599999999999778e-01,1.000000000000000021e-03,0.000000000000000000e+00
6.474666666666666348e-01,1.000000000000000021e-03,0.000000000000000000e+00
6.499733333333332919e-01,1.000000000000000021e-03,0.000000000000000000e+00
6.524799999999999489e-01,1.000000000000000021e-03,0.000000000000000000e+00
6.549866666666666060e-01,1.000000000000000021e-03,0.000000000000000000e+00
6.574933333333332630e-01,1.000000000000000021e-03,0.000000000000000000e+00
6.599999999999999201e-01,1.000000000000000021e-03,0.000000000000000000e+00
6.625066666666665771e-01,1.000000000000000021e-03,0.000000000000000000e+00
6.650133333333332342e-01,1.000000000000000021e-03,0.000000000000000000e+00
6.675199999999998912e-01,1.000000000000000021e-03,0.000000000000000000e+00
6.700266666666665483e-01,1.000000000000000021e-03,0.000000000000000000e+00
6.725333333333333163e-01,1.000000000000000021e-03,0.000000000000000000e+00
6.750399999999999734e-01,1.000000000000000021e-03,0.000000000000000000e+00
6.775466666666666304e-01,1.000000000000000021e-03,0.000000000000000000e+00
6.800533333333332875e-01,1.000000000000000021e-03,0.000000000000000000e+00
6.825599999999999445e-01,1.000000000000000021e-03,0.000000000000000000e+00
6.850666666666667126e-01,1.000000000000000021e-03,0.000000000000000000e+00
6.875733333333333697e-01,1.000000000000000021e-03,0.000000000000000000e+00
6.900800000000000267e-01,1.000000000000000021e-03,0.000000000000000000e+00
6.925866666666666838e-01,1.000000000000000021e-03,0.000000000000000000e+00
6.950933333333333408e-01,1.000000000000000021e-03,0.000000000000000000e+00
6.975999999999999979e-01,1.000000000000000021e-03,0.000000000000000000e+00
7.001066666666666549e-01,1.000000000000000021e-03,0.000000000000000000e+00
7.026133333333333120e-01,1.000000000000000021e-03,0.000000000000000000e+00
7.051199999999999690e-01,1.000000000000000021e-03,0.000000000000000000e+00
7.076266666666666261e-01,1.000000000000000021e-03,0.000000000000000000e+00
7.101333333333332831e-01,1.000000000000000021e-03,0.000000000000000000e+00
7.126399999999999402e-01,1.000000000000000021e-03,0.000000000000000000e+00
7.151466666666665972e-01,1.000000000000000021e-03,0.000000000000000000e+00
7.176533333333332543e-01,1.000000000000000021e-03,0.000000000000000000e+00
7.201599999999999113e-01,1.000000000000000021e-03,0.000000000000000000e+00
7.226666666666665684e-01,1.000000000000000021e-03,0.000000000000000000e+00
7.251733333333332254e-01,1.000000000000000021e-03,0.000000000000000000e+00
7.276799999999998825e-01,1.000000000000000021e-03,0.000000000000000000e+00
7.301866666666666505e-01,1.000000000000000021e-03,0.000000000000000000e+00
7.326933333333333076e-01,1.000000000000000021e-03,0.000000000000000000e+00
7.351999999999999647e-01,1.000000000000000021e-03,0.000000000000000000e+00
7.377066666666666217e-01,1.000000000000000021e-03,0.000000000000000000e+00
7.402133333333332788e-01,1.000000000000000021e-03,0.000000000000000000e+00
7.427199999999999358e-01,1.000000000000000021e-03,0.000000000000000000e+00
7.452266666666667039e-01,1.000000000000000021e-03,0.000000000000000000e+00
7.477333333333333609e-01,1.000000000000000021e-03,0.000000000000000000e+00
7.502400000000000180e-01,1.000000000000000021e-03,0.000000000000000000e+00
7.527466666666666750e-01,1.000000000000000021e-03,0.000000000000000000e+00
7.552533333333333321e-01,1.000000000000000021e-03,0.000000000000000000e+00
7.577599999999999891e-01,1.000000000000000021e-03,0.000000000000000000e+00
7.602666666666666462e-01,1.000000000000000021e-03,0.000000000000000000e+00
7.627733333333333032e-01,1.000000000000000021e-03,0.000000000000000000e+00
7.652799999999999603e-01,1.000000000000000021e-03,0.000000000000000000e+00
7.677866666666666173e-01,1.000000000000000021e-03,0.000000000000000000e+00
7.702933333333332744e-01,1.000000000000000021e-03,0.000000000000000000e+00
7.727999999999999314e-01,1.000000000000000021e-03,0.000000000000000000e+00
7.753066666666665885e-01,1.000000000000000021e-03,0.000000000000000000e+00
7.778133333333332455e-01,1.000000000000000021e-03,0.000000000000000000e+00
7.803199999999999026e-01,1.000000000000000021e-03,0.000000000000000000e+00
7.828266666666665596e-01,1.000000000000000021e-03,0.000000000000000000e+00
7.853333333333332167e-01,1.000000000000000021e-03,0.000000000000000000e+00
7.878399999999998737e-01,1.000000000000000021e-03,0.000000000000000000e+00
7.903466666666665308e-01,1.000000000000000021e-03,0.000000000000000000e+00
7.928533333333331878e-01,1.000000000000000021e-03,0.000000000000000000e+00
7.953600000000000669e-01,1.000000000000000021e-03,0.000000000000000000e+00
7.978666666666667240e-01,1.000000000000000021e-03,0.000000000000000000e+00
8.003733333333333810e-01,1.000000000000000021e-03,0.000000000000000000e+00
8.028800000000000381e-01,1.000000000000000021e-03,0.000000000000000000e+00
8.053866666666666951e-01,1.000000000000000021e-03,0.000000000000000000e+00
8.078933333333333522e-01,1.000000000000000021e-03,0.000000000000000000e+00
8.104000000000000092e-01,1.000000000000000021e-03,0.000000000000000000e+00
8.129066666666666663e-01,1.000000000000000021e-03,0.000000000000000000e+00
8.154133333333333233e-01,1.000000000000000021e-03,0.000000000000000000e+00
8.179199999999999804e-01,1.000000000000000021e-03,0.000000000000000000e+00
8.204266666666666374e-01,1.000000000000000021e-03,0.000000000000000000e+00
8.229333333333332945e-01,1.000000000000000021e-03,0.000000000000000000e+00
8.254399999999999515e-01,1.000000000000000021e-03,0.000000000000000000e+00
8.279466666666666086e-01,1.000000000000000021e-03,0.000000000000000000e+00
8.304533333333332656e-01,1.000000000000000021e-03,0.000000000000000000e+00
8.329599999999999227e-01,1.000000000000000021e-03,0.000000000000000000e+00
8.354666666666665797e-01,1.000000000000000021e-03,0.000000000000000000e+00
8.379733333333332368e-01,1.000000000000000021e-03,0.000000000000000000e+00
8.404799999999998938e-01,1.000000000000000021e-03,0.000000000000000000e+00
8.429866666666665509e-01,1.000000000000000021e-03,0.000000000000000000e+00
8.454933333333332079e-01,1.000000000000000021e-03,0.000000000000000000e+00
8.479999999999998650e-01,1.000000000000000021e-03,0.000000000000000000e+00
8.505066666666665220e-01,1.000000000000000021e-03,0.000000000000000000e+00
8.530133333333334011e-01,1.000000000000000021e-03,0.000000000000000000e+00
8.555200000000000582e-01,1.000000000000000021e-03,0.000000000000000000e+00
8.580266666666667152e-01,1.000000000000000021e-03,0.000000000000000000e+00
8.605333333333333723e-01,1.000000000000000021e-03,0.000000000000000000e+00
8.630400000000000293e-01,1.000000000000000021e-03,0.000000000000000000e+00
8.655466666666666864e-01,1.000000000000000021e-03,0.000000000000000000e+00
8.680533333333333434e-01,1.000000000000000021e-03,0.000000000000000000e+00
8.705600000000000005e-01,1.000000000000000021e-03,0.000000000000000000e+00
8.730666666666666575e-01,1.000000000000000021e-03,0.000000000000000000e+00
8.755733333333333146e-01,1.000000000000000021e-03,0.000000000000000000e+00
8.780799999999999716e-01,1.000000000000000021e-03,0.000000000000000000e+00
8.805866666666666287e-01,1.000000000000000021e-03,0.000000000000000000e+00
8.830933333333332858e-01,1.000000000000000021e-03,0.000000000000000000e+00
8.855999999999999428e-01,1.000000000000000021e-03,0.000000000000000000e+00
8.881066666666665999e-01,1.000000000000000021e-03,0.000000000000000000e+00
8.906133333333332569e-01,1.000000000000000021e-03,0.000000000000000000e+00
8.931199999999999140e-01,1.000000000000000021e-03,0.000000000000000000e+00
8.956266666666665710e-01,1.000000000000000021e-03,0.000000000000000000e+00
8.981333333333332281e-01,1.000000000000000021e-03,0.000000000000000000e+00
9.006399999999998851e-01,1.000000000000000021e-03,0.000000000000000000e+00
9.031466666666665422e-01,1.000000000000000021e-03,0.000000000000000000e+00
9.056533333333331992e-01,1.000000000000000021e-03,0.000000000000000000e+00
9.081599999999998563e-01,1.000000000000000021e-03,0.000000000000000000e+00
9.106666666666665133e-01,1.000000000000000021e-03,0.000000000000000000e+00
9.131733333333333924e-01,1.000000000000000021e-03,0.000000000000000000e+00
9.156800000000000495e-01,1.000000000000000021e-03,0.000000000000000000e+00
9.181866666666667065e-01,1.000000000000000021e-03,0.000000000000000000e+00
9.206933333333333636e-01,1.000000000000000021e-03,0.000000000000000000e+00
9.232000000000000206e-01,1.000000000000000021e-03,0.000000000000000000e+00
9.257066666666666777e-01,1.000000000000000021e-03,0.000000000000000000e+00
9.282133333333333347e-01,1.000000000000000021e-03,0.000000000000000000e+00
9.307199999999999918e-01,1.000000000000000021e-03,0.000000000000000000e+00
9.332266666666666488e-01,1.000000000000000021e-03,0.000000000000000000e+00
9.357333333333333059e-01,1.000000000000000021e-03,0.000000000000000000e+00
9.382399999999999629e-01,1.000000000000000021e-03,0.000000000000000000e+00
9.407466666666666200e-01,1.000000000000000021e-03,0.000000000000000000e+00
9.432533333333332770e-01,1.000000000000000021e-03,0.000000000000000000e+00
9.457599999999999341e-01,1.000000000000000021e-03,0.000000000000000000e+00
9.482666666666665911e-01,1.000000000000000021e-03,0.000000000000000000e+00
9.507733333333332482e-01,1.000000000000000021e-03,0.000000000000000000e+00
9.532799999999999052e-01,1.000000000000000021e-03,0.000000000000000000e+00
9.557866666666665623e-01,1.000000000000000021e-03,0.000000000000000000e+00
9.582933333333332193e-01,1.000000000000000021e-03,0.000000000000000000e+00
9.607999999999998764e-01,1.000000000000000021e-03,0.000000000000000000e+00
9.633066666666665334e-01,1.000000000000000021e-03,0.000000000000000000e+00
9.658133333333331905e-01,1.000000000000000021e-03,0.000000000000000000e+00
9.683199999999998475e-01,1.000000000000000021e-03,0.000000000000000000e+00
9.708266666666667266e-01,1.000000000000000021e-03,0.000000000000000000e+00
9.733333333333333837e-01,1.000000000000000021e-03,0.000000000000000000e+00
9.758400000000000407e-01,1.000000000000000021e-03,0.000000000000000000e+00
9.783466666666666978e-01,1.000000000000000021e-03,0.000000000000000000e+00
9.808533333333333548e-01,1.000000000000000021e-03,0.000000000000000000e+00
9.833600000000000119e-01,1.000000000000000021e-03,0.000000000000000000e+00
9.858666666666666689e-01,1.000000000000000021e-03,0.000000000000000000e+00
9.883733333333333260e-01,1.000000000000000021e-03,0.000000000000000000e+00
9.908799999999999830e-01,1.000000000000000021e-03,0.000000000000000000e+00
9.933866666666666401e-01,1.000000000000000021e-03,0.000000000000000000e+00
9.958933333333332971e-01,1.000000000000000021e-03,0.000000000000000000e+00
9.983999999999999542e-01,1.000000000000000021e-03,0.000000000000000000e+00
1.000906666666666611e+00,1.000000000000000021e-03,0.000000000000000000e+00
1.003413333333333268e+00,1.000000000000000021e-03,0.000000000000000000e+00
1.005919999999999925e+00,1.000000000000000021e-03,0.000000000000000000e+00
1.008426666666666582e+00,1.000000000000000021e-03,0.000000000000000000e+00
1.010933333333333239e+00,1.000000000000000021e-03,0.000000000000000000e+00
1.013439999999999896e+00,1.000000000000000021e-03,0.000000000000000000e+00
1.015946666666666554e+00,1.000000000000000021e-03,0.000000000000000000e+00
1.018453333333333211e+00,1.000000000000000021e-03,0.000000000000000000e+00
1.020959999999999868e+00,1.000000000000000021e-03,0.000000000000000000e+00
1.023466666666666525e+00,1.000000000000000021e-03,0.000000000000000000e+00
1.025973333333333182e+00,1.000000000000000021e-03,0.000000000000000000e+00
1.028480000000000061e+00,1.000000000000000021e-03,0.000000000000000000e+00
1.030986666666666718e+00,1.000000000000000021e-03,0.000000000000000000e+00
1.033493333333333375e+00,1.000000000000000021e-03,0.000000000000000000e+00
1.036000000000000032e+00,1.000000000000000021e-03,0.000000000000000000e+00
1.038506666666666689e+00,1.000000000000000021e-03,0.000000000000000000e+00
1.041013333333333346e+00,1.000000000000000021e-03,0.000000000000000000e+00
1.043520000000000003e+00,1.000000000000000021e-03,0.000000000000000000e+00
1.046026666666666660e+00,1.000000000000000021e-03,0.000000000000000000e+00
1.048533333333333317e+00,1.000000000000000021e-03,0.000000000000000000e+00
1.051039999999999974e+00,1.000000000000000021e-03,0.000000000000000000e+00
1.053546666666666631e+00,1.000000000000000021e-03,0.000000000000000000e+00
1.056053333333333288e+00,1.000000000000000021e-03,0.000000000000000000e+00
1.058559999999999945e+00,1.000000000000000021e-03,0.000000000000000000e+00
1.061066666666666602e+00,1.000000000000000021e-03,0.000000000000000000e+00
1.063573333333333260e+00,1.000000000000000021e-03,0.000000000000000000e+00
1.066079999999999917e+00,1.000000000000000021e-03,0.000000000000000000e+00
1.068586666666666574e+00,1.000000000000000021e-03,0.000000000000000000e+00
1.071093333333333231e+00,1.000000000000000021e-03,0.000000000000000000e+00
1.073599999999999888e+00,1.000000000000000021e-03,0.000000000000000000e+00
1.076106666666666545e+00,1.000000000000000021e-03,0.000000000000000000e+00
1.078613333333333202e+00,1.000000000000000021e-03,0.000000000000000000e+00
1.081119999999999859e+00,1.000000000000000021e-03,0.000000000000000000e+00
1.083626666666666516e+00,1.000000000000000021e-03,0.000000000000000000e+00
1.086133333333333395e+00,1.000000000000000021e-03,0.000000000000000000e+00
1.088640000000000052e+00,1.000000000000000021e-03,0.000000000000000000e+00
1.091146666666666709e+00,1.000000000000000021e-03,0.000000000000000000e+00
1.093653333333333366e+00,1.000000000000000021e-03,0.000000000000000000e+00
1.096160000000000023e+00,1.000000000000000021e-03,0.000000000000000000e+00
1.098666666666666680e+00,1.000000000000000021e-03,0.000000000000000000e+00
1.101173333333333337e+00,1.000000000000000021e-03,0.000000000000000000e+00
1.103679999999999994e+00,1.000000000000000021e-03,0.000000000000000000e+00
1.106186666666666651e+00,1.000000000000000021e-03,0.000000000000000000e+00
1.108693333333333308e+00,1.000000000000000021e-03,0.000000000000000000e+00
1.111199999999999966e+00,1.000000000000000021e-03,0.000000000000000000e+00
1.113706666666666623e+00,1.000000000000000021e-03,0.000000000000000000e+00
1.116213333333333280e+00,1.000000000000000021e-03,0.000000000000000000e+00
1.118719999999999937e+00,1.000000000000000021e-03,0.000000000000000000e+00
1.121226666666666594e+00,1.000000000000000021e-03,0.000000000000000000e+00
1.123733333333333251e+00,1.000000000000000021e-03,0.000000000000000000e+00
1.126239999999999908e+00,1.000000000000000021e-03,0.000000000000000000e+00
1.128746666666666565e+00,1.000000000000000021e-03,0.000000000000000000e+00
1.131253333333333222e+00,1.000000000000000021e-03,0.000000000000000000e+00
1.133759999999999879e+00,1.000000000000000021e-03,0.000000000000000000e+00
1.136266666666666536e+00,1.000000000000000021e-03,0.000000000000000000e+00
1.138773333333333193e+00,1.000000000000000021e-03,0.000000000000000000e+00
1.141279999999999850e+00,1.000000000000000021e-03,0.000000000000000000e+00
1.143786666666666507e+00,1.000000000000000021e-03,0.000000000000000000e+00
1.146293333333333386e+00,1.000000000000000021e-03,0.000000000000000000e+00
1.148800000000000043e+00,1.000000000000000021e-03,0.000000000000000000e+00
1.151306666666666700e+00,1.000000000000000021e-03,0.000000000000000000e+00
1.153813333333333357e+00,1.000000000000000021e-03,0.000000000000000000e+00
1.156320000000000014e+00,1.000000000000000021e-03,0.000000000000000000e+00
1.158826666666666672e+00,1.000000000000000021e-03,0.000000000000000000e+00
1.161333333333333329e+00,1.000000000000000021e-03,0.000000000000000000e+00
1.163839999999999986e+00,1.000000000000000021e-03,0.000000000000000000e+00
1.166346666666666643e+00,1.000000000000000021e-03,0.000000000000000000e+00
1.168853333333333300e+00,1.000000000000000021e-03,0.000000000000000000e+00
1.171359999999999957e+00,1.000000000000000021e-03,0.000000000000000000e+00
1.173866666666666614e+00,1.000000000000000021e-03,0.000000000000000000e+00
1.176373333333333271e+00,1.000000000000000021e-03,0.000000000000000000e+00
1.178879999999999928e+00,1.000000000000000021e-03,0.000000000000000000e+00
1.181386666666666585e+00,1.000000000000000021e-03,0.000000000000000000e+00
1.183893333333333242e+00,1.000000000000000021e-03,0.000000000000000000e+00
1.186399999999999899e+00,1.000000000000000021e-03,0.000000000000000000e+00
1.188906666666666556e+00,1.000000000000000021e-03,0.000000000000000000e+00
1.191413333333333213e+00,1.000000000000000021e-03,0.000000000000000000e+00
1.193919999999999870e+00,1.000000000000000021e-03,0.000000000000000000e+00
1.196426666666666527e+00,1.000000000000000021e-03,0.000000000000000000e+00
1.198933333333333184e+00,1.000000000000000021e-03,0.000000000000000000e+00
1.201439999999999841e+00,1.000000000000000021e-03,0.000000000000000000e+00
1.203946666666666721e+00,1.000000000000000021e-03,0.000000000000000000e+00
1.206453333333333378e+00,1.000000000000000021e-03,0.000000000000000000e+00
1.208960000000000035e+00,1.000000000000000021e-03,0.000000000000000000e+00
1.211466666666666692e+00,1.000000000000000021e-03,0.000000000000000000e+00
1.213973333333333349e+00,1.000000000000000021e-03,0.000000000000000000e+00
1.216480000000000006e+00,1.000000000000000021e-03,0.000000000000000000e+00
1.218986666666666663e+00,1.000000000000000021e-03,0.000000000000000000e+00
1.221493333333333320e+00,1.000000000000000021e-03,0.000000000000000000e+00
1.223999999999999977e+00,1.000000000000000021e-03,0.000000000000000000e+00
1.226506666666666634e+00,1.000000000000000021e-03,0.000000000000000000e+00
1.229013333333333291e+00,1.000000000000000021e-03,0.000000000000000000e+00
1.231519999999999948e+00,1.000000000000000021e-03,0.000000000000000000e+00
1.234026666666666605e+00,1.000000000000000021e-03,0.000000000000000000e+00
1.236533333333333262e+00,1.000000000000000021e-03,0.000000000000000000e+00
1.239039999999999919e+00,1.000000000000000021e-03,0.000000000000000000e+00
1.241546666666666576e+00,1.000000000000000021e-03,0.000000000000000000e+00
1.244053333333333233e+00,1.000000000000000021e-03,0.000000000000000000e+00
1.246559999999999890e+00,1.000000000000000021e-03,0.000000000000000000e+00
1.249066666666666547e+00,1.000000000000000021e-03,0.000000000000000000e+00
1.251573333333333204e+00,1.000000000000000021e-03,0.000000000000000000e+00
1.254079999999999862e+00,1.000000000000000021e-03,0.000000000000000000e+00
1.256586666666666519e+00,1.000000000000000021e-03,0.000000000000000000e+00
1.259093333333333176e+00,1.000000000000000021e-03,0.000000000000000000e+00
1.261600000000000055e+00,1.000000000000000021e-03,0.000000000000000000e+00
1.264106666666666712e+00,1.000000000000000021e-03,0.000000000000000000e+00
1.266613333333333369e+00,1.000000000000000021e-03,0.000000000000000000e+00
1.269120000000000026e+00,1.000000000000000021e-03,0.000000000000000000e+00
1.271626666666666683e+00,1.000000000000000021e-03,0.000000000000000000e+00
1.274133333333333340e+00,1.000000000000000021e-03,0.000000000000000000e+00
1.276639999999999997e+00,1.000000000000000021e-03,0.000000000000000000e+00
1.279146666666666654e+00,1.000000000000000021e-03,0.000000000000000000e+00
1.281653333333333311e+00,1.000000000000000021e-03,0.000000000000000000e+00
1.284159999999999968e+00,1.000000000000000021e-03,0.000000000000000000e+00
1.286666666666666625e+00,1.000000000000000021e-03,0.000000000000000000e+00
1.289173333333333282e+00,1.000000000000000021e-03,0.000000000000000000e+00
1.291679999999999939e+00,1.000000000000000021e-03,0.000000000000000000e+00
1.294186666666666596e+00,1.000000000000000021e-03,0.000000000000000000e+00
1.296693333333333253e+00,1.000000000000000021e-03,0.000000000000000000e+00
1.299199999999999910e+00,1.000000000000000021e-03,0.000000000000000000e+00
1.301706666666666568e+00,1.000000000000000021e-03,0.000000000000000000e+00
1.304213333333333225e+00,1.000000000000000021e-03,0.000000000000000000e+00
1.306720000000000104e+00,1.000000000000000021e-03,0.000000000000000000e+00
1.309226666666666761e+00,1.000000000000000021e-03,0.000000000000000000e+00
1.311733333333333418e+00,1.000000000000000021e-03,0.000000000000000000e+00
1.314240000000000075e+00,1.000000000000000021e-03,0.000000000000000000e+00
1.316746666666666732e+00,1.000000000000000021e-03,0.000000000000000000e+00
1.319253333333333389e+00,1.000000000000000021e-03,0.000000000000000000e+00
1.321760000000000046e+00,1.000000000000000021e-03,0.000000000000000000e+00
1.324266666666666703e+00,1.000000000000000021e-03,0.000000000000000000e+00
1.326773333333333360e+00,1.000000000000000021e-03,0.000000000000000000e+00
1.329280000000000017e+00,1.000000000000000021e-03,0.000000000000000000e+00
1.331786666666666674e+00,1.000000000000000021e-03,0.000000000000000000e+00
1.334293333333333331e+00,1.000000000000000021e-03,0.000000000000000000e+00
1.336799999999999988e+00,1.000000000000000021e-03,0.000000000000000000e+00
1.339306666666666645e+00,1.000000000000000021e-03,0.000000000000000000e+00
1.341813333333333302e+00,1.000000000000000021e-03,0.000000000000000000e+00
1.344319999999999959e+00,1.000000000000000021e-03,0.000000000000000000e+00
1.346826666666666616e+00,1.000000000000000021e-03,0.000000000000000000e+00
1.349333333333333274e+00,1.000000000000000021e-03,0.000000000000000000e+00
1.351839999999999931e+00,1.000000000000000021e-03,0.000000000000000000e+00
1.354346666666666588e+00,1.000000000000000021e-03,0.000000000000000000e+00
1.356853333333333245e+00,1.000000000000000021e-03,0.000000000000000000e+00
1.359359999999999902e+00,1.000000000000000021e-03,0.000000000000000000e+00
1.361866666666666559e+00,1.000000000000000021e-03,0.000000000000000000e+00
1.364373333333333438e+00,1.000000000000000021e-03,0.000000000000000000e+00
1.366880000000000095e+00,1.000000000000000021e-03,0.000000000000000000e+00
1.369386666666666752e+00,1.000000000000000021e-03,0.000000000000000000e+00
1.371893333333333409e+00,1.000000000000000021e-03,0.000000000000000000e+00
1.374400000000000066e+00,1.000000000000000021e-03,0.000000000000000000e+00
1.376906666666666723e+00,1.000000000000000021e-03,0.000000000000000000e+00
1.379413333333333380e+00,1.000000000000000021e-03,0.000000000000000000e+00
1.381920000000000037e+00,1.000000000000000021e-03,0.000000000000000000e+00
1.384426666666666694e+00,1.000000000000000021e-03,0.000000000000000000e+00
1.386933333333333351e+00,1.000000000000000021e-03,0.000000000000000000e+00
1.389440000000000008e+00,1.000000000000000021e-03,0.000000000000000000e+00
1.391946666666666665e+00,1.000000000000000021e-03,0.000000000000000000e+00
1.394453333333333322e+00,1.000000000000000021e-03,0.000000000000000000e+00
1.396959999999999980e+00,1.000000000000000021e-03,0.000000000000000000e+00
1.399466666666666637e+00,1.000000000000000021e-03,0.000000000000000000e+00
1.401973333333333294e+00,1.000000000000000021e-03,0.000000000000000000e+00
1.404479999999999951e+00,1.000000000000000021e-03,0.000000000000000000e+00
1.406986666666666608e+00,1.000000000000000021e-03,0.000000000000000000e+00
1.409493333333333265e+00,1.000000000000000021e-03,0.000000000000000000e+00
1.411999999999999922e+00,1.000000000000000021e-03,0.000000000000000000e+00
1.414506666666666579e+00,1.000000000000000021e-03,0.000000000000000000e+00
1.417013333333333236e+00,1.000000000000000021e-03,0.000000000000000000e+00
1.419519999999999893e+00,1.000000000000000021e-03,0.000000000000000000e+00
1.422026666666666772e+00,1.000000000000000021e-03,0.000000000000000000e+00
1.424533333333333429e+00,1.000000000000000021e-03,0.000000000000000000e+00
1.427040000000000086e+00,1.000000000000000021e-03,0.000000000000000000e+00
1.429546666666666743e+00,1.000000000000000021e-03,0.000000000000000000e+00
1.432053333333333400e+00,1.000000000000000021e-03,0.000000000000000000e+00
1.434560000000000057e+00,1.000000000000000021e-03,0.000000000000000000e+00
1.437066666666666714e+00,1.000000000000000021e-03,0.000000000000000000e+00
1.439573333333333371e+00,1.000000000000000021e-03,0.000000000000000000e+00
1.442080000000000028e+00,1.000000000000000021e-03,0.000000000000000000e+00
1.444586666666666686e+00,1.000000000000000021e-03,0.000000000000000000e+00
1.447093333333333343e+00,1.000000000000000021e-03,0.000000000000000000e+00
1.449600000000000000e+00,1.000000000000000021e-03,0.000000000000000000e+00
1.452106666666666657e+00,1.000000000000000021e-03,0.000000000000000000e+00
1.454613333333333314e+00,1.000000000000000021e-03,0.000000000000000000e+00
1.457119999999999971e+00,1.000000000000000021e-03,0.000000000000000000e+00
1.459626666666666628e+00,1.000000000000000021e-03,0.000000000000000000e+00
1.462133333333333285e+00,1.000000000000000021e-03,0.000000000000000000e+00
1.464639999999999942e+00,1.000000000000000021e-03,0.000000000000000000e+00
1.467146666666666599e+00,1.000000000000000021e-03,0.000000000000000000e+00
1.469653333333333256e+00,1.000000000000000021e-03,0.000000000000000000e+00
1.472159999999999913e+00,1.000000000000000021e-03,0.000000000000000000e+00
1.474666666666666570e+00,1.000000000000000021e-03,0.000000000000000000e+00
1.477173333333333227e+00,1.000000000000000021e-03,0.000000000000000000e+00
1.479679999999999884e+00,1.000000000000000021e-03,0.000000000000000000e+00
1.482186666666666763e+00,1.000000000000000021e-03,0.000000000000000000e+00
1.484693333333333420e+00,1.000000000000000021e-03,0.000000000000000000e+00
1.487200000000000077e+00,1.000000000000000021e-03,0.000000000000000000e+00
1.489706666666666734e+00,1.000000000000000021e-03,0.000000000000000000e+00
1.492213333333333392e+00,1.000000000000000021e-03,0.000000000000000000e+00
1.494720000000000049e+00,1.000000000000000021e-03,0.000000000000000000e+00
1.497226666666666706e+00,1.000000000000000021e-03,0.000000000000000000e+00
1.499733333333333363e+00,1.000000000000000021e-03,0.000000000000000000e+00
1.502240000000000020e+00,1.000000000000000021e-03,0.000000000000000000e+00
1.504746666666666677e+00,1.000000000000000021e-03,0.000000000000000000e+00
1.507253333333333334e+00,1.000000000000000021e-03,0.000000000000000000e+00
1.509759999999999991e+00,1.000000000000000021e-03,0.000000000000000000e+00
1.512266666666666648e+00,1.000000000000000021e-03,0.000000000000000000e+00
1.514773333333333305e+00,1.000000000000000021e-03,0.000000000000000000e+00
1.517279999999999962e+00,1.000000000000000021e-03,0.000000000000000000e+00
1.519786666666666619e+00,1.000000000000000021e-03,0.000000000000000000e+00
1.522293333333333276e+00,1.000000000000000021e-03,0.000000000000000000e+00
1.524799999999999933e+00,1.000000000000000021e-03,0.000000000000000000e+00
1.527306666666666590e+00,1.000000000000000021e-03,0.000000000000000000e+00
1.529813333333333247e+00,1.000000000000000021e-03,0.000000000000000000e+00
1.532319999999999904e+00,1.000000000000000021e-03,0.000000000000000000e+00
1.534826666666666561e+00,1.000000000000000021e-03,0.000000000000000000e+00
1.537333333333333218e+00,1.000000000000000021e-03,0.000000000000000000e+00
1.539840000000000098e+00,1.000000000000000021e-03,0.000000000000000000e+00
1.542346666666666755e+00,1.000000000000000021e-03,0.000000000000000000e+00
1.544853333333333412e+00,1.000000000000000021e-03,0.000000000000000000e+00
1.547360000000000069e+00,1.000000000000000021e-03,0.000000000000000000e+00
1.549866666666666726e+00,1.000000000000000021e-03,0.000000000000000000e+00
1.552373333333333383e+00,1.000000000000000021e-03,0.000000000000000000e+00
1.554880000000000040e+00,1.000000000000000021e-03,0.000000000000000000e+00
1.557386666666666697e+00,1.000000000000000021e-03,0.000000000000000000e+00
1.559893333333333354e+00,1.000000000000000021e-03,0.000000000000000000e+00
1.562400000000000011e+00,1.000000000000000021e-03,0.000000000000000000e+00
1.564906666666666668e+00,1.000000000000000021e-03,0.000000000000000000e+00
1.567413333333333325e+00,1.000000000000000021e-03,0.000000000000000000e+00
1.569919999999999982e+00,1.000000000000000021e-03,0.000000000000000000e+00
1.572426666666666639e+00,1.000000000000000021e-03,0.000000000000000000e+00
1.574933333333333296e+00,1.000000000000000021e-03,0.000000000000000000e+00
1.577439999999999953e+00,1.000000000000000021e-03,0.000000000000000000e+00
1.579946666666666610e+00,1.000000000000000021e-03,0.000000000000000000e+00
1.582453333333333267e+00,1.000000000000000021e-03,0.000000000000000000e+00
1.584959999999999924e+00,1.000000000000000021e-03,0.000000000000000000e+00
1.587466666666666582e+00,1.000000000000000021e-03,0.000000000000000000e+00
1.589973333333333239e+00,1.000000000000000021e-03,0.000000000000000000e+00
1.592479999999999896e+00,1.000000000000000021e-03,0.000000000000000000e+00
1.594986666666666553e+00,1.000000000000000021e-03,0.000000000000000000e+00
1.597493333333333432e+00,1.000000000000000021e-03,0.000000000000000000e+00
