-1.019999999999999934e-01,9.700000000000000289e-02,3.300000000000000155e-02
-1.000000000000000056e-01,9.700000000000000289e-02,3.899999999999999994e-02
-9.900000000000000466e-02,9.700000000000000289e-02,4.200000000000000261e-02
-9.800000000000000377e-02,9.700000000000000289e-02,4.800000000000000100e-02
-9.500000000000000111e-02,9.700000000000000289e-02,5.700000000000000205e-02
-9.199999999999999845e-02,9.700000000000000289e-02,6.099999999999999867e-02
-8.799999999999999489e-02,9.700000000000000289e-02,6.500000000000000222e-02
-8.300000000000000433e-02,9.700000000000000289e-02,6.800000000000000488e-02
-7.900000000000000078e-02,9.700000000000000289e-02,7.000000000000000666e-02
-7.699999999999999900e-02,9.700000000000000289e-02,6.900000000000000577e-02
-7.199999999999999456e-02,9.700000000000000289e-02,7.199999999999999456e-02
-6.400000000000000133e-02,9.700000000000000289e-02,7.299999999999999545e-02
-5.600000000000000117e-02,9.700000000000000289e-02,7.499999999999999722e-02
-4.900000000000000189e-02,9.700000000000000289e-02,7.599999999999999811e-02
-4.700000000000000011e-02,9.700000000000000289e-02,7.699999999999999900e-02
-4.100000000000000172e-02,9.700000000000000289e-02,7.699999999999999900e-02
-3.899999999999999994e-02,9.700000000000000289e-02,7.599999999999999811e-02
-3.200000000000000067e-02,9.700000000000000289e-02,7.499999999999999722e-02
-2.500000000000000139e-02,9.700000000000000289e-02,7.199999999999999456e-02
-2.100000000000000130e-02,9.700000000000000289e-02,6.700000000000000400e-02
-1.799999999999999864e-02,9.700000000000000289e-02,6.300000000000000044e-02
-1.400000000000000029e-02,9.700000000000000289e-02,5.700000000000000205e-02
-1.200000000000000025e-02,9.700000000000000289e-02,5.299999999999999850e-02
-1.099999999999999936e-02,9.700000000000000289e-02,5.399999999999999939e-02
-8.000000000000000167e-03,9.700000000000000289e-02,4.900000000000000189e-02
-5.000000000000000104e-03,9.700000000000000289e-02,4.299999999999999656e-02
-0.000000000000000000e+00,9.700000000000000289e-02,3.300000000000000155e-02
-0.000000000000000000e+00,9.700000000000000289e-02,4.100000000000000172e-02
0.000000000000000000e+00,9.700000000000000289e-02,3.500000000000000333e-02
1.000000000000000021e-03,9.700000000000000289e-02,4.800000000000000100e-02
3.000000000000000062e-03,9.700000000000000289e-02,3.799999999999999906e-02
4.000000000000000083e-03,9.700000000000000289e-02,4.399999999999999745e-02
6.000000000000000125e-03,9.700000000000000289e-02,4.900000000000000189e-02
8.000000000000000167e-03,9.700000000000000289e-02,5.700000000000000205e-02
1.099999999999999936e-02,9.700000000000000289e-02,6.400000000000000133e-02
1.299999999999999940e-02,9.700000000000000289e-02,6.700000000000000400e-02
1.600000000000000033e-02,9.700000000000000289e-02,7.099999999999999367e-02
2.400000000000000050e-02,9.700000000000000289e-02,7.399999999999999634e-02
3.200000000000000067e-02,9.700000000000000289e-02,7.599999999999999811e-02
3.599999999999999728e-02,9.700000000000000289e-02,7.699999999999999900e-02
4.000000000000000083e-02,9.700000000000000289e-02,7.799999999999999989e-02
4.800000000000000100e-02,9.700000000000000289e-02,7.900000000000000078e-02
5.700000000000000205e-02,9.700000000000000289e-02,7.900000000000000078e-02
6.500000000000000222e-02,9.700000000000000289e-02,7.900000000000000078e-02
7.199999999999999456e-02,9.700000000000000289e-02,7.900000000000000078e-02
7.699999999999999900e-02,9.700000000000000289e-02,7.699999999999999900e-02
7.799999999999999989e-02,9.700000000000000289e-02,7.799999999999999989e-02
8.200000000000000344e-02,9.700000000000000289e-02,7.499999999999999722e-02
8.599999999999999312e-02,9.700000000000000289e-02,7.099999999999999367e-02
8.999999999999999667e-02,9.700000000000000289e-02,6.600000000000000311e-02
9.400000000000000022e-02,9.700000000000000289e-02,6.199999999999999956e-02
9.800000000000000377e-02,9.700000000000000289e-02,5.800000000000000294e-02
1.039999999999999952e-01,9.700000000000000289e-02,5.700000000000000205e-02
1.100000000000000006e-01,9.700000000000000289e-02,5.999999999999999778e-02
1.130000000000000032e-01,9.700000000000000289e-02,6.300000000000000044e-02
1.199999999999999956e-01,9.700000000000000289e-02,6.600000000000000311e-02
1.290000000000000036e-01,9.700000000000000289e-02,6.800000000000000488e-02
1.360000000000000098e-01,9.700000000000000289e-02,6.800000000000000488e-02
1.380000000000000115e-01,9.700000000000000289e-02,6.900000000000000577e-02
1.449999999999999900e-01,9.700000000000000289e-02,6.800000000000000488e-02
1.449999999999999900e-01,9.700000000000000289e-02,6.900000000000000577e-02
1.529999999999999971e-01,9.700000000000000289e-02,6.800000000000000488e-02
1.610000000000000042e-01,9.700000000000000289e-02,6.700000000000000400e-02
1.680000000000000104e-01,9.700000000000000289e-02,6.600000000000000311e-02
1.749999999999999889e-01,9.700000000000000289e-02,6.300000000000000044e-02
1.789999999999999925e-01,9.700000000000000289e-02,5.899999999999999689e-02
1.819999999999999951e-01,9.700000000000000289e-02,5.600000000000000117e-02
1.859999999999999987e-01,9.700000000000000289e-02,5.000000000000000278e-02
1.880000000000000004e-01,9.700000000000000289e-02,4.499999999999999833e-02
1.890000000000000013e-01,9.700000000000000289e-02,4.000000000000000083e-02
1.900000000000000022e-01,9.700000000000000289e-02,3.200000000000000067e-02
1.900000000000000022e-01,9.700000000000000289e-02,2.400000000000000050e-02
2.340000000000000135e-01,9.700000000000000289e-02,2.500000000000000139e-02
2.349999999999999867e-01,9.700000000000000289e-02,3.099999999999999978e-02
2.379999999999999893e-01,9.700000000000000289e-02,3.400000000000000244e-02
2.409999999999999920e-01,9.700000000000000289e-02,3.899999999999999994e-02
2.469999999999999973e-01,9.700000000000000289e-02,4.299999999999999656e-02
2.500000000000000000e-01,9.700000000000000289e-02,4.499999999999999833e-02
2.560000000000000053e-01,9.700000000000000289e-02,4.599999999999999922e-02
2.640000000000000124e-01,9.700000000000000289e-02,4.599999999999999922e-02
2.710000000000000187e-01,9.700000000000000289e-02,4.599999999999999922e-02
2.800000000000000266e-01,9.700000000000000289e-02,4.499999999999999833e-02
2.829999999999999738e-01,9.700000000000000289e-02,4.499999999999999833e-02
2.879999999999999782e-01,9.700000000000000289e-02,4.299999999999999656e-02
2.959999999999999853e-01,9.700000000000000289e-02,3.899999999999999994e-02
2.989999999999999880e-01,9.700000000000000289e-02,3.599999999999999728e-02
3.029999999999999916e-01,9.700000000000000289e-02,3.200000000000000067e-02
3.059999999999999942e-01,9.700000000000000289e-02,2.400000000000000050e-02
